3600 4
3 62 34 50
1 10
2 31 57
4 32 65 37 42
1 29
1 73
4 37 73 72 22
6 48 72 75 35 31 64
5 28 46 28 63 0
3 56 53 57
3 43 74 39
3 54 52 85
1 35
3 57 24 80
1 39
1 71
1 33
2 12 66
1 66
6 29 39 70 68 53 56
2 64 42
0
3 52 56 78
0
0
4 52 33 59 57
0
2 82 61
0
0
1 51
2 24 37
3 24 87 62
3 22 37 43
4 87 58 44 54
1 58
1 56
1 39
3 67 27 45
2 30 64
5 77 34 33 37 63
3 46 81 86
2 41 14
3 84 79 64
3 41 46 39
4 59 43 22 67
1 80
3 100 32 45
1 100
2 34 71
2 38 62
3 97 52 56
3 35 46 51
3 60 86 41
2 12 31
4 37 59 55 35
1 54
4 55 58 42 73
1 48
6 49 90 37 46 65 44
2 56 62
2 44 51
2 69 19
1 54
2 36 11
1 82
5 68 62 39 62 66
4 13 34 40 22
1 62
4 48 8 86 72
2 58 12
1 42
6 62 51 88 77 7 55
3 78 51 67
2 25 55
3 60 54 34
2 37 68
2 78 38
2 70 42
1 31
1 23
2 46 38
1 38
3 14 55 43
1 43
3 24 72 44
1 50
0
0
1 76
2 90 20
3 44 61 64
2 56 38
3 56 38 62
4 29 60 60 45
4 78 40 37 46
3 68 60 16
3 69 58 91
6 38 66 48 55 43 36
2 60 61
2 42 35
1 51
1 34
3 58 47 53
0
2 48 38
2 61 44
2 55 47
1 40
5 65 49 18 64 55
5 75 46 82 35 0
1 13
3 48 55 73
3 48 26 67
1 56
3 44 61 26
1 36
3 17 54 54
2 19 50
4 72 72 39 64
2 65 32
2 55 79
1 38
0
4 12 30 37 30
3 59 33 67
1 40
2 62 28
2 16 61
3 52 24 85
0
2 20 30
0
3 66 30 50
4 25 21 39 69
1 40
2 25 46
1 46
2 65 38
1 45
4 40 63 22 23
3 20 87 46
1 35
1 51
3 63 64 46
3 80 58 61
4 67 57 75 17
3 49 75 71
4 62 43 24 57
3 24 1 47
3 48 46 52
1 30
2 45 48
2 48 61
2 78 61
4 68 39 44 36
1 57
4 35 73 36 70
2 50 8
4 48 57 76 27
2 65 76
3 68 58 24
3 36 46 55
2 61 53
2 51 24
6 61 24 4 48 42 37
2 25 57
2 49 47
2 66 38
4 60 34 31 24
3 62 58 40
2 54 57
2 38 20
2 54 32
2 19 39
2 24 56
3 10 54 61
1 69
6 24 63 57 90 74 42
4 55 88 80 48
3 43 22 61
1 98
0
0
2 43 39
2 47 86
5 46 55 28 59 36
2 45 25
3 50 4 24
4 72 27 50 37
3 49 48 17
5 77 48 33 28 57
0
2 38 80
1 65
2 67 41
2 24 49
3 71 17 37
1 58
3 66 53 61
1 54
2 41 60
2 74 38
1 32
10 58 34 72 55 50 32 69 46 61 20
2 35 31
0
4 15 29 73 57
3 46 25 35
0
2 29 48
2 52 73
4 75 40 36 40
0
6 39 49 33 44 50 30
3 58 78 77
2 22 58
3 27 59 70
3 34 25 56
2 90 87
2 4 47
1 50
2 88 85
3 65 23 56
4 34 28 49 45
6 37 32 54 77 44 46
2 28 33
2 53 20
1 34
1 54
1 24
1 69
5 40 79 36 36 70
4 46 49 51 33
2 76 40
1 44
3 37 38 71
4 74 16 69 61
1 64
3 67 53 61
1 23
1 43
1 43
4 37 59 10 53
0
2 46 30
7 46 76 83 74 40 79 44
4 39 61 47 63
5 28 44 44 67 18
2 53 52
3 66 27 70
3 19 51 63
0
0
4 55 50 22 71
5 52 42 72 27 70
0
1 28
2 58 41
2 29 60
2 68 51
6 30 37 61 89 76 71
2 28 47
6 16 54 52 49 37 27
2 70 26
1 49
1 42
3 87 72 40
2 42 34
2 46 84
3 66 40 34
2 89 71
2 21 42
0
2 80 61
1 19
3 54 55 85
3 69 39 66
2 48 69
2 17 34
4 95 18 57 38
3 50 97 49
4 84 59 61 18
3 55 42 23
3 27 49 59
1 56
0
4 46 63 53 45
1 14
4 74 71 30 17
2 32 22
0
2 30 26
5 47 31 19 16 43
3 12 42 17
2 39 29
0
2 38 55
0
3 40 28 45
0
2 75 74
4 59 32 55 32
2 54 8
2 48 20
1 44
2 48 52
5 40 51 21 62 31
3 52 71 24
1 71
4 54 39 79 59
5 49 54 27 50 63
3 26 70 50
3 0 83 34
4 38 54 83 78
2 48 66
3 87 57 54
3 21 36 39
1 51
3 72 63 53
4 62 64 76 62
0
0
2 39 50
4 52 24 30 70
3 66 54 53
6 51 86 88 45 5 41
0
3 55 50 47
4 49 22 33 85
1 50
4 44 73 52 72
2 48 30
4 48 26 57 23
6 44 53 58 49 38 34
0
2 32 45
4 55 41 36 55
3 59 16 51
1 70
1 48
2 39 96
3 20 24 60
1 43
1 56
2 58 7
3 29 35 50
2 32 77
3 52 54 29
5 50 83 74 57 17
0
2 62 23
2 34 74
5 56 58 59 70 69
1 28
3 44 32 68
5 20 51 56 57 46
1 53
4 38 33 64 71
2 7 27
3 56 50 51
4 13 90 51 49
2 37 52
2 50 47
3 58 69 80
1 44
1 69
4 27 56 47 49
2 59 24
5 47 48 36 47 87
6 32 41 67 69 94 35
2 68 35
0
3 65 62 50
1 62
5 99 81 36 59 51
2 41 27
2 41 85
0
0
2 34 65
1 52
4 18 54 47 23
1 60
2 40 67
5 60 50 43 61 30
0
1 30
6 26 43 20 21 63 23
2 39 83
2 59 41
3 41 53 30
0
0
3 71 47 41
4 59 28 70 55
6 59 50 42 26 41 41
2 87 87
1 63
3 60 51 41
3 49 48 31
7 53 55 32 39 15 62 52
4 30 27 71 38
0
6 47 41 42 39 46 47
2 42 44
2 13 7
2 40 19
5 74 40 61 60 47
2 44 46
2 78 58
2 42 61
2 89 73
3 38 81 86
3 64 59 39
1 26
0
4 58 48 36 75
2 62 52
3 48 62 70
2 47 79
0
1 78
4 48 19 51 10
2 57 38
7 17 56 47 71 46 56 61
1 70
4 38 44 8 64
2 53 22
3 86 49 70
3 66 52 60
1 32
3 62 25 52
3 66 40 63
2 63 57
3 53 86 78
1 47
2 28 50
1 45
2 35 61
2 46 37
3 90 42 37
3 46 52 61
2 53 72
4 63 64 34 65
3 45 24 30
6 76 38 39 11 25 62
4 61 72 65 40
4 28 73 64 34
2 15 43
2 34 31
0
0
2 47 63
3 63 67 41
3 60 34 50
2 37 23
0
1 14
2 41 84
4 55 53 30 68
1 11
3 45 36 46
0
2 53 57
4 88 53 70 69
2 64 62
4 48 39 78 56
0
4 36 36 51 74
1 42
4 33 49 19 75
2 88 100
2 19 81
5 79 44 0 99 73
5 57 77 58 38 60
3 21 46 19
0
3 62 71 85
2 17 60
1 57
3 48 66 96
3 89 29 40
3 7 78 73
4 35 67 37 58
2 63 63
3 80 49 63
1 15
1 52
1 55
1 69
3 62 35 38
5 61 17 48 37 24
4 72 70 31 56
4 48 26 43 50
6 57 52 35 33 43 79
2 56 57
1 68
2 37 77
5 45 57 45 74 37
3 49 45 54
3 63 58 30
5 40 82 25 53 19
2 48 12
5 22 97 45 35 72
3 34 59 40
2 33 14
4 24 19 51 53
1 32
2 66 76
1 66
5 54 53 39 42 28
1 48
3 24 49 57
0
1 34
3 42 29 43
3 29 51 28
1 51
2 40 66
1 59
3 66 48 29
2 62 64
0
3 67 62 49
2 31 16
0
4 41 56 46 55
3 49 55 39
2 29 4
2 30 42
2 32 64
3 72 4 9
5 59 37 60 63 45
3 52 64 42
1 46
2 77 70
3 47 72 25
2 43 1
4 47 52 53 42
4 84 57 38 70
2 27 49
2 24 57
5 9 54 34 80 39
3 74 62 44
2 35 56
1 29
1 58
2 86 54
2 96 48
4 43 55 21 47
2 52 83
1 34
3 27 71 39
2 75 25
2 58 30
2 43 62
2 46 88
0
3 82 32 50
3 87 27 63
5 47 71 54 97 65
2 69 52
1 51
2 47 26
5 40 66 58 68 67
2 50 51
7 54 60 37 71 29 51 43
1 35
0
0
4 32 60 61 6
2 41 49
4 2 33 40 59
2 8 19
2 30 58
5 47 86 39 24 53
2 57 55
2 41 64
5 36 68 41 34 69
1 88
1 47
0
3 53 71 67
5 18 25 63 67 52
0
2 47 82
3 39 31 35
1 28
5 11 54 63 54 43
1 43
2 39 23
0
3 45 46 52
2 55 70
3 29 42 33
2 61 43
2 41 75
2 54 45
2 79 33
3 68 37 36
0
3 54 48 39
9 42 30 58 56 54 37 51 45 23
4 37 47 37 58
2 45 45
4 59 47 57 67
4 68 55 50 8
5 53 63 37 65 71
1 57
1 63
4 69 50 47 55
5 65 31 77 48 79
1 44
4 56 77 46 80
4 13 76 23 0
2 52 60
2 51 47
3 50 71 89
1 51
5 43 44 63 25 24
2 67 75
1 38
1 59
2 16 57
4 63 5 77 24
1 81
2 60 46
2 76 49
4 38 71 80 36
2 46 60
2 22 48
1 47
3 44 83 34
2 47 35
3 50 32 60
5 45 92 56 40 89
1 14
2 54 58
4 36 45 51 29
4 68 45 47 23
2 58 39
4 56 65 9 20
2 100 19
2 40 41
2 59 50
1 15
2 51 24
3 58 67 73
3 48 40 25
3 63 58 50
2 95 73
1 49
2 55 50
3 50 35 75
1 71
2 50 62
4 56 51 79 33
2 54 79
0
4 53 47 62 55
2 30 51
1 36
2 29 12
0
4 68 40 58 15
2 18 70
0
5 43 40 20 41 52
1 29
1 43
5 25 27 54 35 36
4 63 99 47 74
0
3 42 77 60
0
1 29
3 56 64 62
2 60 61
0
3 43 39 43
3 47 78 69
1 54
3 60 23 56
3 43 64 51
7 59 58 41 66 73 58 55
2 58 60
3 91 60 34
4 61 52 17 66
4 47 81 29 51
0
4 62 14 13 49
2 43 32
3 69 48 78
3 28 44 64
5 73 61 56 25 61
3 68 35 34
1 41
4 54 91 74 75
5 47 64 47 44 64
0
2 51 46
0
5 25 34 60 45 50
2 61 8
1 22
3 45 77 57
4 49 59 65 49
3 49 46 51
2 55 23
2 41 46
0
1 28
5 1 56 56 18 45
2 56 65
2 45 62
1 75
1 32
1 55
3 45 54 41
2 54 70
2 43 41
4 19 40 55 52
0
2 42 72
4 57 25 52 43
0
5 32 49 62 69 50
2 75 64
2 79 87
2 45 49
6 50 40 44 36 25 82
1 56
3 53 12 43
1 22
3 79 56 47
0
4 58 47 58 48
3 65 55 42
0
1 57
2 43 24
1 51
2 37 48
0
3 52 64 38
2 48 64
4 23 77 56 46
0
4 76 60 55 44
1 37
3 25 47 44
3 43 50 14
0
2 80 46
2 52 42
4 26 53 81 24
3 33 38 40
3 52 48 48
1 47
2 42 89
7 46 55 56 48 52 49 63
3 33 65 90
0
1 19
2 38 17
3 62 36 62
2 52 68
4 34 53 51 65
4 72 47 90 70
5 51 60 71 51 73
0
6 87 30 57 40 72 40
4 72 60 68 26
4 9 55 70 47
0
3 42 71 70
0
1 58
3 56 34 20
2 40 40
2 31 49
3 34 40 55
0
4 41 59 49 57
2 53 47
1 63
3 23 39 50
2 11 61
1 64
0
3 38 34 61
1 32
3 16 42 25
0
2 0 46
4 57 77 29 54
1 90
3 25 64 49
1 40
2 74 46
4 37 67 92 60
3 50 67 68
0
2 37 37
2 28 14
4 56 40 55 26
4 78 54 38 81
3 34 28 75
2 33 33
0
2 78 50
3 17 42 44
2 50 14
2 31 58
0
3 51 78 56
2 85 41
2 81 40
3 18 60 75
4 61 50 36 42
4 50 64 46 23
3 56 55 28
0
2 49 43
2 46 48
4 67 51 64 73
2 77 43
4 63 27 53 72
1 84
2 78 73
4 74 58 51 67
2 40 78
4 53 45 20 23
3 44 12 66
4 39 33 64 61
4 69 62 42 45
1 71
1 45
1 35
0
2 6 41
3 41 45 34
1 83
4 80 57 33 58
1 82
3 23 60 40
1 53
4 52 20 57 29
2 31 58
1 37
3 45 32 84
5 40 74 56 47 43
0
1 81
10 26 36 61 34 60 73 83 67 62 54
3 75 36 83
1 47
1 65
5 44 90 29 51 57
3 50 71 49
2 33 42
1 67
1 35
1 12
4 85 61 60 38
0
3 9 39 54
1 36
3 51 61 63
3 54 17 37
0
3 46 52 53
1 15
2 52 49
4 33 69 67 60
1 50
5 43 20 92 38 67
2 27 54
3 62 23 29
2 31 58
1 32
1 27
2 46 49
2 74 41
1 68
0
3 53 69 29
3 43 35 34
3 31 53 24
2 36 34
3 76 47 65
0
4 87 22 72 66
4 58 53 36 27
1 32
2 64 28
2 65 68
1 40
1 67
1 19
1 33
2 19 41
1 75
3 48 45 67
4 59 50 49 66
3 65 43 46
2 63 56
2 52 51
2 40 27
3 25 6 90
3 37 37 47
1 50
1 36
2 50 38
1 56
1 49
5 72 67 33 25 81
2 75 66
3 21 37 91
1 84
2 45 69
2 78 42
4 11 30 62 69
3 65 64 57
5 41 49 70 86 26
0
1 47
2 47 46
3 62 36 50
0
1 52
3 62 35 31
1 44
1 32
0
4 44 52 49 81
3 46 81 28
1 20
4 37 74 69 50
2 47 62
3 42 61 89
2 58 34
0
5 68 69 60 34 89
2 72 60
1 59
2 11 92
1 39
3 47 41 40
5 46 54 55 35 20
0
3 34 9 61
1 95
4 47 43 43 47
0
3 77 79 48
2 32 49
3 41 42 47
1 42
0
0
3 63 44 16
2 82 43
4 49 71 42 28
3 50 45 44
5 68 48 68 60 7
0
1 71
3 64 47 38
0
0
2 56 87
5 80 37 75 48 73
1 35
1 26
3 45 15 39
1 67
4 23 29 35 30
3 40 44 52
1 41
3 45 97 20
3 43 22 33
2 68 34
2 59 27
2 31 39
0
2 43 33
1 59
4 38 32 50 53
1 28
2 34 70
3 63 82 51
0
2 54 18
2 68 39
5 29 60 29 50 45
3 61 65 50
2 16 43
0
0
2 46 39
5 43 49 46 20 36
0
2 77 39
1 22
2 75 37
2 39 35
5 32 20 61 67 20
3 74 78 24
3 8 71 55
1 34
2 17 56
2 58 45
2 47 73
4 49 65 56 69
4 51 57 68 8
2 63 30
0
5 30 12 64 72 45
3 68 51 85
2 77 47
1 92
1 67
1 62
1 44
4 61 54 54 88
0
1 27
0
2 46 23
3 35 25 36
2 24 29
4 58 43 53 39
1 40
2 44 53
3 25 77 70
2 54 50
1 66
1 72
1 41
1 79
4 54 52 74 80
2 15 45
1 64
3 53 45 68
3 35 37 89
2 59 60
2 31 55
1 71
0
1 34
3 72 73 66
1 48
3 50 40 68
2 40 64
3 67 53 60
2 77 54
3 46 61 15
2 54 33
2 60 52
2 40 35
1 47
2 16 71
1 50
0
3 36 67 43
4 34 44 64 12
4 49 80 24 47
3 21 74 56
3 28 16 38
1 48
1 31
3 50 59 64
2 45 70
2 28 58
1 46
2 6 73
3 66 55 41
2 22 36
3 55 21 43
1 31
1 20
0
5 58 48 62 56 43
2 48 28
2 34 70
0
2 68 37
1 29
0
3 38 34 54
2 45 33
2 77 85
1 31
2 94 46
3 65 23 45
0
3 79 34 61
2 61 34
1 70
2 42 71
1 88
1 55
1 57
2 30 49
3 74 50 13
2 30 35
2 21 32
0
1 37
1 43
1 45
0
0
4 65 63 62 29
2 18 60
1 67
1 25
0
2 58 36
4 48 42 52 41
1 35
1 87
2 62 50
6 66 62 43 28 50 46
4 63 57 59 40
3 50 41 27
1 61
3 41 63 43
0
2 58 46
2 79 72
1 53
0
2 48 70
4 38 53 66 44
3 58 52 65
2 72 13
1 85
2 42 57
2 77 36
0
1 43
1 71
2 67 29
1 77
3 62 28 64
0
2 94 86
1 45
4 43 58 61 56
2 34 50
4 22 53 18 45
2 88 14
2 17 48
1 45
1 40
3 41 51 12
2 69 51
3 15 45 72
0
4 50 41 60 38
1 53
4 66 26 71 40
3 8 36 65
0
1 60
2 79 19
1 65
1 68
0
0
1 54
1 69
0
0
1 35
3 40 81 78
1 36
2 43 50
2 15 54
1 65
1 97
3 23 60 80
2 12 40
3 64 60 53
1 27
2 31 59
3 36 69 55
2 62 70
1 42
0
3 36 24 59
1 39
3 10 48 73
0
2 32 57
3 54 44 2
5 29 86 32 45 61
1 66
4 41 37 66 72
3 44 45 87
2 70 29
1 75
5 61 50 29 39 53
2 32 52
0
3 75 39 44
0
3 62 46 33
1 51
1 98
1 59
1 65
1 53
1 14
3 41 75 46
1 44
1 69
1 72
2 39 18
1 44
2 80 30
3 32 38 50
2 44 45
2 56 66
5 77 65 80 59 70
1 70
2 22 63
1 49
0
5 64 40 47 53 65
0
1 49
1 96
1 54
2 76 40
3 47 30 52
1 75
2 73 62
1 56
3 47 49 45
1 50
1 33
0
0
1 33
0
0
1 36
2 73 32
3 27 27 19
2 59 61
4 77 63 82 40
1 87
0
4 45 2 42 51
5 50 75 16 55 76
1 63
1 77
3 50 47 35
1 54
1 77
2 57 57
1 80
0
0
3 32 56 78
1 20
2 71 56
1 74
1 34
5 48 38 43 33 56
4 48 86 31 20
1 45
1 43
2 58 45
1 74
3 51 55 39
0
2 32 40
0
3 86 76 64
2 47 60
0
4 44 73 25 77
1 66
3 71 43 56
4 54 28 35 62
3 14 61 4
0
2 60 66
1 40
3 43 22 86
0
0
1 11
1 16
1 36
2 36 62
4 17 61 38 43
0
1 61
1 11
1 50
1 33
0
3 40 76 33
1 77
2 49 30
1 44
2 18 22
1 38
0
1 47
2 53 33
2 54 68
0
2 46 68
0
0
3 20 78 90
1 35
1 67
2 39 47
1 55
2 45 59
1 44
1 44
0
0
1 22
1 73
7 77 45 39 63 62 58 44
3 23 41 72
5 86 59 53 47 39
2 33 34
2 53 19
1 40
1 57
1 28
2 24 83
0
1 72
1 51
1 25
3 38 43 57
3 42 56 52
0
1 50
1 15
1 39
2 50 56
2 69 34
1 23
2 37 37
3 40 74 6
0
1 28
1 55
3 43 63 69
2 31 30
1 30
2 48 60
0
1 75
2 61 81
2 50 68
0
0
1 31
0
4 76 55 45 66
0
2 64 45
2 35 34
2 75 31
3 81 64 31
2 51 21
0
0
1 28
1 38
1 80
2 41 70
2 41 56
1 71
0
3 72 45 23
2 74 35
3 46 27 51
3 71 35 74
1 63
1 38
1 19
0
1 63
1 78
0
3 27 57 33
2 63 47
4 87 27 33 43
0
1 44
1 82
3 51 58 68
0
1 45
3 80 55 15
1 55
0
2 55 7
1 36
2 46 22
0
1 32
1 62
2 26 48
2 59 42
1 66
1 53
1 50
0
0
0
2 51 94
3 46 40 23
0
2 56 67
2 52 73
3 44 22 65
1 27
3 44 54 96
1 31
1 9
0
3 64 68 44
1 84
0
3 52 58 4
3 38 0 41
1 55
1 9
1 41
2 23 58
4 62 46 86 41
0
1 28
2 37 35
0
1 72
1 4
1 82
0
0
2 50 50
1 17
1 71
1 54
1 50
0
2 68 82
0
0
2 40 71
2 24 17
0
1 60
1 47
2 62 70
0
0
0
1 44
2 55 56
2 25 64
1 78
0
2 51 36
2 58 58
0
1 49
2 64 64
0
0
1 10
1 46
5 41 38 89 42 37
3 72 28 54
1 73
2 57 39
2 10 72
1 83
3 71 49 34
3 26 79 93
0
0
1 56
0
2 60 65
2 19 38
1 81
2 61 47
0
1 61
1 52
0
1 39
0
1 22
2 47 53
4 21 51 54 50
0
3 61 57 41
1 70
0
1 45
2 88 51
0
1 43
0
0
1 39
0
6 58 44 49 9 57 71
0
1 85
1 45
1 57
0
0
1 25
0
1 77
3 37 69 99
1 66
0
1 77
1 56
1 48
3 47 42 62
1 73
1 65
0
0
3 46 50 27
0
0
0
0
3 33 22 62
2 69 50
1 72
0
3 55 53 62
1 63
0
0
3 44 46 67
2 32 27
2 65 17
0
0
2 58 60
1 93
1 53
4 57 55 51 10
1 68
0
1 27
1 51
0
0
1 33
1 64
0
2 51 76
1 61
0
1 40
0
1 45
2 78 50
1 66
2 45 50
2 23 38
2 34 66
3 67 52 66
0
1 41
1 34
0
1 49
0
0
4 69 41 49 33
1 41
1 44
0
1 56
3 60 53 35
2 46 73
1 50
1 31
1 84
3 61 51 38
0
1 56
3 19 56 39
0
1 58
1 66
0
2 59 78
1 52
1 50
0
0
1 38
1 60
0
1 62
2 79 27
1 37
0
0
1 83
1 25
1 20
0
3 27 25 35
2 42 34
0
0
0
2 82 56
0
0
1 40
1 62
1 58
1 30
0
1 24
2 83 70
3 38 48 85
1 61
2 20 26
1 70
0
1 47
0
1 24
2 35 50
1 30
0
1 55
0
0
0
2 60 45
2 43 24
0
0
2 85 80
1 57
1 51
0
3 71 28 80
1 66
0
2 51 26
1 90
1 76
1 45
0
0
1 22
1 68
2 46 52
0
1 66
1 82
2 51 76
1 26
2 57 74
2 56 45
0
1 15
1 37
0
2 38 36
1 83
0
1 37
3 45 67 75
4 64 12 20 56
0
1 73
1 74
1 56
0
0
0
0
1 36
1 45
0
0
0
1 74
1 27
0
0
2 38 62
0
3 84 26 66
0
1 71
1 55
1 78
1 47
0
1 46
1 76
1 5
2 41 50
0
1 46
0
1 19
0
1 42
1 58
1 49
1 60
1 34
0
2 42 75
1 10
2 35 28
1 49
1 47
1 75
4 50 25 64 77
1 17
0
0
1 6
0
1 29
3 37 64 41
0
0
1 61
0
0
1 64
1 57
1 80
0
1 55
1 52
0
2 73 44
0
1 63
0
0
1 53
1 58
1 43
0
2 30 76
1 50
0
1 73
0
1 30
1 34
0
0
0
1 62
1 33
1 43
1 65
0
4 41 48 64 19
1 80
0
2 36 87
2 55 73
0
0
0
0
0
2 47 31
1 57
0
2 82 81
0
0
0
1 48
0
1 20
1 89
1 64
1 55
1 67
1 64
1 69
0
1 46
1 57
0
3 74 58 62
1 13
0
0
2 54 54
0
0
0
0
1 37
0
0
1 19
0
0
1 48
0
0
0
1 76
1 59
1 33
2 82 55
2 66 81
1 72
0
0
1 48
0
1 45
0
0
2 52 42
2 46 82
0
2 64 74
1 55
0
0
0
0
1 38
1 55
0
1 57
3 67 36 43
2 60 43
1 61
0
1 46
0
0
0
1 54
1 17
0
2 86 44
1 75
1 60
1 78
0
1 41
0
1 17
0
0
2 59 89
2 34 39
0
0
1 29
1 71
0
0
0
1 37
0
1 36
0
1 45
3 67 77 25
1 79
1 39
2 40 30
0
0
0
0
2 44 33
1 70
0
0
0
0
0
0
1 59
0
1 47
0
2 16 69
0
1 62
0
1 67
2 47 49
1 10
2 43 22
1 54
3 67 59 51
1 73
2 61 48
1 38
0
0
0
0
0
1 26
0
1 51
0
0
1 59
1 29
0
2 61 64
0
1 14
0
0
0
0
2 24 65
0
0
2 51 46
0
0
1 36
0
0
0
0
0
0
1 68
0
1 35
1 4
1 32
1 61
0
1 37
0
1 57
0
0
1 93
0
0
1 70
5 64 65 55 53 56
0
0
1 9
2 41 50
0
0
0
0
0
0
0
0
0
0
0
1 77
3 28 61 51
0
0
0
0
0
0
1 61
1 71
0
1 58
2 76 65
0
0
1 8
0
2 61 75
0
1 53
0
1 46
0
0
0
0
3 65 57 73
0
0
0
0
1 71
0
1 70
0
1 24
3 38 74 62
1 38
1 38
0
0
0
0
0
1 29
0
1 49
0
1 24
0
0
1 49
0
1 69
0
1 70
1 58
1 51
1 42
1 39
2 82 38
0
0
0
1 55
0
0
1 34
0
1 43
1 73
1 69
0
0
1 30
2 29 61
0
2 48 62
0
0
0
1 37
2 44 94
1 68
0
0
0
1 83
1 66
1 58
1 52
0
0
0
1 34
1 62
1 42
0
1 49
0
0
0
0
2 69 67
3 50 68 39
0
1 38
0
0
0
0
0
0
1 69
2 20 47
1 42
1 50
0
0
1 33
0
1 60
0
1 55
0
0
0
0
0
0
1 61
1 28
0
2 60 49
0
1 33
0
0
1 67
1 43
0
1 31
2 35 48
1 61
0
2 42 38
0
0
1 43
0
0
0
0
0
1 55
0
0
1 51
0
0
0
1 5
0
1 62
0
1 47
0
1 54
1 77
0
0
1 57
0
1 8
0
0
0
1 56
1 21
0
1 49
0
0
0
2 47 11
0
1 30
2 53 69
2 52 27
1 28
0
0
0
1 15
0
0
0
0
1 65
0
1 65
2 32 65
0
1 65
0
0
0
1 86
0
0
0
0
1 68
0
0
1 41
0
0
0
2 54 39
0
0
0
0
0
1 47
0
1 68
0
0
2 73 77
0
2 44 58
0
1 55
0
1 60
1 41
0
1 76
1 63
0
1 46
1 52
0
2 25 84
0
0
3 85 46 43
1 36
0
0
2 27 69
0
1 70
0
0
0
0
2 49 51
0
0
0
0
0
0
0
0
2 63 59
0
0
0
1 23
1 60
0
0
0
0
0
0
0
3 62 42 46
0
0
3 78 39 41
1 59
0
0
0
1 43
0
0
0
1 72
1 27
0
1 59
0
1 40
1 84
0
1 74
2 57 36
1 41
0
0
0
0
1 54
1 63
0
0
0
2 43 57
1 13
0
1 50
0
0
1 54
0
1 70
0
1 63
0
0
0
1 57
1 72
0
1 43
0
1 42
1 47
1 42
1 37
0
0
1 49
1 87
0
1 62
0
1 74
1 32
0
1 41
0
0
0
0
0
0
0
0
1 67
1 59
0
0
1 45
4 49 60 23 41
0
0
0
1 58
3 64 2 28
1 25
0
1 58
0
1 67
0
1 79
0
1 22
3 21 49 88
0
0
0
0
0
1 42
0
0
0
0
0
0
0
1 56
0
0
1 34
1 48
2 59 48
1 54
0
1 68
0
1 51
1 44
0
0
0
0
1 52
1 57
1 47
0
1 69
0
0
0
0
1 32
0
1 35
1 38
0
0
1 52
0
0
2 55 60
2 14 74
0
0
1 68
1 36
0
1 54
0
1 17
3 50 1 82
1 97
0
0
0
1 28
1 38
0
0
0
1 34
2 74 56
1 89
0
1 62
0
0
0
0
0
1 34
0
1 37
0
0
0
0
4 28 55 45 61
0
1 57
0
0
2 72 21
1 2
1 24
1 57
1 46
1 27
0
1 66
1 60
2 90 45
1 30
0
0
1 17
0
0
0
0
0
3 54 50 76
0
4 34 44 62 61
0
0
1 45
0
0
0
2 50 40
0
1 57
0
0
0
0
1 72
0
0
1 54
0
0
0
1 29
0
0
3 66 45 33
0
0
0
1 43
1 78
1 40
0
0
1 79
1 39
0
0
1 30
1 29
0
0
0
2 32 38
2 46 27
0
0
0
0
0
2 68 47
2 76 39
1 34
1 39
1 63
0
1 56
1 26
0
0
0
0
0
1 51
1 38
3 55 64 36
1 50
1 45
0
1 64
0
1 41
0
0
0
2 60 63
1 31
0
0
0
2 86 48
1 13
1 79
0
0
0
0
2 48 33
1 86
2 75 85
2 31 28
2 44 54
2 62 57
1 27
0
0
2 22 40
1 66
0
1 47
0
1 47
0
1 37
0
0
0
1 70
1 58
0
1 40
0
2 58 60
2 64 78
1 62
0
1 85
1 57
4 53 72 72 48
0
0
1 41
1 56
0
0
0
1 50
0
0
0
0
2 77 52
0
0
0
0
1 43
2 59 30
1 45
1 54
1 58
1 83
0
0
0
0
0
1 85
0
0
1 53
1 46
1 58
1 39
1 56
0
0
0
1 7
0
1 7
2 28 35
0
1 45
0
2 16 21
0
0
0
1 67
1 90
1 52
1 78
3 20 53 29
1 56
2 66 47
3 20 32 47
1 16
1 36
0
2 69 42
0
2 36 29
1 54
2 46 34
0
2 97 49
0
1 47
0
2 58 75
0
2 27 31
0
1 23
1 74
0
1 40
0
1 71
1 64
1 33
0
0
3 58 52 76
0
0
0
1 78
0
2 63 49
0
0
2 21 39
1 44
1 52
1 88
2 61 44
0
0
0
0
1 45
1 54
0
1 34
0
1 61
0
1 41
1 48
0
2 42 52
0
3 33 39 63
0
3 52 53 71
0
1 43
1 24
0
1 48
0
1 40
0
1 82
3 66 50 68
5 40 16 47 39 66
0
0
1 59
0
0
2 55 43
0
1 63
1 38
1 44
1 52
0
2 50 48
0
1 95
0
0
0
2 79 50
0
0
2 65 64
3 37 61 51
2 45 49
0
0
0
0
1 50
1 73
1 48
3 43 77 44
1 54
0
0
1 53
2 44 49
1 50
2 49 71
1 48
3 47 59 82
1 55
0
1 19
1 51
0
0
1 10
2 17 38
0
1 63
1 35
1 82
0
0
0
2 78 55
0
1 61
0
0
2 63 22
0
1 37
2 69 32
1 35
2 88 64
1 56
0
1 19
0
2 68 47
2 45 21
1 60
1 76
0
2 53 59
0
1 42
2 69 57
1 35
1 35
1 46
2 47 40
2 43 25
1 21
1 77
0
1 74
0
1 39
1 34
2 31 61
0
2 61 37
1 36
0
1 41
0
1 11
1 50
0
0
0
1 16
2 59 59
1 7
1 58
0
0
2 67 53
2 41 40
0
2 31 19
0
1 59
1 20
2 34 39
1 52
2 51 55
0
0
1 42
1 48
4 40 43 66 45
1 69
3 57 74 45
0
1 37
1 63
1 51
1 45
2 55 38
2 36 92
2 37 30
0
2 30 46
0
0
1 27
1 58
3 54 39 79
0
2 47 88
1 42
1 53
3 60 40 50
0
1 43
2 78 28
1 43
1 48
1 68
2 21 2
2 47 96
1 65
2 42 54
1 63
2 63 80
1 65
0
0
0
0
0
2 46 72
0
0
0
4 73 68 29 84
2 24 46
0
1 26
3 55 74 65
1 50
1 53
2 27 62
1 67
1 50
2 40 68
0
1 21
0
1 43
0
3 72 65 12
0
1 47
2 26 74
0
2 39 50
1 52
0
2 59 82
3 66 28 9
2 12 49
0
1 63
2 98 45
1 37
4 60 30 64 30
1 55
1 57
1 49
1 24
1 36
0
1 99
3 37 66 3
2 70 37
1 61
1 29
1 62
2 64 47
1 62
0
1 57
0
1 63
2 45 4
1 67
1 46
0
1 9
1 70
2 41 61
1 60
1 29
2 11 53
2 44 54
2 70 45
3 77 52 29
2 50 37
1 57
2 39 44
1 26
2 60 63
0
1 39
1 63
1 60
0
0
1 12
1 51
0
2 39 63
0
0
3 71 63 44
1 54
1 73
1 63
1 57
0
2 35 57
1 35
2 12 53
1 50
1 60
2 36 67
2 72 68
1 25
2 33 42
0
0
2 62 42
1 45
1 39
3 42 77 54
1 52
2 61 34
1 39
1 47
2 25 42
1 47
2 50 42
2 38 56
4 45 42 46 80
2 45 67
2 20 66
1 48
0
3 40 60 85
2 2 41
2 55 66
2 28 81
1 54
0
3 42 34 17
0
2 75 32
3 79 42 78
2 35 73
1 30
2 94 34
2 45 33
0
0
1 37
0
0
0
0
1 39
1 75
1 78
0
3 41 54 21
2 43 62
0
1 37
1 7
1 61
3 49 70 27
0
2 16 25
1 22
2 68 54
2 83 34
0
2 63 64
2 52 17
1 22
0
0
1 69
0
4 17 29 65 19
1 63
2 91 13
3 53 51 41
0
1 84
3 42 61 82
2 19 61
1 39
0
2 38 71
1 43
0
1 73
5 88 55 68 27 41
2 40 42
4 78 76 11 47
4 40 84 62 66
1 84
0
0
0
2 55 44
0
0
4 21 68 55 62
2 51 55
2 72 60
1 83
0
0
0
4 26 40 47 47
1 20
2 75 40
0
0
3 51 57 45
1 80
3 27 18 56
3 64 87 62
1 18
3 24 45 33
2 50 50
0
1 56
0
3 40 25 29
1 13
2 46 56
2 40 25
0
4 51 57 61 71
3 27 35 50
1 16
1 64
3 21 54 64
2 57 66
1 62
1 64
1 20
1 49
0
0
1 75
2 10 64
0
0
2 26 71
2 52 54
1 65
0
2 80 50
1 85
0
4 45 26 50 68
2 43 64
0
5 31 41 30 58 45
3 30 76 37
1 52
1 77
1 75
0
1 27
1 66
0
1 15
1 49
1 43
2 68 30
1 34
2 49 43
2 23 32
2 27 70
1 77
2 66 33
1 72
1 54
3 45 53 60
1 35
2 72 33
2 47 40
0
3 79 39 89
3 36 32 68
1 38
2 59 65
2 31 61
1 51
3 55 41 53
3 66 80 31
2 11 24
1 44
2 28 89
1 51
1 60
1 45
3 18 20 49
4 50 58 25 44
0
1 35
2 57 49
1 38
2 56 47
1 54
2 37 55
3 60 70 84
2 66 25
3 59 28 67
1 29
1 75
1 35
1 19
0
1 59
1 42
2 57 81
1 49
2 31 76
1 22
2 50 49
3 47 39 52
0
2 39 1
0
3 59 10 31
4 50 49 62 58
0
5 76 26 42 56 53
2 68 64
3 85 48 11
1 42
0
4 52 91 56 51
1 65
1 73
3 14 51 59
3 41 59 31
1 13
0
4 18 62 32 56
2 22 96
1 76
0
1 53
3 43 50 21
1 95
0
3 10 42 78
3 42 50 28
1 4
4 69 81 68 48
2 78 39
1 44
3 39 75 59
0
2 72 59
0
3 47 25 55
0
2 41 20
2 57 60
0
1 34
3 33 41 51
1 35
2 55 47
1 22
2 34 32
4 58 29 50 73
5 54 45 73 53 60
1 55
1 46
0
5 60 56 37 35 45
1 48
2 62 76
0
0
2 39 32
2 63 77
1 83
2 52 72
2 49 61
0
3 30 44 51
2 42 50
1 34
0
2 16 81
2 60 64
1 52
1 66
5 50 26 54 49 94
5 43 56 53 16 54
2 34 60
3 16 44 35
1 83
2 88 27
2 52 63
0
1 39
4 78 53 68 25
1 63
2 28 45
1 54
3 55 48 65
3 19 25 51
2 15 57
1 17
3 32 53 51
1 49
0
2 65 59
1 35
0
3 24 90 34
2 92 53
2 40 67
1 28
2 39 22
1 49
0
2 28 32
1 53
1 8
4 87 43 15 56
2 45 64
1 26
1 18
2 71 33
2 76 82
2 30 50
3 75 37 66
2 58 33
4 59 86 22 60
2 57 28
1 37
2 44 18
0
1 36
2 43 62
0
2 44 87
2 70 27
2 69 62
3 31 47 89
2 51 56
0
2 70 45
2 89 42
1 39
3 26 24 35
2 62 39
2 69 62
2 67 61
0
1 45
2 38 33
2 44 70
2 99 66
1 49
3 63 26 39
2 36 38
3 62 52 45
0
2 45 46
4 57 12 72 59
3 54 63 43
1 49
1 37
3 77 43 53
1 57
3 38 26 43
3 26 79 61
3 65 37 47
4 54 78 86 63
2 58 56
2 24 13
2 79 27
2 52 61
1 43
0
0
1 34
2 48 10
1 30
0
2 59 54
1 87
3 56 51 66
2 47 28
0
2 43 31
1 53
1 43
2 55 47
1 48
7 49 63 55 32 59 66 83
4 29 76 74 74
3 62 17 71
0
1 39
1 57
1 52
3 14 63 36
5 59 64 22 29 76
1 42
4 40 49 61 39
2 54 45
3 29 60 28
2 58 44
3 74 47 31
1 40
1 58
2 42 38
3 68 71 38
0
0
1 40
1 31
1 87
2 61 58
1 59
4 56 63 84 60
1 26
2 67 39
4 40 28 70 43
4 47 95 72 6
4 46 56 27 12
4 62 60 37 18
0
0
2 50 39
1 44
2 24 61
2 53 20
1 60
2 75 10
3 78 27 52
0
0
2 21 44
2 80 57
2 56 53
2 59 47
3 47 72 64
3 39 25 47
2 26 64
2 11 63
1 48
3 23 24 37
1 70
2 11 63
2 72 50
3 19 41 80
2 75 47
5 36 47 72 39 30
4 56 37 41 15
4 56 20 77 47
2 41 34
1 67
2 58 43
3 74 79 47
1 96
1 95
3 14 48 65
1 65
1 67
3 57 30 37
2 61 43
0
2 53 23
1 92
1 42
1 63
1 48
2 18 54
3 54 54 70
3 50 61 38
1 52
2 33 60
2 76 47
4 87 12 60 52
3 52 56 21
0
2 23 52
1 68
3 24 56 49
3 60 54 50
4 64 32 37 77
1 48
1 58
5 32 52 12 12 61
3 26 79 56
2 100 45
3 67 49 48
1 21
2 33 78
5 42 23 72 44 29
2 32 59
3 48 74 36
3 42 39 53
0
2 12 72
0
2 23 56
3 36 51 55
1 40
1 27
0
4 25 48 66 37
3 44 58 48
0
3 91 18 9
3 70 89 65
6 24 37 66 25 35 38
1 92
1 66
1 75
1 46
2 39 49
1 68
3 34 42 15
1 12
1 8
1 40
0
0
1 69
4 13 42 40 55
2 67 32
2 67 47
0
3 39 35 62
3 37 57 44
4 34 38 77 89
2 67 50
5 71 55 66 54 35
3 48 51 68
4 18 49 56 46
3 60 43 49
1 65
0
4 35 26 40 59
0
7 57 77 38 34 61 73 83
2 16 72
1 80
8 20 61 11 25 61 66 45 50
3 28 61 60
2 78 42
2 31 62
2 43 29
1 65
3 35 42 53
2 85 65
2 59 57
2 47 35
0
1 41
1 56
2 47 63
2 71 67
1 30
2 67 59
1 38
0
1 56
5 58 52 26 18 64
3 59 58 51
3 39 22 53
1 60
2 86 35
2 50 73
2 76 41
0
4 66 79 62 43
2 74 22
3 50 45 47
6 32 62 47 44 70 56
4 48 29 27 53
3 92 84 39
6 85 43 54 33 44 78
2 62 88
1 56
2 40 89
0
2 72 80
0
2 58 60
2 52 33
2 62 40
6 18 69 36 26 38 55
2 55 33
1 27
1 43
2 49 30
1 51
3 45 41 9
3 19 58 41
2 41 39
1 62
2 42 31
4 42 31 92 89
3 32 23 63
2 24 38
4 66 22 49 30
4 59 35 21 73
1 21
2 25 9
3 35 80 46
1 18
0
0
2 44 54
2 73 25
4 52 42 49 54
1 54
1 70
5 36 54 55 70 1
