3600 4
0
0
1 50
1 27
1 73
0
0
0
0
1 39
0
1 62
0
3 27 54 88
0
2 22 81
2 49 34
3 20 81 33
0
1 67
2 42 71
2 28 49
0
0
2 20 62
0
3 65 41 88
0
2 51 57
0
2 90 41
1 52
0
0
0
1 55
3 66 64 78
1 67
1 59
1 48
1 45
1 63
1 58
0
1 65
1 69
0
0
1 44
0
3 3 43 46
1 75
3 19 74 36
1 29
1 78
0
0
1 53
2 38 62
4 33 31 14 8
1 65
1 38
2 65 24
0
0
0
0
2 36 78
0
1 62
0
3 10 58 30
0
1 53
1 45
0
1 13
0
0
2 31 25
1 49
0
1 43
2 79 10
4 63 57 72 42
3 35 79 52
0
0
1 36
0
2 49 33
0
1 31
0
1 60
1 18
1 93
3 76 34 40
3 39 21 60
1 54
1 41
2 55 46
0
2 60 47
0
1 44
1 31
1 56
2 41 46
1 64
1 48
2 38 6
1 29
1 36
2 65 64
2 45 36
2 34 66
0
2 81 58
0
1 77
0
0
1 61
0
1 86
1 20
1 66
1 43
0
1 24
1 51
1 29
0
0
0
1 56
1 65
2 19 62
2 26 65
3 71 43 55
2 61 26
3 27 48 70
0
1 74
2 58 27
3 71 52 48
2 37 62
0
1 26
1 52
1 44
2 67 44
3 54 22 15
2 50 81
1 43
0
1 14
0
1 60
1 43
2 55 81
1 65
1 68
1 46
1 38
2 34 69
0
2 82 50
1 36
0
1 40
1 60
0
2 67 74
1 23
1 29
1 57
1 57
1 44
3 43 26 14
1 45
0
1 79
1 76
1 70
1 37
2 32 44
0
2 35 41
1 44
4 55 33 56 71
0
0
2 40 57
2 62 64
2 10 47
1 43
2 39 44
0
0
1 48
1 25
0
4 79 25 62 76
1 52
1 86
0
2 49 55
0
2 49 44
2 64 21
0
2 30 57
0
2 70 42
1 58
2 71 47
1 58
2 32 45
0
1 62
1 52
1 74
1 30
0
1 63
1 54
1 47
4 53 63 74 62
1 39
3 36 49 49
0
5 42 57 76 47 39
1 56
1 46
1 56
0
2 34 28
0
2 34 72
0
0
0
0
2 34 19
3 39 54 43
1 90
3 59 37 70
2 46 24
0
1 47
2 63 41
2 50 67
3 56 37 51
2 28 49
3 54 50 11
3 46 67 27
1 49
0
0
1 64
0
3 24 45 52
0
2 88 56
4 38 26 70 61
1 71
3 17 48 65
2 29 40
3 40 34 75
0
2 60 41
0
0
2 88 34
2 55 79
0
0
0
2 52 15
2 18 88
3 56 29 53
1 45
1 41
0
2 24 58
1 57
1 57
0
3 51 92 23
1 75
0
0
2 31 32
1 74
1 75
1 42
3 42 63 55
1 63
0
1 24
2 30 71
2 66 26
1 57
1 60
1 29
1 36
2 27 27
1 66
2 52 15
2 39 35
1 62
6 30 66 63 9 81 34
2 54 54
1 67
1 86
2 72 26
0
1 31
1 51
3 51 44 63
0
3 39 71 53
0
1 63
1 73
2 50 67
1 58
3 43 47 74
0
1 87
1 41
1 68
2 21 41
2 56 40
1 43
0
1 54
2 62 24
1 46
0
3 65 58 24
2 81 58
2 75 60
2 36 67
2 13 2
1 65
1 33
2 23 36
2 50 40
1 36
1 45
1 47
1 66
1 88
2 73 78
4 31 24 40 67
1 71
1 47
2 21 33
1 42
2 48 36
1 49
1 53
3 16 0 40
0
3 27 25 95
3 58 23 30
4 60 61 58 25
4 69 71 33 32
2 83 19
1 44
1 42
2 56 13
0
2 51 62
1 50
3 31 62 72
3 24 82 18
1 37
1 66
0
1 33
2 59 13
0
0
3 49 48 61
1 20
2 49 54
1 38
0
0
3 67 60 64
3 46 79 52
0
1 67
3 72 45 68
1 17
2 43 79
1 41
1 52
0
1 39
2 46 50
1 37
2 44 27
1 64
2 42 56
4 28 54 22 56
4 53 74 62 56
2 45 67
2 65 47
3 72 54 48
0
3 45 59 55
2 61 64
2 47 70
0
1 74
1 61
1 16
0
1 44
3 73 61 28
3 71 90 59
0
3 47 73 50
0
2 35 10
5 33 45 30 46 5
2 41 40
3 31 73 33
3 44 48 64
2 5 58
1 35
4 73 42 50 54
0
1 39
1 70
1 76
1 69
2 61 42
3 84 48 65
1 54
1 39
4 69 35 49 42
2 42 66
2 37 54
1 52
3 37 20 30
0
0
0
2 70 79
0
3 27 49 69
1 56
3 30 46 46
1 38
1 40
5 50 43 7 34 29
0
3 52 51 66
2 45 43
0
2 44 50
0
1 46
2 52 74
2 74 73
2 42 55
1 93
1 74
1 61
3 58 58 82
1 38
2 40 49
4 58 56 51 28
5 54 11 56 51 61
2 72 46
2 64 52
1 75
0
1 16
2 23 60
1 3
4 49 79 28 82
1 71
1 67
2 32 87
3 65 71 85
2 51 82
0
2 56 69
4 59 62 64 45
0
1 68
1 55
0
0
1 69
3 65 94 46
1 40
1 54
3 48 81 63
1 39
1 66
2 32 63
6 11 34 40 74 91 47
0
1 24
2 57 87
2 40 15
4 58 60 34 34
1 35
1 46
2 29 60
2 35 53
1 59
2 42 56
1 36
0
1 9
3 33 32 38
2 84 37
2 69 47
1 76
2 39 28
5 16 43 45 60 60
1 58
2 53 13
4 78 54 23 69
2 52 20
0
5 41 21 34 76 87
1 10
2 52 64
2 28 81
0
1 71
2 58 44
3 31 41 66
1 52
0
1 29
1 77
3 32 61 8
1 58
2 42 54
2 35 56
2 56 55
1 39
4 21 99 66 35
2 85 41
1 26
5 57 79 53 47 64
2 72 69
2 48 48
4 41 56 18 43
2 82 26
1 25
1 77
3 80 21 39
1 55
1 43
1 66
0
0
3 53 45 50
2 87 46
2 41 35
0
4 16 57 66 57
1 49
3 32 77 37
0
1 76
2 76 38
2 44 59
1 52
2 38 47
1 55
6 57 52 67 21 67 60
1 56
3 44 37 36
1 84
3 58 57 68
4 35 44 62 60
0
3 47 42 28
4 68 42 51 21
2 30 56
4 62 54 58 52
2 58 76
5 56 23 71 18 61
0
2 31 42
1 32
1 73
1 44
3 83 59 51
2 49 86
3 57 45 38
2 51 55
2 87 51
3 52 43 23
2 46 47
2 44 14
2 76 40
2 63 66
2 37 47
2 53 45
3 25 71 46
2 9 46
1 64
2 39 32
1 65
1 34
2 61 36
0
0
3 32 30 72
1 42
0
2 40 33
3 33 96 42
2 81 52
2 41 55
1 88
1 16
2 56 52
3 36 22 81
3 49 56 48
2 30 53
1 56
2 22 36
1 8
3 80 45 64
3 55 46 26
3 51 29 55
2 83 75
1 46
3 76 23 67
2 34 56
1 51
4 75 59 62 35
1 39
2 67 73
0
4 53 71 21 98
6 60 43 3 37 36 62
0
0
5 63 59 42 66 55
0
2 59 55
0
0
3 78 59 49
2 7 74
3 62 82 61
1 19
3 44 21 38
1 45
3 61 75 20
1 42
2 34 51
2 59 33
1 33
2 36 48
0
2 55 55
2 28 73
3 60 77 43
3 35 47 20
1 73
1 54
3 60 76 35
3 69 19 19
2 67 49
4 72 55 43 10
3 69 54 18
2 48 50
2 24 23
3 42 67 53
1 52
2 56 70
3 75 19 49
2 78 67
2 49 50
3 46 64 34
3 27 52 57
1 14
0
2 85 74
1 29
1 52
1 38
0
1 13
3 73 36 64
5 63 83 40 77 24
4 62 32 57 70
4 49 85 60 39
1 39
5 43 35 72 27 26
3 44 54 26
2 64 45
1 28
1 18
3 63 37 10
0
4 34 32 54 82
1 41
2 41 29
0
1 46
2 59 68
5 44 56 69 52 45
1 58
2 43 44
2 5 64
3 43 59 50
2 70 51
3 61 36 40
2 54 32
3 48 46 66
0
0
0
1 46
1 43
1 50
1 41
3 39 56 39
1 39
2 66 5
1 82
4 67 66 70 45
2 46 69
5 43 51 90 49 65
9 32 62 24 76 66 52 65 84 37
2 85 71
3 45 35 93
3 67 24 31
2 48 47
3 28 39 29
3 55 62 63
1 90
2 44 46
2 54 56
3 47 61 31
4 70 36 98 21
0
2 53 55
4 38 52 30 84
1 31
0
2 56 40
0
5 39 77 54 53 38
1 57
1 42
5 72 44 48 28 24
2 50 65
1 44
1 47
2 34 24
2 45 59
3 78 46 41
2 74 58
2 39 53
1 35
4 62 44 33 23
2 49 38
3 47 74 85
2 67 82
5 37 67 93 54 78
3 64 53 54
1 30
7 52 75 45 41 19 49 20
0
3 46 58 71
1 37
0
1 28
2 31 61
0
1 74
0
3 94 47 21
2 75 68
3 66 55 46
2 18 38
3 7 48 33
3 29 34 44
3 9 69 32
2 30 48
1 20
2 49 54
2 38 49
1 44
4 44 85 39 44
1 16
2 36 72
1 34
4 55 14 59 96
2 68 77
6 19 15 79 58 37 65
1 61
1 54
1 47
3 42 52 47
2 33 59
4 46 75 42 79
0
3 65 62 56
4 58 58 48 79
1 93
3 86 37 59
0
3 64 55 84
3 20 46 48
2 85 60
2 27 34
4 75 27 36 94
3 49 33 61
2 49 36
2 56 43
4 32 24 54 40
0
4 37 42 9 34
1 48
4 68 65 44 58
0
0
5 31 48 36 51 54
2 40 68
2 24 45
2 34 23
2 60 68
2 48 76
4 49 11 34 11
6 38 8 80 49 55 79
2 28 85
2 79 35
2 24 25
1 35
2 39 16
6 58 17 15 68 36 26
2 33 69
0
2 38 33
1 68
3 53 22 65
3 68 27 69
2 65 42
2 38 76
0
0
1 47
1 27
3 61 79 39
1 78
3 32 26 88
2 63 37
5 16 49 58 60 84
2 48 50
1 33
2 31 55
1 87
2 92 65
5 67 55 50 55 85
3 43 46 69
1 73
1 22
2 27 78
1 47
3 51 41 17
1 75
3 27 66 44
2 53 6
1 65
2 23 27
1 44
3 59 33 61
6 65 52 65 35 64 19
5 33 63 12 50 69
5 27 66 71 41 49
4 28 54 58 74
4 29 30 52 45
2 26 46
2 87 65
3 89 33 54
0
4 13 22 29 57
4 2 79 43 28
2 36 70
1 37
1 30
3 18 50 71
2 55 45
2 42 27
2 72 76
3 47 21 24
1 50
3 53 51 14
4 42 63 66 28
5 82 38 68 72 60
2 35 61
2 54 51
3 29 51 46
2 83 30
3 35 43 38
3 74 69 49
2 53 86
1 18
5 59 55 30 45 51
0
1 46
5 54 28 40 65 38
2 59 75
1 6
1 53
5 33 54 25 46 80
1 55
0
3 54 79 34
1 46
3 25 68 57
4 59 60 83 47
1 38
1 38
1 57
3 64 77 51
0
5 24 61 52 5 86
2 23 39
1 67
2 55 68
2 18 41
3 68 49 29
2 37 63
3 53 31 57
2 59 45
7 76 55 67 24 59 12 47
1 28
2 52 63
3 48 34 25
1 54
3 28 40 58
0
2 77 49
4 61 8 46 65
2 68 81
3 20 74 66
1 40
5 66 25 54 38 38
2 66 79
0
4 41 55 80 40
4 75 57 71 76
0
3 44 41 84
3 19 38 58
4 58 20 77 47
5 35 84 70 58 34
2 56 4
1 84
1 26
2 26 41
1 60
2 69 59
1 61
1 79
0
1 53
2 54 53
3 54 44 35
4 43 27 34 62
3 53 61 69
2 79 97
4 32 39 51 58
2 30 31
5 54 32 84 59 64
1 35
2 29 72
4 62 75 68 26
5 44 100 69 63 55
1 68
4 62 81 46 49
2 42 85
3 42 62 74
1 80
2 75 28
0
1 66
1 20
1 65
0
4 74 44 55 23
4 87 82 64 37
4 39 50 10 36
3 1 17 79
1 28
3 22 44 36
3 61 19 36
5 60 51 36 48 61
0
1 43
2 63 67
0
3 16 86 51
2 29 47
2 43 79
2 46 20
1 43
2 54 26
6 72 28 37 54 50 77
4 74 66 99 36
1 51
3 43 73 55
4 88 81 45 96
4 31 50 68 55
3 54 69 61
4 43 46 63 82
4 72 24 59 66
2 28 62
2 29 49
2 49 36
1 23
2 19 73
1 34
5 49 56 54 27 37
1 48
1 33
6 79 35 38 36 73 66
1 52
0
2 42 81
2 76 33
3 54 55 24
3 45 55 22
2 3 48
7 71 71 89 23 64 29 61
2 55 87
4 47 54 11 47
1 17
2 40 32
3 45 30 27
2 64 78
0
1 76
3 34 52 26
4 36 53 79 43
2 36 54
3 63 24 40
2 78 42
1 24
1 57
3 33 49 72
2 46 21
4 32 19 44 84
2 29 38
4 76 66 26 10
2 27 68
5 19 47 47 56 67
3 44 69 12
1 53
2 51 61
4 26 28 38 72
3 73 86 30
3 56 42 20
3 63 32 21
1 50
6 36 53 77 64 41 30
1 31
2 49 68
3 70 84 25
1 33
4 30 75 61 42
1 50
3 89 53 61
3 29 53 45
2 70 59
5 68 76 55 39 31
2 32 86
0
1 61
2 27 92
1 65
2 78 35
2 45 70
3 64 58 63
6 75 62 59 25 73 32
2 51 81
3 35 35 23
2 41 49
0
6 55 41 49 47 49 26
0
1 62
1 69
1 77
2 46 21
6 66 45 61 45 53 6
3 87 50 55
4 50 19 56 36
1 48
2 49 63
2 57 68
2 62 59
1 73
0
5 49 43 24 53 46
3 40 54 44
3 43 31 49
4 51 57 57 58
4 76 27 67 74
2 57 40
2 45 50
2 57 64
3 54 43 54
3 34 41 41
4 56 84 62 60
1 45
1 74
1 75
5 58 58 66 20 46
1 75
5 18 58 24 48 71
2 41 69
4 84 65 79 16
2 59 36
2 32 72
0
4 67 45 44 37
1 62
2 45 44
1 32
3 57 72 58
3 39 52 43
2 50 50
2 33 56
1 82
4 60 38 61 23
5 16 49 28 45 69
5 84 78 38 44 66
4 34 20 16 56
2 57 72
2 14 71
2 46 27
3 51 38 38
1 48
4 19 62 55 43
2 24 25
2 55 21
1 58
5 72 24 87 46 70
1 89
5 18 29 16 52 70
1 72
3 58 59 40
2 30 29
1 46
3 46 44 26
5 59 48 15 30 63
2 38 30
2 71 64
3 50 61 35
3 33 32 61
0
3 57 65 29
3 79 41 66
2 33 68
3 23 61 37
3 53 42 53
2 35 97
4 48 39 56 64
0
1 46
1 63
3 84 63 19
3 29 67 58
3 52 37 46
1 48
1 39
3 41 44 82
1 46
3 41 77 28
5 73 97 43 30 64
4 23 26 51 20
3 81 50 62
1 39
3 53 44 71
2 62 21
1 68
4 32 41 80 71
1 96
2 52 77
3 67 10 33
5 51 62 65 44 12
2 69 54
1 56
5 32 93 64 22 47
4 72 36 40 60
2 25 44
4 61 31 50 24
1 44
1 63
2 33 52
0
4 17 46 43 71
4 57 35 39 33
4 39 72 44 40
2 26 55
1 6
3 98 38 36
1 52
3 78 34 41
5 71 54 35 47 39
5 42 55 37 23 33
0
1 37
7 38 12 37 30 54 53 90
3 76 33 15
2 35 56
2 48 29
1 29
1 33
4 50 45 38 67
1 52
2 71 20
0
6 54 41 45 87 56 64
3 60 53 54
5 55 33 45 21 44
4 12 38 45 30
1 45
3 60 35 55
0
4 11 38 62 68
3 66 58 39
1 51
4 29 40 35 27
5 79 44 36 35 50
2 42 82
2 18 76
2 70 2
0
3 69 33 71
2 39 52
2 19 65
2 36 24
1 23
4 48 26 15 66
3 24 44 48
3 51 41 71
1 44
2 16 63
5 46 53 68 36 64
3 47 43 55
2 30 50
3 13 39 43
4 1 34 79 48
2 68 44
2 38 72
1 48
2 21 16
4 65 63 55 66
2 43 36
2 17 51
4 47 30 40 71
0
1 36
4 33 64 88 65
1 76
2 60 80
4 66 46 53 92
5 48 14 62 45 71
3 41 48 44
2 37 51
3 65 50 56
3 51 35 14
1 71
3 42 38 49
1 58
4 49 37 49 80
2 59 53
1 59
3 51 28 34
1 31
4 33 25 61 34
3 57 67 27
4 1 25 86 35
0
2 57 23
4 75 77 57 33
3 29 41 37
2 56 45
1 74
2 61 27
3 78 40 45
2 62 73
1 59
1 73
2 88 50
1 71
2 63 45
2 61 68
4 28 38 32 89
1 79
4 45 22 20 39
5 27 16 27 56 61
3 58 40 57
0
4 12 42 38 79
3 32 64 63
3 57 59 54
3 41 28 58
3 65 52 37
3 25 42 11
4 32 92 65 57
2 56 36
4 54 48 52 74
1 34
4 52 80 58 50
1 54
1 47
2 54 45
1 68
5 47 59 46 49 47
5 52 31 48 98 35
2 27 40
3 69 32 63
2 44 49
1 50
0
0
4 24 28 59 52
1 23
2 26 49
2 69 46
2 57 26
5 76 41 51 26 50
2 44 51
3 23 64 39
3 1 65 65
6 63 85 94 50 79 65
2 63 40
5 48 27 29 47 37
3 43 64 68
1 50
3 49 39 64
2 24 29
4 72 55 31 41
3 64 73 54
2 38 52
2 54 62
1 41
4 62 46 14 58
2 66 43
0
3 70 66 43
3 31 30 61
2 74 60
1 40
4 21 33 39 19
2 43 45
3 67 47 66
2 42 48
5 59 52 26 75 14
2 33 74
2 55 53
1 51
4 25 31 70 52
0
2 71 94
3 24 24 58
1 52
2 55 44
3 84 40 64
2 35 42
3 67 21 71
3 78 68 78
3 88 15 34
2 64 43
2 56 64
2 56 44
3 70 68 53
3 73 59 33
3 85 41 56
2 55 39
2 54 90
2 44 44
2 40 64
3 36 75 15
0
2 51 33
3 81 28 22
3 46 57 63
4 71 43 46 53
6 18 28 23 50 51 80
1 36
5 51 54 14 31 50
3 84 61 24
3 49 57 34
4 56 64 46 48
0
2 34 83
2 76 10
3 44 62 42
3 43 46 31
3 57 58 35
1 49
4 54 46 67 44
0
1 55
2 55 33
0
3 77 50 56
2 68 67
2 55 57
4 69 80 59 39
0
2 28 62
0
3 27 48 65
1 57
3 57 35 67
5 32 40 42 13 69
2 40 95
4 47 51 45 8
2 50 54
2 38 72
2 41 62
7 31 40 58 35 61 90 61
4 43 28 50 53
3 64 39 71
2 47 75
3 40 68 51
1 83
2 10 37
2 2 32
5 16 33 45 50 28
0
1 40
2 26 66
5 89 56 59 94 14
1 50
0
2 72 39
4 33 71 87 47
3 90 11 34
1 65
1 43
1 73
4 73 75 48 55
2 58 50
2 19 32
4 34 63 30 71
3 46 6 43
1 79
1 49
2 59 71
6 42 10 32 69 70 86
3 30 80 80
0
4 66 21 35 43
0
4 55 51 67 44
2 66 69
5 54 31 35 50 20
5 41 77 55 54 51
1 78
2 42 23
3 65 41 57
3 91 35 90
1 23
5 79 52 45 28 56
3 26 36 60
1 20
2 56 44
3 54 54 46
3 43 42 39
8 32 2 32 32 67 91 34 58
1 24
1 40
2 36 64
2 65 58
2 55 71
2 20 53
6 76 98 54 37 66 55
3 28 44 47
0
2 63 61
2 17 62
3 30 17 51
2 67 54
1 76
2 72 73
3 48 66 33
1 63
5 49 37 55 64 5
6 65 46 61 61 13 56
0
0
0
0
1 68
1 12
2 68 16
3 56 58 27
2 22 51
2 38 34
4 31 87 21 37
1 53
3 32 60 97
3 66 41 51
3 39 20 44
5 77 36 35 43 68
0
2 58 75
7 86 72 85 97 80 39 82
1 56
3 57 44 81
1 39
3 60 79 19
1 26
1 24
1 51
3 56 36 3
2 54 60
2 30 66
5 53 58 73 28 45
1 24
2 51 70
2 12 30
2 66 53
5 72 63 88 26 16
3 43 40 59
4 47 13 54 60
4 40 76 38 33
1 67
1 48
3 60 65 47
3 61 46 36
2 73 30
2 27 19
3 59 61 68
1 61
1 58
2 25 71
0
3 48 80 55
5 44 43 18 64 77
1 10
2 89 21
2 61 48
5 72 71 66 39 50
1 56
4 49 48 35 56
2 64 19
4 54 62 85 69
0
4 34 15 44 37
0
0
2 53 40
7 41 62 15 82 80 58 53
1 56
3 38 86 39
0
3 38 51 84
3 34 28 35
2 74 37
2 46 72
3 10 29 53
1 65
5 56 61 49 94 16
2 18 47
0
3 59 44 32
3 40 54 63
2 55 62
1 69
4 47 73 72 73
1 100
3 74 74 38
3 26 63 58
3 57 53 46
2 72 31
5 38 48 19 81 53
4 38 47 69 60
5 57 50 88 49 34
0
2 54 63
1 30
3 48 69 54
2 40 51
4 60 28 31 85
0
2 38 46
1 64
2 60 66
1 78
3 46 44 10
3 57 97 57
2 62 57
2 22 64
1 40
4 12 25 64 46
3 35 34 70
2 45 76
2 58 29
1 8
3 80 57 49
2 49 71
2 43 18
5 16 65 39 44 74
4 61 72 32 35
4 50 8 88 28
1 67
1 7
2 44 61
2 52 57
0
3 44 26 53
3 33 14 53
3 37 56 58
1 61
3 64 32 67
4 27 82 46 47
1 55
3 53 84 13
2 56 47
2 49 69
1 49
1 61
0
3 32 61 45
3 30 30 67
3 54 69 26
2 33 61
5 67 80 65 38 62
1 48
2 16 40
5 34 65 54 10 76
2 37 20
1 38
7 52 14 67 69 33 46 28
3 44 31 17
1 95
2 39 59
2 35 34
1 64
0
2 70 44
2 14 25
2 38 35
1 29
2 28 53
1 46
3 43 27 55
2 8 43
3 44 60 57
4 14 98 58 3
2 63 64
1 54
2 64 54
2 21 26
1 54
0
3 68 66 49
2 33 81
5 60 24 59 51 19
4 56 46 51 24
2 56 29
1 33
2 54 47
1 79
2 69 60
3 44 68 50
1 58
2 40 44
3 38 69 87
4 48 30 40 60
2 44 31
3 81 65 47
3 47 42 59
3 11 44 67
6 61 71 69 24 35 45
2 49 33
1 55
2 38 61
3 57 75 47
1 57
0
0
0
3 71 60 41
2 59 60
5 79 80 46 29 91
3 33 27 44
3 63 64 65
2 39 40
0
2 64 40
3 18 62 82
3 55 60 47
1 69
5 29 23 66 45 60
2 64 21
0
4 58 32 40 34
4 62 57 53 59
3 8 64 38
1 28
1 50
2 38 27
3 52 29 87
1 74
2 77 42
2 48 29
1 8
1 74
2 67 48
3 71 51 65
1 40
4 58 32 71 55
2 21 42
8 80 58 24 64 50 44 54 56
0
1 48
1 71
1 33
1 12
3 64 61 57
2 72 46
2 10 46
2 61 74
2 59 52
0
4 68 64 45 23
3 33 68 67
2 49 62
2 45 75
1 31
1 15
4 24 58 30 37
4 25 23 26 65
1 39
1 70
3 55 94 66
0
3 62 81 37
3 38 58 82
0
1 56
2 66 50
2 46 63
2 41 52
4 69 60 40 51
2 72 30
2 26 44
4 55 38 44 23
1 20
3 73 40 22
2 58 54
2 63 70
1 24
3 54 77 53
1 14
3 37 52 12
2 42 42
4 27 47 60 36
2 76 62
1 35
3 32 59 9
4 70 48 60 79
2 46 60
2 47 33
3 59 41 62
1 40
2 54 65
2 56 51
5 54 30 49 53 56
2 74 4
4 17 35 9 80
0
0
1 44
0
2 49 9
4 42 68 48 64
4 69 37 65 41
1 50
0
4 47 58 62 66
3 34 19 74
2 67 52
4 24 60 50 59
1 17
2 46 40
1 59
1 69
2 35 49
3 44 73 50
1 38
2 88 55
0
3 37 54 48
0
0
3 48 43 65
3 72 42 54
2 76 74
3 42 53 28
0
4 57 30 69 65
2 33 34
3 67 51 62
1 33
3 31 31 62
6 56 42 38 49 65 47
2 54 39
1 47
2 67 84
5 78 54 74 60 79
2 58 27
0
0
2 54 45
3 52 50 13
4 53 45 57 76
0
2 30 70
5 71 52 39 57 46
0
3 67 43 65
4 45 59 25 71
1 28
1 24
2 7 57
3 71 70 43
3 53 86 64
1 31
1 75
3 62 39 80
1 45
3 58 40 43
1 60
1 53
0
3 74 52 71
1 42
2 55 85
3 60 26 80
0
0
0
4 31 50 64 32
2 12 43
4 56 84 45 38
3 89 51 50
1 35
2 59 78
0
0
1 38
1 49
3 37 76 38
0
1 73
4 27 49 99 49
0
2 39 35
4 64 61 27 49
3 59 49 36
2 43 43
3 37 60 36
1 43
2 42 56
5 14 58 67 37 50
2 62 41
0
3 78 48 49
3 62 65 35
2 51 58
3 49 69 42
3 88 63 56
2 37 50
1 60
2 64 48
2 80 63
2 35 51
3 62 33 19
2 7 60
0
1 27
1 71
3 94 48 43
2 39 48
0
1 40
1 23
3 76 61 53
3 26 6 29
7 21 41 39 42 54 29 58
3 52 62 52
0
3 86 53 33
1 75
2 49 48
1 68
1 37
3 73 46 96
5 60 21 61 46 49
1 29
3 62 52 62
1 100
1 33
2 24 51
0
6 38 80 54 47 45 42
1 52
3 71 32 52
1 54
1 82
3 41 15 36
3 16 23 37
2 73 38
3 39 39 47
0
2 60 45
1 16
2 49 49
2 52 26
2 65 84
0
0
2 41 63
0
2 88 32
2 47 85
2 51 43
0
1 78
3 67 68 34
2 32 7
2 70 42
1 57
2 57 20
2 34 39
4 23 32 70 55
5 41 66 27 28 68
2 34 61
2 42 16
3 71 20 70
0
3 12 25 21
1 21
1 88
5 28 56 38 6 68
1 23
4 53 20 35 42
1 43
5 42 87 25 46 81
0
1 72
1 68
4 65 47 75 90
2 18 40
2 62 59
0
1 38
0
5 19 78 40 65 74
2 31 81
1 54
2 50 48
0
0
3 79 44 24
2 31 43
0
3 74 68 59
1 40
2 58 39
1 61
1 44
0
1 47
2 8 62
2 56 66
3 55 91 48
0
2 31 52
3 62 82 60
0
1 57
1 38
1 89
1 77
3 26 16 52
4 34 64 70 32
3 15 50 53
1 52
2 40 73
2 42 22
2 63 45
0
1 55
3 44 84 48
0
2 18 39
1 30
0
2 37 70
3 47 36 45
4 36 42 77 38
1 37
4 46 68 82 41
0
0
3 21 36 54
1 37
4 22 59 45 61
2 54 63
1 82
3 66 63 52
1 61
8 23 32 55 44 63 59 55 51
1 48
3 71 77 45
1 72
0
0
2 23 50
0
4 37 58 84 29
1 24
2 83 52
0
5 11 49 42 11 34
0
2 64 91
0
3 95 39 41
0
4 42 24 62 34
1 64
3 57 27 76
1 82
1 71
0
1 30
2 66 52
2 44 48
1 72
2 40 62
4 17 71 57 55
1 61
0
3 4 71 29
3 73 57 68
0
2 63 49
2 30 53
1 50
2 53 66
3 34 59 76
1 58
1 81
0
2 58 52
3 55 26 66
2 53 51
0
0
0
0
1 35
1 81
3 58 9 63
0
0
4 31 53 33 72
1 31
1 59
1 47
2 29 30
0
3 25 46 63
3 46 36 48
3 61 51 28
2 17 61
0
2 74 53
0
2 46 51
0
4 49 29 37 25
0
1 60
0
1 99
3 50 3 41
1 67
2 36 19
2 41 28
3 25 52 76
2 49 77
5 16 24 64 42 46
0
0
2 62 40
2 54 74
2 44 61
2 44 25
1 17
1 20
1 67
0
0
0
3 77 41 90
0
3 77 20 48
2 48 9
1 31
4 60 39 14 50
1 22
0
1 35
2 56 53
1 60
0
4 94 51 2 70
6 59 54 59 44 21 12
0
3 35 15 45
2 45 56
1 60
0
0
2 98 20
0
3 9 57 41
2 19 69
2 53 81
1 61
0
2 40 33
0
2 48 62
1 77
3 28 46 3
0
1 70
3 29 53 41
1 40
1 37
1 42
1 39
0
3 27 58 63
1 98
1 77
0
2 31 59
5 55 86 64 33 11
2 59 45
3 27 46 35
1 55
1 38
2 49 46
3 44 50 47
0
0
0
6 38 47 49 43 56 49
1 35
0
3 59 83 69
1 39
2 67 26
1 86
2 44 76
1 72
1 95
3 58 60 49
0
1 24
0
0
1 32
0
0
4 37 36 32 47
4 43 57 52 35
3 30 87 45
0
2 56 65
0
0
3 92 19 65
1 17
1 41
3 34 44 15
2 35 78
1 76
0
1 72
5 36 32 47 30 48
1 52
3 59 58 69
1 58
1 18
0
0
1 45
2 72 49
1 59
1 40
3 49 46 51
4 93 43 79 18
2 81 30
1 26
3 32 58 71
2 58 50
1 45
1 25
2 43 43
2 34 16
2 69 98
1 45
1 64
1 43
1 36
0
1 41
4 48 26 69 41
1 62
1 62
0
1 38
1 20
3 54 81 37
1 27
0
1 72
2 45 47
1 10
3 69 36 38
2 25 44
0
0
1 52
2 16 61
2 22 66
2 26 54
0
1 74
1 89
1 72
2 47 58
2 27 48
1 49
0
1 51
3 33 23 48
1 48
0
1 46
3 56 66 75
2 58 65
2 35 75
1 58
1 54
1 65
0
1 43
1 57
1 32
0
2 38 25
5 56 55 48 10 42
2 26 42
2 63 55
0
0
1 45
0
2 47 48
1 31
1 56
3 31 51 60
2 44 48
1 51
1 29
1 33
1 13
0
1 64
0
1 73
2 47 74
1 38
1 62
3 0 66 50
2 54 47
0
1 51
1 39
0
2 99 34
1 49
0
1 78
0
1 40
1 60
1 70
3 59 61 41
1 86
1 24
2 78 23
1 50
0
1 37
1 72
0
2 55 38
3 20 17 30
0
1 72
1 5
2 31 32
2 46 57
1 32
2 44 78
2 5 72
0
1 36
1 76
0
0
1 68
0
1 70
0
1 74
0
0
2 17 39
1 74
3 49 33 43
2 21 51
1 91
0
3 69 43 67
2 67 30
3 19 16 76
1 50
1 45
2 33 40
1 49
5 45 37 26 75 51
2 59 50
0
2 45 43
4 21 43 18 60
0
0
0
2 46 8
0
1 27
2 30 67
1 72
0
1 28
1 62
1 28
2 36 61
2 48 68
0
0
1 36
4 50 94 41 42
0
1 34
0
1 35
1 33
0
1 38
1 49
0
1 42
0
2 30 56
0
0
3 61 84 82
0
2 61 91
1 33
0
0
0
0
1 34
1 47
1 32
1 19
2 44 74
1 73
0
2 4 93
0
0
1 41
1 59
1 40
0
5 66 51 66 75 26
3 45 32 43
0
0
0
3 59 44 66
0
1 46
2 52 74
3 36 52 67
3 40 24 64
1 95
1 63
0
2 44 35
2 34 43
1 42
3 37 15 82
0
0
0
2 51 49
1 47
0
0
1 49
2 49 28
1 68
0
1 60
0
1 44
1 98
0
1 71
0
1 52
1 56
0
2 42 40
1 74
3 69 62 53
0
0
1 67
1 59
1 60
0
0
1 22
2 60 57
3 58 56 30
1 59
2 88 53
1 20
0
0
2 41 50
0
3 56 83 41
1 27
1 69
1 40
1 35
2 28 58
1 25
0
2 84 76
0
1 85
0
0
1 18
1 50
2 68 13
0
0
2 66 72
0
0
0
2 61 79
1 35
0
0
1 51
2 48 55
1 52
1 34
0
1 38
1 57
0
1 43
0
1 57
1 57
1 40
0
0
4 62 46 51 54
1 51
3 30 50 62
0
0
2 64 43
2 58 49
1 30
0
1 26
1 56
0
0
1 72
0
1 61
0
3 50 73 62
0
2 83 37
1 75
1 60
0
1 44
2 67 69
1 49
2 90 46
1 51
1 50
0
1 64
0
1 85
2 67 66
1 67
0
2 47 29
0
0
0
1 81
1 57
2 39 43
0
0
0
0
2 56 66
0
1 21
1 69
0
0
3 37 85 95
0
2 36 28
0
4 73 63 44 71
0
0
0
1 41
1 51
0
2 48 37
0
1 80
1 50
1 63
0
1 23
1 72
0
1 43
0
0
0
0
0
1 37
1 75
0
1 58
1 42
0
1 41
2 45 74
1 46
1 78
1 28
1 26
0
0
4 92 29 32 28
1 35
0
1 36
1 49
1 64
2 14 87
0
0
1 10
2 62 13
1 20
2 76 53
0
0
2 58 6
0
1 74
2 36 48
0
0
3 79 29 23
0
0
0
0
0
1 52
1 54
0
0
2 48 57
1 21
0
0
3 59 54 42
1 58
0
0
0
0
2 45 48
1 19
1 38
0
2 30 96
1 44
0
0
2 52 54
0
1 28
0
1 9
0
1 53
0
1 64
1 36
0
1 41
0
0
2 32 13
0
0
0
3 39 32 55
1 82
0
0
0
0
0
1 80
3 52 44 6
3 59 63 39
2 37 56
0
0
0
1 26
0
0
1 41
0
0
0
0
2 59 70
0
0
2 14 19
0
2 32 65
1 55
2 17 71
0
0
2 17 33
0
1 60
0
0
1 26
1 35
0
0
2 56 37
1 55
0
0
2 29 5
0
1 62
1 100
0
1 24
0
1 35
2 44 37
0
1 83
0
1 45
0
1 71
0
0
0
1 48
1 46
1 63
1 47
0
0
1 81
0
1 76
1 32
0
0
0
0
1 71
1 27
1 70
3 43 78 38
1 27
0
1 43
0
0
1 82
2 25 81
0
0
1 29
0
1 52
1 45
0
2 53 28
0
0
0
0
0
0
1 53
0
0
0
0
0
0
2 21 32
2 61 66
0
1 39
1 35
1 89
1 34
0
0
1 38
1 33
1 47
0
1 39
2 60 43
0
0
0
1 39
2 49 50
0
0
0
1 43
1 45
0
0
1 72
0
1 34
1 71
3 54 76 78
0
0
1 47
1 38
1 36
1 17
0
0
1 39
0
0
0
2 50 49
1 12
0
0
0
0
0
0
0
0
1 31
3 31 37 54
0
1 59
0
0
0
2 23 49
1 29
0
0
0
1 31
1 96
0
1 63
0
0
0
1 25
3 22 85 44
0
0
0
1 29
1 39
2 37 36
1 61
0
1 71
0
0
0
1 40
1 36
0
0
2 36 60
1 43
0
0
0
1 49
1 38
0
1 58
0
0
0
0
1 37
1 70
0
0
0
2 44 76
2 17 55
0
1 59
0
0
0
2 76 6
0
2 52 20
2 75 43
1 53
0
0
0
0
0
0
0
0
2 46 49
0
0
0
1 69
0
0
1 50
0
0
0
2 44 66
0
0
1 67
0
1 29
1 37
1 49
1 23
1 47
0
0
1 49
0
0
0
0
1 33
0
1 40
0
0
0
1 81
1 27
1 58
2 44 46
0
0
0
2 39 58
2 13 41
0
1 67
2 76 26
1 34
1 19
0
1 81
0
0
0
2 82 50
2 68 53
0
1 9
1 49
1 36
0
0
0
0
0
0
0
1 50
0
0
0
0
0
0
0
0
0
1 80
0
1 44
0
0
0
0
1 71
0
0
0
0
0
0
2 28 62
4 50 44 48 55
0
2 65 43
1 35
0
1 24
2 21 79
0
0
1 52
1 46
1 13
1 40
0
1 41
0
1 39
0
1 46
0
0
0
1 38
1 69
0
1 56
1 47
0
0
0
0
0
0
0
1 37
0
0
1 46
1 61
0
0
0
1 67
1 44
0
1 32
0
1 42
0
1 45
1 25
2 72 53
0
1 65
1 57
0
0
0
0
0
0
2 22 71
0
2 58 75
0
0
0
0
0
3 46 30 79
1 30
0
0
0
2 73 86
1 67
0
0
0
0
0
1 45
0
1 84
2 49 29
0
0
1 43
1 66
1 35
1 36
0
1 38
1 23
1 41
0
0
0
0
1 17
0
0
0
0
1 59
0
0
1 34
1 31
0
0
1 46
0
0
0
1 20
1 63
0
0
0
1 26
0
0
0
1 35
3 62 48 33
0
0
0
1 44
0
1 56
0
1 61
3 49 54 34
1 48
1 27
0
0
0
0
0
0
1 72
1 48
1 72
2 60 35
0
1 23
0
0
1 42
0
0
1 22
0
0
0
0
1 20
0
1 37
1 51
0
0
0
0
1 15
2 49 50
1 46
1 66
0
1 33
0
0
3 30 46 73
1 69
0
0
0
0
1 40
0
1 65
2 42 53
1 62
0
0
0
1 36
3 41 32 31
0
0
0
0
0
0
1 70
1 57
1 62
1 43
0
0
1 69
1 66
1 53
0
1 64
1 49
1 64
0
1 22
0
0
0
0
1 71
1 29
0
0
0
1 76
0
0
1 10
0
0
0
2 53 58
0
0
1 47
0
0
0
0
1 70
0
0
0
1 54
0
1 54
2 18 61
0
1 79
0
1 69
0
1 61
1 46
1 30
1 75
0
0
2 75 43
0
1 30
2 48 41
2 35 64
0
0
0
0
0
1 51
1 48
1 56
1 40
1 71
0
0
0
0
1 16
2 35 37
0
0
1 33
2 37 58
0
0
0
0
0
0
2 48 57
0
2 38 36
2 74 50
1 76
0
1 53
2 46 54
0
1 60
1 28
0
0
0
0
0
0
0
1 30
2 37 62
0
0
1 24
1 49
1 29
0
0
1 32
1 22
1 68
4 69 71 58 86
1 35
1 55
0
0
0
0
0
0
2 56 54
1 66
1 64
1 9
0
0
0
2 3 51
0
0
1 40
0
0
0
1 63
1 33
0
1 56
0
1 9
1 43
0
0
0
3 91 55 74
0
0
0
0
0
1 48
0
2 44 49
1 63
1 54
1 52
0
0
1 59
1 39
1 53
0
2 33 56
0
0
0
2 26 57
1 29
2 23 76
2 82 37
0
1 13
1 70
0
1 34
1 37
0
0
0
2 23 45
0
0
1 11
1 17
0
2 42 40
1 34
0
3 33 46 36
1 18
0
0
0
0
0
1 9
0
0
1 47
1 50
0
1 51
2 49 37
0
0
0
1 55
1 66
1 87
1 61
0
0
0
3 76 28 32
1 53
0
2 14 41
0
1 24
2 41 38
0
0
1 48
2 59 44
1 61
0
1 36
1 53
0
3 74 39 34
0
1 52
0
0
0
1 15
2 71 65
0
0
0
0
0
0
1 63
1 52
3 53 77 48
0
1 54
0
0
0
0
0
1 22
1 43
5 19 25 50 68 65
0
1 48
0
0
1 69
1 52
2 57 58
0
1 68
2 24 29
3 26 56 50
1 88
0
0
1 35
0
0
0
0
2 40 14
0
1 57
1 48
1 65
1 71
2 38 55
3 67 54 48
0
3 62 98 36
0
1 42
1 53
0
1 57
1 69
2 48 7
0
0
0
0
2 60 28
0
0
1 31
0
1 32
1 81
0
1 40
1 57
0
1 44
2 57 29
1 56
1 24
1 18
0
2 37 72
1 65
0
0
0
1 32
1 33
0
1 26
0
0
0
0
1 46
1 73
1 10
1 32
0
1 87
3 17 73 36
0
1 58
2 64 17
1 63
1 48
1 42
1 55
2 61 73
2 54 64
4 62 61 38 51
0
1 43
2 41 23
1 76
1 27
1 34
1 76
1 27
1 46
1 48
1 28
0
0
0
1 85
2 58 42
1 75
0
0
1 70
3 31 60 33
0
0
0
1 62
1 45
1 62
0
1 32
1 63
1 23
1 67
1 63
1 47
4 49 66 63 73
