3600 4
1 62
2 38 54
2 53 55
2 49 31
0
3 92 71 26
0
1 64
1 62
1 43
0
1 49
1 36
3 53 54 38
1 55
1 38
1 51
2 61 62
2 88 54
0
0
0
0
0
0
0
1 66
2 33 34
1 41
0
0
2 64 41
1 48
1 22
2 78 38
2 26 52
1 49
0
1 43
0
0
0
2 36 45
1 11
3 44 52 58
0
1 43
3 39 47 59
0
0
2 46 5
2 24 88
1 31
0
2 35 23
1 67
1 25
2 36 83
3 47 21 28
2 36 40
1 63
0
0
1 61
2 24 59
0
0
1 32
0
0
1 60
2 30 28
0
3 50 29 24
3 39 87 26
2 52 49
1 48
0
0
5 33 34 37 35 70
1 24
1 43
1 12
2 37 53
1 44
1 54
1 51
0
1 45
0
0
2 57 19
2 40 67
1 63
0
1 40
1 60
1 35
2 2 44
1 36
1 68
1 43
0
0
3 52 53 42
0
2 62 64
0
2 50 37
1 33
1 19
1 34
0
0
1 13
0
2 42 51
2 73 44
2 29 75
1 65
1 80
1 17
0
2 53 38
0
0
0
1 54
2 47 31
1 58
2 43 46
1 57
1 40
0
1 39
2 62 34
0
2 66 41
1 54
0
1 46
1 47
0
0
2 41 34
1 80
3 38 89 32
0
1 54
1 80
0
0
0
1 72
1 49
0
0
1 66
2 49 39
0
1 61
1 73
2 60 43
2 68 74
1 62
0
1 64
2 59 65
1 32
1 57
3 56 48 18
0
1 47
3 34 48 64
0
1 54
1 58
2 88 75
2 73 59
0
0
0
0
3 63 69 44
0
0
0
1 37
2 41 66
0
1 27
1 50
1 27
1 26
0
1 44
0
0
0
1 59
0
1 42
1 43
0
0
0
1 46
0
1 89
0
2 68 69
0
1 43
1 45
0
3 31 44 75
2 51 79
1 59
1 79
0
0
0
1 8
0
1 44
3 85 82 61
1 68
0
1 50
0
0
0
0
4 25 68 50 79
1 65
0
2 16 81
2 21 45
1 53
2 26 31
0
1 52
0
0
3 61 70 28
0
0
1 66
2 42 52
2 35 53
1 80
0
0
0
0
0
1 9
0
0
1 23
1 90
4 52 74 21 32
0
2 53 44
0
0
0
0
2 75 23
1 30
0
0
0
2 23 29
1 56
1 52
0
1 50
2 23 69
0
1 65
0
1 70
0
2 30 45
0
1 72
0
0
0
1 43
2 78 70
0
0
1 42
2 33 31
1 16
2 49 20
1 11
2 74 48
1 42
1 30
0
0
1 51
1 28
0
0
0
0
2 34 83
0
1 34
0
0
0
1 60
2 55 72
2 46 67
1 65
1 39
0
0
0
1 76
0
0
1 42
1 24
0
0
0
2 70 63
2 47 46
0
2 26 59
1 39
0
1 43
2 62 48
1 35
0
0
1 60
1 56
1 71
0
1 68
0
0
1 65
2 69 78
0
0
1 33
0
0
1 42
0
1 55
0
1 37
0
1 69
0
2 46 19
2 19 53
1 59
1 24
1 44
0
0
0
1 49
1 76
1 52
0
0
1 52
0
0
1 18
0
0
0
1 68
0
1 25
0
0
0
1 59
2 71 81
1 50
1 62
0
1 66
0
1 50
0
0
2 60 92
0
0
2 52 64
0
1 36
1 43
0
0
1 60
1 33
1 73
0
0
0
0
1 50
1 55
0
1 91
0
1 61
0
0
2 59 56
2 57 26
1 7
2 37 31
0
2 57 34
1 60
0
1 15
1 10
1 73
0
0
0
1 16
0
2 39 53
1 21
1 34
1 15
0
1 58
0
0
0
0
0
1 75
1 66
2 64 58
2 34 65
0
0
0
0
1 52
1 33
2 44 22
0
1 59
1 28
0
2 65 31
2 92 95
0
0
0
1 64
1 30
0
0
0
0
0
0
0
1 63
0
0
1 61
0
0
0
0
1 32
0
1 38
0
1 58
1 67
1 85
0
0
1 39
0
0
0
0
0
1 50
0
0
1 52
1 31
1 50
0
2 70 37
0
2 85 57
1 43
0
0
1 70
1 31
1 48
0
0
0
2 23 60
0
2 42 68
0
0
1 14
1 87
0
1 56
0
0
0
2 77 38
2 31 41
0
2 38 48
0
0
1 67
0
1 18
0
0
0
0
1 55
2 57 62
1 65
0
0
0
0
2 27 50
0
1 42
1 75
3 74 17 37
0
0
0
0
1 18
0
0
1 29
0
0
0
0
0
0
0
2 62 80
0
1 17
1 42
0
0
0
0
1 62
3 50 53 63
0
1 71
0
0
1 91
1 67
1 11
0
0
0
1 78
1 57
0
2 46 22
0
0
1 75
0
0
1 70
0
1 34
0
0
0
0
1 23
0
0
0
0
1 49
0
0
1 35
1 46
0
0
1 35
1 68
0
4 50 20 29 16
0
2 40 48
0
0
1 68
0
0
2 30 35
0
2 76 51
0
3 35 59 68
0
0
0
0
0
0
0
0
1 46
0
0
0
1 67
1 75
1 47
0
1 31
1 61
0
1 71
0
0
1 64
0
0
1 16
3 60 64 51
0
0
0
1 48
1 57
0
0
0
2 61 81
0
1 52
0
0
0
0
0
2 45 46
1 32
0
0
0
0
0
1 55
1 32
0
0
0
0
0
0
1 77
3 63 62 61
1 82
1 48
1 21
1 28
1 63
0
0
1 62
0
0
0
0
2 55 53
0
1 46
0
0
1 61
1 52
0
2 44 29
0
0
0
0
0
0
1 84
1 65
1 41
2 32 47
0
1 58
0
2 69 24
0
0
1 19
2 26 39
2 53 56
1 55
0
0
0
0
0
0
0
1 26
1 37
1 43
1 60
1 4
1 58
0
0
0
0
0
0
0
0
0
1 83
0
0
0
0
1 51
0
0
1 70
1 66
0
1 40
1 50
0
0
2 54 62
0
0
1 76
0
0
0
1 63
0
2 49 60
0
2 88 27
1 23
0
1 56
2 52 30
1 51
1 71
0
0
0
0
0
0
0
2 61 73
0
0
0
0
1 75
0
2 51 13
1 51
1 49
0
0
0
0
0
0
0
1 46
0
0
0
0
0
0
1 39
1 16
1 51
0
1 33
0
0
1 45
0
1 62
0
0
1 54
1 48
1 34
0
1 57
1 52
0
0
2 65 68
2 53 44
0
1 44
0
1 55
0
0
0
0
1 29
1 61
0
0
0
1 73
0
0
0
2 44 64
4 39 37 31 42
0
0
1 39
1 27
0
0
1 44
1 43
0
1 53
0
0
0
0
0
0
0
1 22
2 53 17
0
1 40
0
2 52 21
0
0
0
0
2 55 47
1 49
0
1 75
1 38
2 35 14
1 59
0
0
1 35
0
1 73
1 35
1 22
0
0
2 41 53
1 36
1 53
0
1 59
0
0
2 28 71
0
0
0
0
0
0
0
0
0
1 36
1 39
0
1 55
0
0
0
0
1 50
3 64 26 26
0
0
0
2 39 41
2 70 44
1 31
0
0
2 87 45
1 15
1 47
1 69
1 84
0
2 54 27
1 47
0
0
1 52
0
0
2 52 28
0
0
0
0
0
1 77
0
0
1 35
3 53 16 20
0
0
0
2 62 59
1 51
2 43 24
1 17
0
1 53
1 67
1 40
0
1 74
0
1 53
0
2 25 41
2 30 72
0
1 15
0
0
0
1 9
1 59
0
1 25
1 45
1 44
1 68
0
0
0
0
1 57
2 67 32
0
0
2 53 83
2 10 34
0
0
2 54 40
0
1 68
1 51
0
0
0
0
1 41
0
2 18 70
0
0
0
1 59
0
0
0
1 18
2 75 42
0
2 57 54
0
1 51
0
1 3
1 41
1 74
2 68 99
2 46 77
0
1 37
1 45
0
1 63
0
1 55
1 51
0
1 39
0
0
0
2 77 75
2 50 68
0
0
1 81
0
0
0
1 15
0
0
1 25
0
1 39
2 34 52
0
2 40 40
0
0
1 38
3 19 44 39
1 33
1 51
1 51
0
0
0
0
1 45
3 45 54 31
0
2 29 22
1 61
2 74 53
0
0
0
1 89
0
2 46 40
0
1 29
0
2 66 35
2 56 59
0
1 48
1 58
0
0
0
0
1 66
1 59
0
0
1 33
0
1 68
3 27 49 31
0
2 45 75
0
2 44 54
0
0
0
0
0
0
0
1 33
1 62
0
0
1 58
1 64
1 39
1 52
0
1 77
1 59
1 57
0
1 32
1 65
0
2 66 29
0
1 32
2 61 57
2 21 43
2 29 65
1 56
2 45 23
0
1 58
1 61
1 76
1 53
1 51
1 54
2 68 50
2 78 43
1 64
1 53
0
1 52
0
2 38 27
2 89 38
0
0
0
1 50
1 56
0
0
0
0
1 47
0
1 67
0
1 54
1 52
0
1 70
1 45
3 53 63 50
1 39
1 38
2 41 39
0
0
1 35
0
1 31
1 75
1 47
3 74 38 47
4 73 49 34 42
0
0
0
0
0
0
0
2 36 64
0
1 74
1 62
0
1 67
0
1 73
3 39 32 43
2 59 37
1 31
3 57 33 55
0
1 53
2 46 64
0
3 51 60 49
0
0
0
1 82
0
0
1 47
0
1 54
0
1 22
2 82 62
1 69
0
0
3 36 75 73
0
1 28
0
0
2 38 42
1 46
1 78
0
1 75
1 30
0
0
0
2 54 42
2 68 35
1 78
1 75
0
0
0
2 70 42
1 54
1 77
1 22
0
1 53
1 62
1 61
0
1 27
1 82
1 49
1 62
1 79
2 32 46
2 19 36
1 53
1 34
0
2 51 81
2 73 43
0
1 50
2 68 50
3 33 44 35
0
2 79 37
1 75
1 69
1 40
3 31 11 49
1 59
1 46
0
0
0
4 59 57 29 88
0
1 47
1 64
1 76
1 9
4 47 71 50 65
0
2 42 5
0
0
3 74 40 38
1 39
1 38
0
1 43
2 73 36
1 89
1 52
1 60
3 35 32 70
2 32 22
0
0
2 61 30
1 92
1 29
1 59
0
0
0
1 62
1 53
0
1 79
1 28
2 75 58
1 92
0
1 47
1 52
1 39
2 36 55
0
0
2 34 37
1 58
1 47
2 36 68
1 55
0
1 37
0
1 56
0
1 29
2 48 66
0
0
1 36
2 61 82
3 47 30 17
0
0
4 66 69 66 34
1 45
1 72
1 31
1 58
2 32 44
1 64
4 44 70 48 55
1 72
2 16 61
0
0
2 35 57
5 44 71 53 58 10
4 32 57 49 49
0
0
0
1 36
0
0
0
0
2 81 71
1 78
1 52
1 34
4 43 47 49 33
2 57 40
0
0
1 77
1 60
2 53 71
2 53 30
1 45
0
2 42 47
1 46
3 42 40 72
0
3 40 16 57
1 91
0
1 25
0
1 55
0
1 34
0
0
0
2 66 45
1 63
1 52
0
0
2 67 40
2 63 36
0
0
3 55 51 70
5 23 64 63 20 44
0
0
0
1 22
1 44
1 64
3 40 52 34
2 59 13
4 41 48 8 39
3 69 40 61
0
2 63 23
1 91
1 43
1 54
0
1 45
1 45
1 21
2 43 62
1 70
2 21 51
1 20
0
0
1 44
2 32 37
2 34 54
1 60
2 39 42
2 51 40
0
2 8 9
2 37 40
1 67
0
0
0
1 51
1 13
1 50
1 40
3 7 51 41
2 46 69
0
2 59 42
2 44 36
2 42 27
0
1 46
1 29
0
1 17
1 49
0
2 51 72
3 59 33 62
3 26 33 74
0
2 75 22
1 71
1 37
1 5
0
1 32
2 40 61
2 58 14
2 81 91
2 62 60
0
2 25 52
1 56
2 55 38
1 57
3 66 35 53
0
1 51
0
1 58
2 45 26
2 46 38
1 79
1 67
1 83
2 40 59
1 50
2 17 74
1 63
0
3 15 78 22
1 28
2 96 8
2 23 49
1 52
3 53 64 67
0
3 59 21 78
1 53
2 47 97
0
0
5 46 59 63 44 76
1 81
1 56
3 44 16 44
1 51
1 49
3 52 32 26
0
4 22 43 17 55
0
3 80 51 30
2 58 25
1 61
1 85
1 57
1 71
3 40 56 36
1 51
0
0
1 45
1 40
2 76 6
0
1 80
0
1 52
1 53
1 48
0
5 60 60 40 52 49
1 36
0
4 36 42 59 39
3 51 57 44
2 52 42
1 56
4 79 42 32 25
2 40 40
0
2 48 42
1 40
2 46 50
0
3 42 38 64
0
2 52 72
2 62 33
5 56 41 9 40 48
2 95 51
2 82 59
2 78 55
2 37 42
2 26 45
1 79
1 85
2 38 61
0
0
1 92
1 55
1 38
2 83 73
1 33
2 46 30
2 50 70
0
1 63
0
2 30 56
1 54
1 22
2 29 38
0
2 51 49
1 65
1 5
5 78 66 54 49 40
2 64 16
2 68 51
1 42
2 52 51
4 29 17 60 47
1 61
1 70
0
3 39 7 33
0
0
2 59 35
1 56
1 51
2 61 57
1 28
0
0
3 52 85 29
2 56 37
2 90 38
2 76 44
2 43 58
1 36
0
2 30 22
2 53 32
2 54 64
0
3 27 24 63
1 71
2 78 55
0
2 74 39
2 37 47
4 24 39 55 65
2 30 18
3 69 41 50
2 48 50
3 25 77 71
1 56
3 34 78 21
1 45
1 27
0
0
4 23 60 31 18
1 55
1 61
2 39 79
2 49 65
0
1 45
1 25
0
2 65 31
2 43 56
1 21
3 35 13 73
1 56
1 36
3 81 75 42
1 34
2 47 78
1 32
3 44 38 65
1 26
2 64 27
2 59 51
1 47
0
1 61
1 68
2 62 55
1 31
2 26 31
4 47 32 24 34
2 34 59
2 38 42
0
2 55 64
2 19 11
2 34 69
2 29 43
0
5 49 35 41 70 30
0
4 68 52 86 41
2 23 79
1 14
3 32 33 44
0
0
2 46 73
0
4 62 27 38 66
2 19 13
2 67 4
2 74 33
2 57 60
1 65
6 35 37 80 29 53 51
1 95
1 28
1 48
1 39
2 47 49
1 53
1 71
4 51 24 78 38
3 84 66 66
1 52
2 51 35
1 26
0
1 18
0
1 48
0
2 28 58
3 54 23 60
1 32
0
0
3 65 66 6
1 62
1 44
1 68
1 45
3 59 31 35
0
1 3
2 27 58
2 48 32
4 73 31 67 69
0
2 73 44
2 51 32
1 79
0
4 59 68 33 28
3 52 42 38
0
3 68 37 60
1 55
3 52 26 58
2 73 39
6 18 48 64 78 44 28
1 74
1 48
3 47 56 58
1 69
2 29 59
4 36 37 40 33
1 70
1 81
1 48
2 5 58
1 52
1 35
4 65 68 59 38
2 31 39
2 54 86
2 24 57
2 41 70
3 70 48 54
0
3 22 32 86
1 53
1 53
3 29 46 66
5 56 67 76 25 72
1 33
4 79 63 40 32
0
1 33
4 30 54 61 62
1 22
1 59
1 20
2 46 35
0
2 10 77
1 78
2 49 24
3 66 39 73
1 28
5 34 57 70 51 50
0
0
4 22 46 63 40
1 37
3 72 86 31
0
2 58 56
2 42 47
2 52 34
1 53
0
2 69 61
2 47 47
3 19 37 26
4 61 40 14 17
3 77 30 64
1 77
1 26
1 66
4 42 19 69 37
1 48
3 41 84 22
1 80
2 30 87
1 48
5 18 47 71 51 39
3 31 34 40
0
1 44
1 23
3 67 85 32
0
3 37 68 80
3 37 35 7
2 54 38
1 26
2 60 59
3 86 35 46
0
1 33
2 44 18
3 60 53 42
3 23 52 39
1 62
2 36 79
2 44 21
1 59
1 33
1 51
1 41
1 32
0
1 56
2 60 55
1 42
1 62
3 76 62 60
3 35 53 33
2 44 55
4 74 56 30 83
1 75
2 18 42
2 73 60
4 65 22 58 48
3 22 72 52
3 64 42 21
3 41 19 25
0
3 39 54 21
2 28 53
0
0
1 28
2 54 33
3 67 26 30
4 53 81 67 64
6 65 31 48 64 26 68
1 86
0
1 32
2 16 64
2 47 53
0
2 83 62
2 80 20
3 62 36 70
1 37
2 52 60
0
3 66 19 38
2 71 42
0
3 56 5 39
0
4 40 38 77 65
3 62 58 65
5 31 31 63 23 63
4 35 99 92 19
1 40
2 12 11
2 55 48
2 47 56
2 65 33
3 75 60 85
1 52
0
1 73
4 67 16 65 51
2 44 62
2 84 78
1 80
2 51 31
5 91 17 39 27 47
1 50
0
2 35 59
3 35 39 48
2 40 57
0
1 13
1 52
0
4 21 34 65 53
2 80 60
2 28 45
2 43 64
1 71
0
1 85
1 51
3 22 49 58
8 34 59 65 40 75 81 48 38
2 55 89
1 41
4 45 27 61 43
1 49
5 49 72 51 41 38
3 78 53 38
7 61 60 69 33 41 75 37
3 38 33 70
2 47 45
3 58 64 50
0
0
0
1 76
1 75
2 34 38
1 34
2 100 56
1 48
1 26
1 68
4 54 76 33 53
2 40 29
1 55
3 98 74 42
1 87
0
5 56 43 42 71 60
5 20 99 51 64 65
3 56 43 79
3 26 66 55
0
3 14 46 41
3 44 80 60
1 15
2 97 7
2 52 59
2 39 76
2 84 22
0
4 2 82 49 63
0
5 39 22 61 28 71
2 58 55
4 75 33 49 64
3 62 45 49
1 72
2 43 22
0
3 43 67 26
1 19
3 70 48 15
3 82 59 61
1 62
1 52
1 59
3 49 59 62
1 82
1 26
3 35 50 38
1 40
2 59 58
0
2 42 70
7 10 65 39 60 25 45 89
4 54 29 48 79
4 84 23 27 48
2 71 57
0
3 55 68 24
3 41 51 67
1 69
6 57 65 55 33 40 39
2 46 9
4 54 15 39 54
2 73 42
2 36 48
1 48
0
2 74 45
1 45
4 71 48 83 61
3 89 96 56
1 55
2 69 67
3 55 62 22
2 39 46
1 78
4 50 43 43 20
0
1 44
3 50 71 46
1 57
1 50
2 61 32
1 54
4 38 41 46 56
1 61
5 66 49 86 59 59
3 43 53 59
2 72 52
4 23 73 63 51
4 48 8 41 34
0
2 42 52
0
3 30 74 64
3 47 39 94
3 59 54 42
3 63 28 65
1 46
0
1 74
0
3 48 92 62
4 30 54 49 65
2 40 58
4 73 67 51 71
2 78 38
0
1 65
3 35 71 31
1 68
3 82 45 11
1 55
4 57 76 34 46
0
4 42 22 55 65
2 65 79
3 90 4 32
3 69 51 51
4 45 64 48 22
1 37
2 16 53
1 56
5 56 83 52 61 20
1 77
3 29 62 50
5 48 62 18 56 73
2 92 44
3 36 63 35
0
4 35 51 82 62
3 27 57 55
1 49
1 47
2 45 65
2 63 55
2 66 37
2 54 32
1 19
2 67 90
3 27 58 57
3 71 61 66
0
3 44 14 36
6 52 50 50 57 85 56
1 39
1 50
3 47 32 54
1 67
1 53
1 49
0
4 47 61 20 55
3 36 74 72
0
1 43
2 65 82
5 33 41 28 35 63
6 55 42 44 67 42 35
1 68
2 6 24
0
4 52 43 34 81
3 75 28 57
1 65
5 22 82 53 48 43
0
2 67 62
2 79 36
2 72 56
4 21 39 16 62
4 65 61 34 44
5 13 48 69 73 44
1 58
2 36 72
1 63
0
2 18 65
1 47
2 52 69
2 48 30
2 31 37
4 44 39 62 33
2 58 29
3 35 55 50
1 57
1 37
5 71 56 75 35 38
5 62 60 51 43 79
2 74 51
4 19 53 39 54
2 44 57
3 54 57 20
4 72 63 76 39
5 31 31 21 54 63
0
1 66
2 48 59
2 61 35
1 18
5 10 80 70 51 57
1 20
3 36 66 67
4 53 24 25 62
1 43
0
3 61 40 52
4 7 53 29 47
1 50
3 77 52 59
2 79 59
6 5 51 42 49 73 37
0
2 54 71
2 80 63
1 46
5 42 75 50 65 70
2 27 16
3 14 49 77
3 32 86 39
2 48 87
2 32 52
0
2 51 26
3 81 70 64
3 26 58 38
1 40
3 41 69 35
3 54 6 42
6 34 63 31 41 22 49
3 48 67 50
0
1 60
4 57 72 77 46
6 41 48 47 35 25 26
0
0
1 52
4 75 56 34 23
1 67
4 27 69 66 56
2 43 27
1 44
2 58 30
2 39 33
3 74 7 62
3 51 33 41
1 64
1 25
3 52 64 58
1 46
2 60 32
1 12
3 45 76 75
4 28 41 79 28
3 61 86 49
3 46 63 23
0
2 62 23
3 48 66 79
4 55 63 55 49
4 61 70 81 42
3 36 81 42
2 84 70
2 31 68
0
1 38
2 35 32
1 42
1 54
2 47 61
2 49 48
0
5 63 39 33 51 35
1 78
4 56 43 56 43
3 14 50 21
3 96 31 40
2 17 72
1 58
4 69 54 68 55
2 42 79
2 49 50
2 81 56
3 24 66 51
0
1 96
2 57 78
1 52
2 31 86
1 55
2 58 78
4 80 80 48 27
4 62 19 8 48
3 58 68 43
4 77 48 73 47
1 64
3 43 84 47
5 65 68 44 84 75
5 73 25 60 16 40
2 41 41
3 35 43 74
5 26 23 67 62 67
3 42 69 16
4 50 53 87 74
3 60 27 44
0
3 25 53 70
0
0
4 80 35 44 61
3 14 64 42
1 34
2 37 17
4 37 50 66 59
2 14 43
5 48 67 11 48 50
3 16 24 65
5 78 79 33 41 88
1 75
0
2 53 17
2 56 33
3 58 54 49
1 54
2 90 36
4 65 58 38 49
1 25
1 24
2 78 69
1 45
4 45 33 54 56
5 40 50 78 21 28
1 73
1 63
4 54 37 47 80
0
1 54
2 73 57
1 48
1 70
0
7 51 38 78 51 60 52 69
3 29 74 60
0
1 42
6 51 33 20 61 35 33
4 71 57 70 20
2 35 74
4 30 61 31 59
1 54
4 69 29 51 36
2 63 39
3 35 39 7
4 76 60 65 57
1 51
5 24 77 65 57 65
3 43 62 47
5 59 2 16 60 50
3 69 61 46
1 54
0
2 59 28
1 11
5 35 57 30 35 42
3 36 45 56
5 44 76 14 65 69
1 15
0
3 49 32 77
3 70 30 96
2 70 48
1 87
0
3 76 30 64
1 52
2 56 30
6 24 57 56 57 44 58
2 74 37
3 17 56 86
3 42 48 13
0
1 2
4 35 19 49 52
4 73 16 45 100
4 76 44 50 29
4 75 45 29 56
3 48 68 22
2 45 52
1 54
4 42 52 79 38
3 64 5 52
3 46 60 82
1 41
2 71 67
4 36 62 61 54
3 41 2 59
2 32 36
1 73
7 20 44 49 91 49 50 11
2 59 81
4 41 52 36 62
2 54 56
1 48
2 31 66
2 30 33
1 43
2 27 17
0
5 46 83 24 52 17
0
3 21 70 18
1 48
3 89 78 35
1 36
3 45 42 56
2 47 39
2 57 68
0
1 68
5 47 45 16 66 43
3 41 49 92
0
1 77
2 37 41
5 40 60 50 40 57
1 19
4 54 61 23 61
3 15 4 29
5 72 37 77 25 29
5 56 35 81 31 38
2 45 83
2 55 37
3 97 54 17
0
2 66 45
2 47 62
3 58 48 40
2 84 95
2 91 42
2 23 41
4 47 80 52 40
3 64 53 64
1 51
2 64 28
2 69 64
3 49 35 57
4 34 55 82 44
5 28 57 29 66 54
3 19 84 93
5 42 18 31 40 11
1 30
4 28 62 36 68
2 49 25
2 80 74
2 42 57
2 71 60
3 48 46 30
3 57 74 53
2 20 45
3 49 72 98
3 27 57 63
4 43 37 2 57
0
2 60 16
3 59 59 55
2 22 39
3 43 70 70
1 55
4 32 77 75 77
4 64 73 60 69
3 40 95 15
2 54 69
2 70 52
3 41 58 12
2 26 62
2 80 54
2 79 44
2 55 70
2 39 48
2 77 41
1 68
3 19 67 67
2 23 44
2 28 78
2 45 60
0
4 32 57 51 6
2 50 87
3 65 52 64
1 28
1 25
5 19 24 59 90 69
2 9 35
5 57 42 58 44 62
2 53 27
3 67 63 53
2 41 61
3 24 63 70
4 53 22 8 34
0
3 51 57 74
5 61 62 42 60 48
1 64
1 26
3 57 54 21
2 70 37
5 23 90 69 34 51
3 62 61 85
1 52
1 58
5 36 48 64 49 40
1 75
2 64 70
4 49 37 47 53
2 48 40
6 44 43 48 56 50 81
0
1 55
2 36 53
2 77 26
3 52 52 57
2 46 25
5 56 71 42 36 27
1 52
0
4 71 28 56 50
2 43 65
2 51 69
5 66 52 10 38 27
3 51 40 53
2 48 50
0
5 4 24 57 39 68
2 65 28
1 37
4 30 41 51 37
3 26 53 30
2 34 67
2 72 39
1 68
3 46 78 76
1 57
3 62 13 13
2 50 41
0
2 59 45
4 27 73 79 52
4 54 28 44 87
4 61 20 42 72
2 60 34
1 39
6 52 54 54 39 40 32
3 16 8 64
3 66 62 13
2 53 50
3 57 28 78
3 59 64 71
2 43 54
2 74 64
1 63
2 55 58
1 28
3 49 57 48
1 69
1 43
1 52
1 63
7 63 13 48 38 82 45 69
3 81 61 23
3 26 78 63
1 42
3 55 39 45
0
1 53
3 60 61 78
2 65 74
6 15 29 36 52 64 66
4 47 35 61 39
5 40 60 41 48 36
3 76 59 50
3 59 61 54
2 33 48
1 65
1 27
1 84
0
1 24
4 54 30 25 74
7 37 47 50 67 46 31 44
2 55 36
1 40
7 77 27 42 31 25 38 42
2 80 61
4 86 19 24 42
4 53 56 60 54
2 53 52
3 16 30 28
2 40 51
1 57
6 46 89 80 20 30 37
3 65 26 47
2 55 28
3 41 50 84
1 49
3 52 29 62
4 31 51 46 43
3 45 23 76
3 76 60 55
2 53 70
2 64 61
2 56 60
2 31 17
1 23
2 20 32
2 78 61
0
6 70 72 39 77 62 66
2 44 15
3 58 55 51
0
0
2 27 80
3 49 50 23
3 83 2 51
4 51 50 20 76
2 45 50
3 46 43 24
2 64 36
2 52 31
7 28 36 57 80 95 27 23
5 29 57 71 74 66
1 71
3 45 6 61
1 53
0
3 58 54 40
2 24 46
1 26
2 35 64
4 23 1 54 75
4 46 64 49 55
1 55
4 38 43 77 51
0
3 41 80 42
6 20 69 54 0 50 63
4 41 58 56 18
3 63 75 64
1 22
4 21 31 70 60
5 42 30 49 55 25
1 77
2 43 60
1 30
1 66
2 59 55
3 85 60 15
1 58
1 59
1 53
1 71
3 54 49 74
1 25
3 12 36 67
3 34 47 18
2 23 66
2 24 69
3 31 54 77
3 67 50 62
4 64 63 45 91
1 72
5 39 58 56 52 63
4 38 66 10 61
2 57 30
3 28 56 51
3 73 20 22
3 67 49 38
8 60 56 16 61 92 41 49 76
2 4 56
3 90 46 43
2 30 53
1 28
2 78 55
4 60 63 41 66
2 59 56
2 39 78
2 64 51
2 75 43
0
4 57 7 24 51
0
3 31 43 32
7 40 44 85 47 58 57 37
1 66
2 92 64
1 27
3 55 45 45
1 41
2 43 52
1 45
6 60 42 54 27 49 40
3 63 39 25
3 63 83 70
2 36 74
3 50 96 56
2 32 14
3 38 6 86
2 36 38
4 50 64 56 54
5 51 50 48 86 37
2 44 19
0
4 53 74 57 31
2 57 27
1 35
0
4 21 29 40 57
1 21
2 47 58
1 67
2 23 16
7 50 74 11 50 62 21 30
1 30
2 69 98
2 69 1
3 61 29 65
2 41 48
3 47 65 82
2 67 56
1 49
2 82 41
2 52 35
2 52 47
1 56
1 61
1 16
4 34 48 61 38
6 39 58 38 53 91 82
0
1 58
4 42 64 55 43
4 44 71 89 51
4 39 47 76 42
3 61 37 3
4 23 27 25 27
2 45 26
4 33 59 51 83
3 77 32 54
1 55
1 42
0
3 25 38 32
0
1 60
5 92 55 70 58 92
4 56 78 71 54
0
1 85
1 73
6 45 90 40 65 59 44
3 69 41 86
3 35 52 41
4 56 71 35 8
1 24
2 50 35
2 50 55
1 65
3 55 41 22
2 68 33
1 17
2 49 34
1 75
1 20
0
5 58 20 55 45 39
3 35 39 58
3 40 20 53
2 42 49
3 33 28 47
4 50 57 73 67
1 81
2 81 53
3 84 72 89
6 51 53 78 32 5 26
2 45 60
1 50
4 28 56 27 65
0
3 54 57 37
5 42 44 4 36 64
5 62 73 38 33 78
2 49 43
2 63 53
4 99 10 82 92
3 11 47 32
2 25 27
2 56 65
3 58 63 26
2 43 22
5 58 37 6 73 86
1 63
2 80 64
1 10
3 68 1 23
0
5 76 51 55 30 38
0
1 30
2 3 68
2 40 24
5 62 53 58 46 52
0
5 99 28 75 54 19
0
4 70 90 46 38
3 50 53 47
1 62
4 49 32 25 13
5 46 14 46 36 67
5 26 19 35 32 62
1 4
0
5 70 51 49 16 47
3 45 56 61
1 90
0
2 78 53
2 60 43
2 76 68
5 47 19 48 19 35
1 49
5 67 51 55 35 26
5 83 28 82 56 46
3 50 58 72
2 17 32
1 35
2 56 83
3 21 77 80
2 42 61
3 62 71 26
0
1 59
1 59
1 53
2 39 70
2 65 68
2 82 23
2 37 61
4 57 53 55 40
4 44 39 55 62
2 26 62
2 12 15
2 49 57
1 40
1 51
3 33 56 55
4 19 62 38 59
3 38 74 52
1 38
2 52 77
5 73 52 32 48 23
0
4 20 4 79 24
2 56 27
2 80 64
2 48 34
4 24 57 61 26
2 23 38
2 38 49
5 51 45 40 38 65
1 38
4 39 56 66 68
3 67 76 26
0
6 32 42 57 14 48 55
2 71 49
1 29
4 40 79 46 81
3 80 42 41
2 48 41
1 24
0
1 54
3 46 68 69
1 86
3 48 53 28
3 59 42 48
2 44 2
4 35 44 35 54
1 58
4 53 99 35 46
4 57 39 23 61
2 59 44
3 55 22 39
3 54 41 19
4 21 49 84 87
1 60
1 54
0
4 34 73 6 34
4 40 52 36 75
5 28 39 76 39 54
4 27 21 28 44
2 35 35
0
0
1 65
0
2 20 42
2 57 63
1 42
2 48 17
1 64
2 42 53
4 76 76 46 74
4 48 37 8 55
5 46 28 85 16 44
3 55 53 41
4 43 45 91 50
0
1 39
2 69 59
0
1 1
4 46 43 54 45
1 62
4 60 72 38 53
4 28 37 70 30
2 50 80
1 54
2 37 29
1 50
2 43 54
1 43
1 28
3 6 55 26
2 9 40
5 50 47 37 57 85
1 55
3 46 70 24
0
3 46 78 43
1 72
5 47 50 76 56 33
6 14 41 36 40 68 25
1 78
4 50 62 17 28
2 27 47
2 27 64
3 41 43 45
1 55
6 77 82 70 50 56 84
4 58 55 59 50
3 49 61 49
3 62 43 21
1 46
2 85 71
3 78 45 49
2 50 66
1 38
3 83 23 15
1 58
1 43
1 59
0
3 45 37 37
2 15 55
2 32 58
1 68
1 67
1 27
6 49 65 41 48 44 77
2 37 64
2 83 91
1 27
3 29 39 44
3 60 66 49
1 78
1 39
1 48
3 27 57 76
0
5 49 71 48 56 97
5 49 31 60 66 52
6 26 39 35 71 44 68
1 32
1 76
0
1 37
2 58 76
4 45 62 34 30
1 43
3 35 31 55
4 68 32 45 70
4 29 60 52 63
2 26 48
4 67 31 30 44
0
2 65 75
3 65 37 52
3 41 46 85
0
2 62 95
2 18 39
1 25
5 36 54 41 79 57
3 64 61 84
2 65 59
0
1 77
2 49 51
4 72 23 16 39
4 65 28 1 54
6 26 29 89 77 42 75
2 49 71
2 64 70
2 61 55
3 9 64 45
3 78 82 28
2 42 74
4 49 59 48 44
3 88 39 32
2 77 67
5 66 65 44 59 34
0
3 55 33 82
0
1 21
1 31
1 44
0
2 48 49
1 43
2 24 39
1 49
1 54
6 23 36 4 74 69 81
3 83 42 47
2 19 68
1 27
1 38
3 42 57 31
4 72 62 60 53
2 39 42
3 38 53 53
0
0
0
3 56 55 65
1 11
0
1 23
2 58 59
5 61 70 71 15 61
3 45 81 73
3 27 63 29
3 39 63 77
2 55 51
2 56 56
2 67 28
2 83 64
3 32 71 97
2 75 60
4 59 47 62 65
2 39 15
4 41 50 78 46
8 13 60 53 32 63 81 12 36
2 57 71
1 48
3 80 97 55
2 55 41
2 77 67
2 52 56
3 68 50 73
5 26 63 64 32 53
1 79
1 30
1 47
0
1 79
2 24 36
2 72 24
0
3 44 74 44
1 36
1 17
3 30 30 24
1 40
3 45 36 41
3 56 43 33
4 80 40 50 42
1 83
1 70
2 43 47
0
1 48
0
3 80 66 38
4 42 77 51 68
2 29 63
3 56 36 47
3 57 43 57
0
1 80
4 57 57 36 60
3 76 51 40
1 32
2 61 38
1 41
1 55
3 25 25 54
0
1 65
0
2 42 80
2 41 75
0
0
6 46 48 49 21 49 15
0
1 44
1 33
6 41 62 99 48 65 43
2 25 50
5 69 63 27 42 37
2 40 37
2 68 47
3 32 66 45
2 33 38
0
5 64 16 35 53 59
2 43 49
4 42 14 62 44
4 34 40 26 50
1 63
3 52 73 81
3 30 48 57
1 67
2 54 38
1 28
2 9 69
1 74
3 54 67 56
3 31 72 63
3 37 69 8
0
3 36 40 73
2 37 57
3 52 44 60
0
4 41 19 75 23
2 57 60
3 74 59 29
1 54
3 63 31 39
0
1 56
0
0
1 28
0
3 67 83 77
1 84
3 81 87 48
3 52 34 16
4 62 30 85 58
1 79
4 42 87 62 65
3 38 31 62
0
2 24 66
1 30
2 66 28
5 48 67 40 25 45
2 70 81
2 34 71
2 49 45
6 58 65 71 50 59 44
4 42 49 70 63
0
2 55 49
3 17 59 56
2 38 38
2 44 72
1 61
1 59
4 61 35 42 71
4 60 93 65 67
2 60 75
0
2 15 63
3 44 27 79
0
1 18
1 40
1 15
2 51 35
2 48 45
1 36
2 68 48
0
1 81
2 40 62
1 50
4 40 50 55 48
2 26 68
3 83 33 41
1 58
0
2 37 86
1 29
0
0
2 37 47
3 26 62 44
1 9
3 66 76 21
2 71 29
0
2 24 42
4 61 76 57 44
4 72 34 42 93
3 39 38 47
2 69 62
4 30 43 49 50
0
1 28
5 29 66 45 63 82
0
3 69 46 40
0
3 61 30 57
1 17
1 76
2 60 19
0
1 78
1 72
1 91
1 34
3 17 78 64
1 27
4 34 17 56 60
0
2 54 88
3 56 52 7
3 56 35 66
2 62 25
3 58 49 16
1 74
3 47 19 8
2 36 54
3 7 48 33
6 25 34 47 27 48 41
2 22 48
3 82 41 63
1 32
3 76 41 58
0
2 50 49
1 14
1 35
3 45 50 57
1 37
3 53 18 63
0
1 38
3 42 81 42
1 51
0
0
3 80 64 46
2 76 39
2 48 51
2 54 52
2 30 35
1 53
1 50
0
1 91
1 50
1 75
1 35
2 34 42
5 50 60 15 61 43
1 47
3 16 45 7
1 56
2 21 22
1 61
2 58 16
1 69
2 25 80
3 47 27 84
1 82
2 43 63
3 26 66 42
3 53 17 62
0
3 59 62 79
0
2 84 53
2 81 77
1 24
1 43
1 54
0
2 60 51
1 33
3 61 58 41
3 67 44 28
2 45 36
0
3 40 41 88
0
2 76 85
5 19 32 32 71 18
3 60 62 51
0
2 35 41
2 67 41
3 60 69 64
3 47 66 79
1 47
4 35 83 47 73
3 43 25 79
2 74 38
2 59 74
0
0
0
1 36
4 63 72 24 54
1 66
3 55 71 52
2 71 30
1 83
0
3 26 68 37
4 43 86 79 65
5 39 50 13 34 39
3 37 36 30
2 68 39
1 29
1 56
0
4 51 29 68 37
1 45
0
2 72 36
0
2 8 78
2 56 27
1 93
3 41 63 53
1 50
3 41 35 89
0
1 46
2 37 35
1 40
1 69
0
0
2 74 30
2 53 88
1 47
1 30
3 27 100 59
0
2 81 44
2 49 62
3 49 58 52
2 45 60
3 71 73 25
4 45 57 51 90
2 39 53
1 43
2 21 70
1 86
2 34 56
2 59 49
2 39 68
3 71 47 87
1 34
1 80
1 48
2 42 59
0
6 41 49 93 84 65 49
0
0
0
1 63
0
3 90 15 50
2 58 36
1 55
2 55 85
0
1 47
2 28 53
2 88 54
4 58 36 45 71
5 32 63 73 57 31
3 52 37 43
1 49
1 14
1 79
1 88
1 66
2 37 60
2 69 71
1 76
1 61
1 72
2 40 26
2 50 65
3 41 49 27
2 33 25
1 44
2 88 92
0
5 37 37 36 60 48
0
0
2 69 77
2 59 62
1 51
1 85
1 29
0
2 70 50
1 36
2 54 32
2 61 77
4 32 38 34 56
2 22 49
0
1 28
2 40 42
0
3 65 67 62
1 42
1 33
2 79 98
2 15 61
4 11 65 67 79
4 64 52 58 62
0
1 37
3 79 58 24
0
1 65
2 77 30
0
3 37 72 46
1 67
1 9
1 10
1 21
2 35 31
1 47
2 9 44
1 88
0
0
3 67 19 63
1 72
1 52
0
0
2 53 24
0
2 63 79
1 71
0
1 63
3 40 28 6
0
2 52 16
1 73
4 48 26 62 30
2 78 65
1 47
2 55 68
1 13
2 54 28
1 60
0
1 80
0
0
2 60 54
1 50
1 44
1 83
2 43 87
4 31 23 56 55
2 53 53
0
0
2 57 39
0
1 79
2 73 54
1 91
2 75 91
2 66 48
4 22 28 65 48
4 5 69 50 84
3 47 47 31
1 30
2 20 32
4 28 56 55 47
1 32
3 68 41 80
1 27
0
1 54
2 84 77
0
2 63 65
2 50 47
3 35 48 24
2 21 41
1 43
3 30 69 60
2 58 11
1 86
0
1 65
0
0
1 23
4 59 93 22 15
1 28
0
1 40
2 34 44
1 49
2 30 27
3 35 66 32
0
1 70
1 47
3 63 16 32
0
1 77
2 96 35
2 41 50
0
4 31 66 91 27
0
1 64
1 50
1 17
0
3 35 49 38
2 46 82
0
3 60 62 50
0
1 45
2 41 37
2 58 47
3 60 98 37
1 32
1 72
2 59 54
0
1 62
1 40
0
2 1 59
2 53 67
1 52
0
0
1 54
2 74 33
1 55
0
0
2 20 29
4 46 44 45 33
0
0
1 63
1 88
0
1 62
1 55
2 68 25
3 50 44 31
0
2 31 35
1 51
2 33 64
0
2 92 86
2 48 52
1 76
3 40 35 56
1 37
2 19 35
0
3 43 41 31
1 75
2 49 36
1 27
2 61 71
1 52
2 33 60
1 48
1 40
2 60 35
1 47
1 49
0
0
0
0
1 45
0
3 38 45 63
1 72
1 69
3 27 50 51
1 41
1 57
1 4
2 59 30
0
1 78
1 73
1 75
3 41 40 64
2 29 83
0
2 71 58
1 57
1 33
0
1 70
1 58
1 84
2 63 80
1 74
1 73
2 40 43
1 44
0
2 35 53
1 0
3 79 14 82
2 48 78
1 38
0
1 26
1 90
1 48
2 26 62
3 74 41 48
1 38
3 87 0 86
0
1 39
0
