3600 4
0
1 86
0
0
0
0
1 58
1 75
0
1 20
0
0
0
0
0
0
0
0
1 60
2 36 30
0
1 32
0
0
3 48 53 19
1 32
0
1 42
0
0
0
0
1 32
0
0
4 79 36 62 64
0
0
0
0
1 42
0
2 61 71
0
1 37
3 36 63 50
1 30
0
0
1 61
1 63
0
0
0
0
0
0
0
2 51 48
1 27
1 29
0
0
1 74
0
0
2 55 54
0
0
0
0
0
0
3 16 68 47
0
0
1 10
0
0
0
0
1 39
1 84
1 48
0
2 42 60
0
0
1 58
0
0
0
0
0
3 39 55 35
2 81 50
0
1 70
2 36 77
2 57 65
1 45
1 63
0
1 44
1 45
0
0
0
0
0
0
0
1 71
0
0
0
1 9
0
1 64
0
0
1 48
0
0
0
0
1 28
0
2 40 18
3 41 53 56
2 37 29
1 3
0
2 46 27
0
1 74
0
1 19
0
0
0
0
0
1 38
0
0
3 50 67 65
0
1 52
0
1 47
2 38 66
0
0
2 85 51
1 64
0
0
0
2 27 69
1 78
1 58
1 14
0
1 54
0
2 54 41
0
2 65 36
0
0
0
0
3 46 46 59
2 35 15
3 44 39 59
0
0
1 38
0
0
0
1 27
1 51
1 63
1 44
0
1 25
0
0
0
0
1 44
0
2 66 47
1 84
0
0
0
0
0
0
0
1 65
0
1 27
0
0
1 60
1 71
1 30
2 27 40
0
2 61 53
0
0
1 55
1 31
0
0
0
2 39 61
2 37 44
3 63 49 22
0
0
0
1 13
2 61 32
2 58 25
1 31
0
1 83
0
1 46
0
0
0
0
0
1 21
2 61 53
1 50
2 51 49
0
1 40
1 49
1 42
1 34
2 62 46
0
1 61
0
0
0
0
0
0
0
0
1 69
0
0
0
1 43
2 49 51
0
0
1 91
3 75 48 15
0
0
1 33
1 54
2 49 52
3 31 21 34
1 55
0
0
0
1 45
0
1 55
0
1 83
1 45
0
0
4 23 75 63 23
1 65
2 65 16
0
2 58 40
1 12
1 38
0
1 36
1 54
1 44
1 45
1 19
0
0
1 58
0
1 82
0
1 50
1 32
0
1 27
1 79
0
1 83
1 62
0
0
1 43
0
1 59
1 48
1 41
0
0
0
1 49
1 63
1 14
1 48
0
2 66 36
0
4 18 39 70 25
0
0
2 36 66
0
0
1 55
1 42
0
1 34
0
1 16
0
3 17 55 75
0
0
0
1 59
1 26
1 44
0
1 45
0
2 5 41
1 42
0
1 67
2 72 49
1 55
1 45
2 55 38
0
0
1 63
1 74
2 61 49
0
1 79
1 32
0
0
2 62 75
2 50 51
0
0
1 76
1 46
1 19
0
0
0
1 29
0
1 38
0
1 38
1 59
1 19
1 96
1 32
2 54 75
0
0
1 51
0
4 59 72 45 47
2 65 61
2 27 74
0
3 46 54 32
0
2 59 59
1 43
2 45 57
1 91
0
0
0
0
1 46
1 55
2 48 68
1 43
2 36 45
2 76 34
0
0
0
2 31 33
2 71 67
0
4 19 77 83 45
0
0
0
1 52
3 35 86 67
0
1 34
1 8
0
0
4 63 62 63 35
3 99 72 11
0
0
1 48
0
1 67
0
0
2 56 58
0
0
2 66 25
1 31
0
2 25 58
0
1 30
0
0
0
1 64
1 56
1 49
1 63
0
3 70 80 64
1 50
1 69
3 48 25 63
3 43 66 28
2 43 70
0
1 65
1 58
2 43 15
0
0
2 60 64
0
2 59 60
3 42 33 34
0
0
1 62
3 59 22 36
2 63 43
0
2 48 63
0
1 33
1 58
1 42
0
2 8 41
0
0
4 78 59 18 29
2 26 35
1 59
0
1 51
1 43
0
0
0
1 76
0
1 35
1 48
0
1 90
2 51 51
3 55 72 70
1 50
0
1 43
0
0
1 93
2 77 82
0
2 58 58
1 68
0
1 36
0
3 73 13 54
4 85 86 60 40
1 34
1 60
1 54
0
2 63 15
0
2 48 21
1 33
2 39 33
3 72 52 30
0
1 64
0
2 52 50
3 55 24 61
2 49 59
1 32
0
0
2 39 20
3 43 70 36
0
0
1 70
0
1 32
1 34
0
1 48
1 59
2 72 42
0
0
1 62
0
1 50
2 43 24
4 67 60 60 35
1 67
1 67
2 29 25
1 68
0
0
3 34 48 49
1 39
1 86
0
0
0
1 65
3 18 13 61
2 37 42
2 86 14
0
0
1 49
2 13 67
0
3 33 52 49
3 53 39 59
1 68
1 71
2 72 58
1 55
1 43
1 72
3 25 37 49
1 39
0
2 32 44
1 4
1 97
0
2 38 35
1 25
0
1 22
2 29 25
2 42 77
1 68
1 43
2 83 36
1 20
0
1 14
1 43
2 30 63
4 70 52 44 29
1 54
1 63
2 62 59
3 55 53 63
2 32 13
1 70
0
2 63 77
2 29 59
0
0
1 53
0
0
1 63
0
0
0
2 21 21
0
1 72
1 39
3 55 51 39
2 29 69
0
1 53
0
3 70 83 58
1 39
1 49
3 29 61 46
1 66
2 49 63
0
0
1 55
0
2 59 48
1 44
1 53
1 44
2 38 27
2 48 38
1 54
2 39 60
0
1 35
0
3 24 40 50
2 23 51
2 59 64
0
2 6 56
3 93 34 5
2 63 42
1 39
0
0
1 81
3 75 64 27
3 53 43 51
0
0
2 48 33
1 61
4 65 46 58 10
2 69 26
1 60
0
1 64
0
3 66 33 29
0
1 55
0
2 64 65
2 60 31
1 48
3 73 24 1
1 70
1 57
0
0
2 41 46
2 24 22
1 26
1 31
2 59 10
4 37 47 75 30
2 91 41
3 50 32 49
1 31
3 39 75 35
1 65
0
1 33
1 56
3 66 8 32
1 41
3 43 48 59
0
1 6
0
1 36
2 77 15
5 47 24 28 57 35
2 47 34
1 56
3 48 44 47
1 43
0
2 52 69
2 87 21
0
3 47 32 56
3 54 9 65
0
1 83
4 31 23 45 44
0
1 24
0
1 65
1 65
2 26 34
1 24
1 66
0
1 65
0
1 68
0
1 60
3 64 22 49
1 28
1 61
2 73 55
1 42
3 53 20 35
3 10 8 36
0
1 49
1 16
1 60
2 58 54
2 27 49
7 49 45 42 71 11 49 36
1 66
1 39
1 26
2 44 44
2 36 81
1 52
1 34
1 83
4 32 57 42 38
0
0
2 48 61
1 52
3 63 37 44
0
2 52 90
1 84
1 23
3 47 93 82
1 79
0
2 63 42
0
1 50
2 5 36
0
0
2 54 31
1 58
0
3 60 55 51
4 55 61 10 81
1 34
0
2 77 56
1 24
3 31 44 42
2 59 59
2 83 88
0
0
3 69 68 36
1 59
1 51
1 55
2 24 95
3 28 39 48
3 59 46 80
0
0
3 10 45 41
4 29 46 39 58
3 44 50 62
2 43 55
3 50 36 73
1 71
1 36
1 65
1 34
0
1 12
4 62 53 36 55
2 34 34
2 45 74
2 28 19
0
1 49
2 58 29
0
3 68 78 43
0
5 70 49 66 13 63
2 58 39
1 56
2 29 30
0
1 57
5 24 18 51 12 69
2 62 63
2 36 93
1 27
1 60
3 63 65 32
1 46
2 84 37
1 42
2 36 66
1 54
2 66 58
0
2 50 27
0
0
0
1 51
4 80 50 44 46
0
3 40 25 11
1 33
2 44 49
4 31 45 24 19
0
2 36 53
2 80 86
0
3 64 36 28
2 54 48
2 53 20
3 51 21 46
0
0
2 85 41
2 1 23
2 29 69
2 62 31
2 89 54
4 57 17 74 60
1 48
1 61
3 3 32 56
0
1 24
2 42 43
2 53 61
2 47 36
0
1 34
3 76 40 45
4 61 63 65 81
2 81 71
0
4 41 35 40 51
0
2 46 74
3 74 29 92
0
4 60 56 57 10
3 54 52 48
3 90 56 42
4 25 73 81 52
3 78 71 80
0
1 33
2 27 56
1 88
0
1 19
1 51
1 45
1 12
1 43
1 30
5 56 62 58 38 27
3 59 72 75
3 60 42 32
1 38
3 58 65 16
0
1 46
0
0
0
2 60 47
1 50
0
2 50 58
5 80 29 14 60 33
1 78
0
1 12
2 36 58
2 43 35
3 51 53 54
1 54
2 47 55
1 49
0
2 40 71
3 38 52 25
2 68 60
2 47 23
2 36 74
3 20 49 60
1 70
1 64
2 17 63
1 77
4 37 79 30 52
2 38 72
0
4 30 57 43 38
3 55 56 64
0
4 66 28 58 45
2 36 42
2 41 60
3 37 52 75
2 49 38
1 49
2 68 41
3 27 67 54
2 40 54
3 7 52 30
3 52 74 52
1 53
1 84
1 45
4 58 41 36 29
2 72 58
1 49
0
2 46 9
2 63 43
0
0
0
3 44 42 66
2 45 50
1 52
1 49
3 24 52 44
2 61 54
4 65 85 56 69
0
2 20 81
2 34 45
6 34 33 63 58 43 50
0
3 80 36 61
2 30 25
1 19
0
4 22 19 34 53
3 51 54 57
1 36
1 94
4 25 36 40 61
3 44 67 25
3 50 40 43
0
3 32 37 49
2 14 31
0
0
0
2 16 86
3 30 46 85
2 56 66
1 25
2 43 65
1 68
1 48
0
4 49 33 36 56
1 52
3 40 89 45
1 28
1 42
0
3 39 78 31
3 47 60 57
1 49
2 38 69
2 27 62
4 28 34 59 60
1 43
0
6 15 28 42 41 59 72
3 88 59 42
2 36 37
2 27 52
3 70 53 59
1 49
4 41 59 75 1
2 23 32
3 44 59 34
1 75
1 39
3 82 54 41
2 6 30
1 85
1 48
0
1 48
6 36 40 40 7 51 90
5 56 80 59 64 71
1 42
2 40 64
2 65 52
1 36
4 55 33 38 71
1 63
0
1 66
1 92
0
2 31 46
2 62 73
2 34 42
3 54 54 50
1 36
4 64 49 97 37
3 43 25 72
1 60
2 48 38
1 60
3 51 46 70
2 44 45
3 28 18 57
2 89 63
5 9 33 68 65 43
2 36 15
3 33 17 67
2 12 48
2 57 49
1 38
1 56
1 65
2 34 3
3 48 42 1
1 21
5 58 45 38 3 85
1 29
1 58
3 91 53 22
1 44
4 21 72 66 19
1 70
0
2 45 61
3 72 39 23
1 33
4 30 33 28 56
1 70
2 55 43
3 67 85 67
1 54
1 79
1 32
3 24 63 20
2 45 44
3 73 59 39
2 38 36
0
0
3 52 63 38
5 50 77 53 60 60
5 51 54 4 20 65
2 30 36
1 59
2 39 49
0
2 59 69
3 46 52 14
3 53 88 42
2 67 56
0
1 30
0
2 7 52
0
6 60 73 58 57 63 29
0
3 70 74 65
2 50 24
3 31 45 41
2 72 34
2 41 85
3 46 29 29
1 84
0
2 62 35
3 47 51 42
3 56 43 62
2 75 75
4 93 62 64 41
3 18 34 8
2 51 58
2 20 61
2 85 46
1 7
2 58 85
1 42
1 8
2 45 51
0
6 84 29 76 30 29 53
1 38
3 63 31 27
0
3 50 34 83
3 36 58 19
2 82 90
3 40 67 40
1 13
2 70 40
4 37 32 41 65
2 28 49
2 51 66
1 71
3 98 56 49
3 37 41 36
2 92 52
1 64
1 53
1 75
3 40 56 37
3 14 67 37
2 79 64
4 80 66 37 29
1 45
2 57 84
0
3 68 29 25
3 62 31 17
2 42 50
2 54 32
2 13 80
1 61
1 25
1 40
2 33 72
6 23 64 35 67 33 59
2 66 23
3 55 29 40
2 32 9
2 25 72
2 58 31
1 44
1 31
3 46 20 41
1 51
3 37 49 30
2 75 60
3 71 88 20
1 26
3 88 65 58
4 57 42 80 62
0
5 64 21 39 67 44
4 29 28 50 31
5 64 66 45 63 48
1 17
2 24 61
2 46 43
3 80 52 67
4 53 47 60 73
2 37 59
2 52 50
1 37
1 58
3 59 51 41
2 47 89
1 29
3 53 15 70
1 46
2 48 31
5 50 64 73 54 12
4 24 5 62 35
1 21
3 53 80 24
1 69
1 65
2 66 24
2 43 41
0
3 39 16 88
0
3 35 59 66
2 35 35
3 57 34 71
1 25
1 75
0
3 77 24 22
1 42
4 55 34 64 76
1 86
1 76
3 76 26 51
6 30 32 51 64 34 52
1 26
2 4 56
4 16 43 13 52
2 69 58
3 22 65 49
5 46 29 12 41 34
2 54 25
1 66
0
7 36 58 47 49 55 34 64
1 42
4 50 26 42 69
1 51
2 71 29
2 58 44
2 52 58
2 45 60
3 39 78 10
2 33 56
3 12 60 36
2 72 94
2 39 45
1 64
2 34 42
2 73 18
1 44
1 58
1 44
0
3 33 16 37
3 11 41 55
6 4 53 48 32 61 66
1 29
2 64 56
1 42
3 77 56 12
4 46 60 39 86
1 43
4 45 55 35 58
0
0
3 74 49 36
5 47 27 61 79 75
2 81 24
2 33 60
2 34 58
5 38 43 85 25 65
3 21 36 34
4 79 59 27 57
1 40
3 57 52 55
2 54 50
2 42 43
2 28 70
4 50 24 52 59
2 43 25
2 54 60
0
1 27
1 24
2 40 38
1 18
2 52 83
2 18 51
0
2 71 50
2 37 79
0
1 23
2 23 58
2 51 42
4 56 54 45 26
3 60 56 73
2 63 77
0
4 26 48 39 44
4 59 57 56 66
0
5 20 35 37 54 29
3 97 47 25
4 20 77 73 55
3 16 32 61
3 63 44 53
0
1 61
5 52 69 22 42 71
1 53
4 32 26 63 71
3 54 37 54
3 39 56 40
3 45 49 69
0
3 53 41 23
4 28 48 81 77
2 75 70
4 70 61 36 35
3 37 74 64
2 26 95
2 76 23
3 58 52 88
3 22 54 77
0
2 34 66
4 28 58 62 48
1 42
1 41
2 62 39
0
3 44 79 31
4 66 72 21 51
3 73 39 58
0
2 59 57
0
2 57 67
2 34 61
2 51 71
1 47
3 56 39 33
1 30
5 49 38 56 31 15
4 45 84 63 47
3 42 38 56
5 61 70 54 50 46
4 53 55 70 29
3 72 47 38
2 12 48
2 75 35
4 35 27 36 45
0
6 50 36 20 29 24 52
3 54 57 51
3 9 49 53
3 52 68 64
0
5 32 47 22 71 44
2 67 56
2 66 86
1 56
2 53 41
3 51 75 39
0
2 62 46
4 22 21 54 43
0
3 50 44 56
4 75 32 41 52
3 57 47 49
1 47
2 87 19
2 62 61
4 53 29 78 42
1 80
2 19 49
2 41 56
0
2 68 81
1 31
4 60 60 39 42
4 78 75 19 45
5 62 66 64 45 51
4 28 50 48 46
5 56 54 70 83 50
4 78 44 6 53
2 38 8
2 38 63
3 33 73 79
0
1 61
0
2 73 22
0
2 58 65
1 33
1 60
3 94 44 28
3 82 68 33
2 14 65
2 73 72
0
2 38 74
6 41 38 42 82 40 11
1 76
2 34 47
3 74 21 31
2 76 80
5 71 54 70 84 63
2 38 58
2 56 33
3 82 41 56
2 35 58
5 73 33 52 64 66
3 22 37 66
3 17 36 35
5 28 25 61 70 63
2 10 87
2 26 50
4 52 88 54 37
3 46 35 16
2 93 66
1 30
3 64 43 57
1 55
6 63 22 49 54 25 72
2 34 32
2 55 50
1 89
1 24
2 58 56
2 55 66
5 94 18 66 18 45
0
0
3 12 41 52
4 4 29 38 8
1 40
4 68 36 23 26
3 34 16 27
2 50 19
2 53 48
3 35 70 46
2 29 45
2 41 30
2 80 97
2 89 42
0
2 53 30
1 38
1 44
4 43 38 24 66
4 81 48 50 43
2 51 70
4 75 48 56 60
2 40 69
1 36
5 48 83 43 40 33
2 56 58
5 61 47 55 58 54
2 34 48
1 42
2 57 73
5 52 44 88 34 98
4 28 19 17 45
3 77 66 86
3 33 38 52
3 28 98 83
1 54
1 53
2 43 31
1 55
0
4 55 45 61 26
4 76 60 61 15
2 43 19
1 26
4 69 50 61 53
2 41 54
4 54 79 25 43
3 54 54 30
2 47 43
6 57 70 42 15 46 32
4 56 17 33 58
0
2 29 79
1 53
3 83 54 56
0
3 63 64 9
2 38 67
3 56 45 60
7 71 70 37 68 57 70 23
3 44 57 40
3 59 25 33
2 70 87
1 72
1 24
0
0
3 65 71 4
4 49 14 26 75
3 38 39 45
4 42 53 36 2
0
0
2 52 43
3 49 15 75
3 35 29 70
3 73 34 65
2 59 44
1 54
4 38 65 40 25
2 44 63
1 39
5 55 26 63 61 60
3 63 37 71
3 36 40 36
2 71 64
0
1 71
3 42 81 40
3 62 36 21
2 74 37
5 82 16 46 51 50
7 80 50 48 57 77 51 41
3 72 64 45
5 50 31 62 79 52
2 16 45
2 57 47
2 67 60
5 36 64 9 36 28
2 52 48
1 46
2 76 39
3 33 85 68
4 28 49 16 51
3 70 61 56
4 61 43 69 71
2 77 48
1 59
2 54 60
2 50 53
4 32 63 76 53
2 50 60
3 41 66 38
1 49
3 55 73 65
6 63 56 49 68 49 71
0
2 58 69
4 52 30 53 39
0
2 69 51
5 33 29 34 55 68
1 19
4 59 21 37 55
1 70
1 74
1 77
1 24
2 47 27
1 41
3 64 46 25
2 56 32
2 61 44
7 64 53 44 31 76 36 59
1 82
0
5 57 46 40 34 24
2 16 47
3 13 23 52
5 74 70 55 63 48
1 83
1 60
4 37 50 77 30
1 68
2 70 44
4 38 65 37 48
4 61 40 28 45
3 71 85 43
0
4 71 49 51 54
4 41 74 33 27
1 17
3 45 27 85
5 45 70 62 52 55
1 18
2 66 33
5 57 8 48 37 31
2 53 60
4 42 55 58 83
3 42 18 33
1 47
4 35 20 19 48
3 27 43 60
3 55 30 29
0
1 64
1 48
0
4 89 62 51 35
2 42 44
5 62 43 65 43 50
2 14 50
1 47
3 66 54 82
0
3 78 58 53
1 40
3 49 61 59
3 25 10 48
2 29 66
1 70
2 39 39
3 64 40 42
4 44 30 69 43
4 41 82 53 68
1 49
1 17
2 66 65
3 42 17 67
1 54
4 36 74 78 51
1 44
3 61 21 20
0
2 32 50
2 61 31
4 64 66 83 16
1 25
3 70 27 11
3 31 30 36
0
5 37 91 38 44 36
3 41 66 61
3 30 40 61
3 42 84 49
1 95
1 51
7 65 53 62 65 63 55 66
7 28 74 30 58 71 83 37
5 44 40 20 66 63
0
1 58
4 46 61 32 52
2 24 70
3 70 28 24
3 27 53 66
2 55 32
3 10 64 55
3 49 90 78
3 83 51 60
3 13 92 54
4 53 45 75 49
4 45 39 22 51
2 61 77
1 94
3 62 20 43
1 75
1 81
1 78
2 50 69
3 54 86 49
2 57 45
3 45 18 22
1 17
2 75 53
3 43 40 55
5 48 34 51 42 36
1 73
0
1 37
1 67
2 17 76
3 35 86 32
5 38 57 31 62 71
2 50 65
2 40 37
4 59 27 6 39
4 67 42 75 43
2 41 48
2 31 62
1 37
3 23 66 34
2 55 31
2 18 30
1 37
3 56 73 76
3 49 48 53
5 13 32 53 88 66
1 11
4 65 50 56 60
2 51 32
2 23 31
0
2 50 54
2 41 44
5 48 68 37 62 25
2 72 45
3 70 62 37
2 71 53
2 80 46
2 77 38
3 56 85 81
2 27 19
4 58 52 37 80
4 36 35 23 36
4 71 51 21 60
4 65 30 56 51
3 34 32 80
1 54
2 63 66
3 56 30 60
3 72 70 37
3 70 31 49
2 41 53
2 89 31
1 73
4 34 48 39 69
1 64
2 67 49
3 41 56 54
2 60 4
2 44 40
1 45
2 35 31
2 41 63
1 56
3 60 93 51
6 31 0 58 83 65 43
0
1 35
3 49 50 35
3 50 27 27
4 33 19 64 45
0
3 51 30 63
5 80 58 64 37 53
3 42 66 59
2 43 30
4 49 45 79 78
1 34
4 23 25 83 60
4 53 67 49 43
1 71
2 48 63
4 50 71 54 66
2 93 37
4 32 70 68 66
3 78 61 43
1 52
2 74 38
2 64 68
4 62 34 58 30
2 61 53
1 83
2 56 57
2 38 40
4 70 50 46 38
1 53
4 42 52 63 89
2 47 80
1 35
5 40 72 23 72 58
5 72 81 56 69 12
3 60 73 72
3 44 93 53
2 62 64
2 19 45
1 33
3 73 76 44
3 37 59 75
3 70 54 38
3 63 57 50
2 57 27
2 68 88
2 54 51
1 23
3 88 28 57
4 41 27 55 34
4 47 60 38 8
3 74 69 57
2 39 63
2 58 52
1 54
1 38
2 23 47
4 53 66 44 39
2 8 80
4 77 64 68 35
0
0
1 34
2 48 52
3 79 62 39
3 37 39 61
0
3 40 12 51
2 72 86
3 11 35 49
5 17 45 93 42 60
4 76 55 11 53
1 65
3 57 68 77
2 81 33
3 51 43 30
2 69 29
1 54
3 44 51 52
4 72 56 39 30
3 31 57 37
4 25 12 45 38
0
2 4 66
2 76 30
4 57 63 65 48
0
2 72 59
8 40 49 69 26 58 52 31 57
0
4 62 43 0 56
1 60
4 45 26 56 54
2 65 24
4 46 37 54 55
0
1 42
2 19 63
2 54 51
3 46 53 80
5 80 72 18 49 72
2 41 30
4 36 73 58 64
3 59 47 48
1 59
1 71
1 24
4 82 57 30 46
1 86
1 49
0
6 36 86 40 59 39 65
1 15
4 57 73 81 74
4 10 53 93 8
3 39 57 54
2 71 56
1 23
5 81 74 29 58 54
2 63 58
4 98 27 32 55
3 50 11 35
1 97
1 12
3 74 40 72
2 52 65
2 63 57
3 61 52 91
6 46 57 41 57 68 25
5 51 59 44 20 63
3 72 34 37
4 48 84 67 64
4 65 38 8 41
0
1 52
0
1 6
5 84 35 43 44 76
4 67 55 40 64
1 46
4 73 23 39 49
1 42
2 53 73
5 61 64 70 66 70
3 85 25 89
1 12
6 77 24 49 29 45 34
2 38 46
0
3 89 35 64
2 12 76
3 51 61 30
0
1 42
1 77
2 28 68
4 61 38 39 62
7 81 65 47 47 52 60 40
3 48 57 34
1 51
3 38 80 51
5 42 54 75 59 69
5 48 31 80 70 46
0
2 33 41
2 48 20
4 68 58 50 0
3 37 55 74
1 58
0
1 74
2 16 65
2 44 73
1 58
1 29
4 69 74 50 72
3 68 48 33
3 19 54 88
4 22 41 46 60
1 69
5 66 42 52 3 25
1 84
3 65 39 53
2 26 41
4 42 46 72 63
1 39
4 30 61 36 37
1 79
2 32 39
2 32 24
0
0
2 42 83
2 75 47
0
2 53 62
1 69
3 59 41 71
2 41 84
4 74 76 46 78
1 46
5 76 69 81 63 32
1 37
3 38 45 78
1 83
6 26 61 100 81 22 32
5 50 33 57 78 27
7 37 44 40 59 36 29 74
2 41 59
1 70
2 58 38
3 60 42 35
1 26
1 54
4 38 86 53 60
4 49 55 45 50
1 45
2 36 47
1 64
1 47
1 52
4 73 62 54 37
3 64 68 71
2 60 35
2 72 66
3 57 59 49
1 46
2 31 82
1 49
1 63
2 48 28
1 70
1 70
1 61
1 28
2 53 36
0
4 38 38 51 50
0
3 18 16 61
4 68 88 27 57
1 52
5 47 43 87 80 81
1 69
1 71
5 69 33 50 77 69
4 77 41 56 58
1 41
3 91 58 75
2 33 48
2 54 53
3 68 65 65
3 49 43 24
2 40 56
2 54 65
4 35 60 41 30
4 87 48 36 48
0
4 35 65 45 42
1 68
3 43 37 50
4 33 79 54 29
3 80 49 58
2 49 53
2 25 69
2 84 70
3 38 60 43
2 69 88
2 60 52
5 38 41 48 58 73
5 32 12 79 53 57
3 45 64 61
2 38 45
5 76 64 58 73 63
1 34
1 80
0
4 59 63 46 56
5 60 58 39 30 87
2 34 25
2 46 28
1 71
2 43 83
2 50 12
3 42 4 46
2 34 62
1 62
1 48
4 53 39 31 38
1 38
0
1 62
2 63 30
2 30 70
3 48 66 30
3 53 65 27
1 80
2 50 54
1 37
3 30 51 48
1 38
3 48 34 73
4 75 43 64 64
1 62
4 25 54 73 34
1 52
4 44 34 19 49
2 62 51
2 62 45
2 79 55
3 69 56 3
4 65 76 49 48
2 49 67
2 39 39
2 44 31
2 31 39
1 48
2 50 78
1 43
3 60 37 40
1 34
3 55 27 56
4 31 17 34 31
1 53
2 0 63
4 45 29 33 46
0
3 58 58 56
4 23 38 49 78
2 55 49
6 42 57 10 45 62 46
1 92
1 36
1 13
3 75 56 57
3 37 15 31
4 72 6 58 20
2 19 68
1 25
3 55 82 61
3 51 58 50
0
2 40 25
2 38 81
1 30
3 2 45 65
3 66 74 46
0
2 41 56
0
2 79 43
1 37
4 31 33 48 54
4 92 40 39 58
0
3 74 48 63
5 55 57 47 38 32
2 88 38
1 58
4 13 73 41 44
2 73 49
2 71 34
3 32 63 36
2 54 46
3 65 67 50
3 65 29 34
2 50 31
4 74 70 33 73
1 57
6 51 32 49 37 20 52
1 58
0
3 54 13 41
4 69 35 57 94
5 13 45 53 31 15
1 19
3 50 42 39
4 77 68 51 17
3 37 22 67
1 57
4 48 62 57 27
1 82
1 27
2 36 60
0
7 58 46 81 74 59 46 61
1 57
1 60
3 45 56 58
1 82
1 53
2 41 28
5 13 72 62 67 86
0
1 74
2 33 65
1 71
1 63
3 38 69 13
0
3 40 55 40
3 62 41 45
3 62 89 78
2 51 35
3 100 45 54
0
2 29 57
5 38 67 77 35 45
2 48 39
1 1
1 31
2 48 56
1 41
2 77 42
1 33
2 49 54
1 48
2 42 33
2 93 43
3 63 52 53
1 73
4 71 42 28 60
4 41 42 30 41
2 67 84
4 62 90 56 72
5 47 41 28 66 74
2 74 55
1 87
2 62 31
3 54 84 34
1 8
2 63 40
2 28 67
2 78 52
2 58 61
2 46 30
2 65 57
1 65
2 50 50
0
0
3 65 43 25
5 37 22 64 39 67
1 56
4 31 64 75 32
3 61 47 29
3 67 16 52
1 65
2 40 51
0
1 57
2 38 47
2 39 27
3 12 28 37
3 41 24 32
3 67 32 45
5 19 75 36 70 15
2 43 70
2 58 68
1 75
1 58
2 39 92
4 31 42 22 41
0
1 57
4 0 30 54 57
3 27 73 78
3 46 32 59
1 61
3 36 18 82
2 79 37
0
0
1 77
3 55 52 25
1 23
2 27 59
3 27 3 21
5 41 33 73 64 55
1 56
1 32
1 67
6 64 58 48 11 42 41
2 71 56
3 65 58 52
2 51 34
1 56
2 29 24
2 63 54
3 29 34 17
1 9
0
2 33 69
5 86 90 55 38 66
2 47 64
4 53 70 22 83
1 73
1 29
1 13
4 48 63 34 17
1 6
3 7 51 31
1 60
1 46
3 48 28 69
0
4 38 71 63 53
2 35 16
3 85 57 94
1 56
2 80 26
2 49 52
1 54
4 42 63 70 40
1 57
2 50 19
3 54 11 55
1 20
1 56
1 29
2 38 19
2 61 49
1 82
4 57 9 19 55
1 74
3 29 60 77
1 66
2 33 56
1 43
1 30
2 39 30
3 61 66 46
0
3 18 26 48
1 29
4 63 34 46 72
2 60 88
2 73 44
1 63
5 39 40 34 64 17
3 29 47 58
1 66
3 41 41 49
2 58 68
3 70 50 47
2 35 50
0
0
2 47 43
1 69
0
4 32 36 43 73
1 54
3 37 57 24
3 39 92 69
1 32
2 10 16
0
4 38 62 17 73
1 59
3 23 65 17
2 52 79
1 26
0
1 52
2 39 39
1 63
1 27
2 44 42
1 25
0
3 79 52 26
3 30 48 46
5 84 54 54 77 75
1 34
0
3 10 20 17
3 37 53 63
4 71 28 61 16
1 63
1 67
0
1 28
1 86
3 70 52 46
2 49 42
3 45 63 14
4 42 70 21 66
1 24
2 45 63
2 32 44
1 50
3 35 68 39
2 20 36
3 29 15 55
0
3 59 42 35
1 67
4 51 66 63 56
5 48 47 37 59 61
1 41
2 43 67
5 70 83 57 31 27
1 51
2 48 46
0
3 19 35 71
2 26 39
1 58
1 36
1 62
1 9
1 69
3 65 35 44
0
4 56 39 41 49
1 13
3 50 30 52
4 35 49 43 44
3 48 61 85
1 29
3 48 77 21
0
1 17
3 66 61 50
2 30 40
2 21 57
2 36 35
5 50 48 71 66 75
4 45 81 55 13
1 72
1 69
1 57
2 64 69
2 47 53
2 62 53
1 74
0
3 60 29 82
0
1 45
0
3 55 63 21
2 30 77
3 79 19 38
0
0
2 26 40
0
3 76 52 57
3 50 53 39
1 66
1 48
0
2 70 28
3 66 59 65
3 56 68 33
0
0
3 52 92 49
2 63 52
2 49 66
2 58 43
3 31 38 25
4 59 88 53 88
4 21 19 73 36
3 100 43 31
2 41 10
1 50
2 74 69
1 14
0
3 52 42 95
3 48 57 61
1 81
1 61
4 57 72 42 70
4 49 36 65 69
2 58 29
2 68 46
1 26
1 64
6 58 56 72 16 58 32
3 63 59 35
1 19
0
1 88
2 70 35
0
2 27 44
0
1 34
1 29
2 39 22
2 50 48
1 46
2 37 56
2 71 67
1 45
1 40
0
2 33 66
1 49
2 43 63
4 45 80 20 56
1 51
0
0
4 45 76 37 42
2 13 33
2 34 46
1 55
0
2 57 70
1 27
0
2 47 41
3 84 72 14
3 48 21 38
1 34
2 41 82
2 8 43
1 54
0
4 80 86 70 48
1 53
1 54
2 53 55
3 55 56 58
1 38
0
3 60 64 50
1 12
4 45 53 28 63
2 32 91
1 71
1 23
1 77
3 47 90 53
2 46 56
3 53 57 73
0
2 62 74
4 57 84 83 47
3 49 65 52
2 52 37
2 50 51
1 67
2 65 42
1 82
1 41
2 38 57
0
1 40
0
1 31
1 23
0
0
0
2 56 42
0
5 53 67 62 47 55
2 17 50
2 20 33
1 45
2 82 4
3 35 36 79
2 20 44
2 59 41
3 86 16 68
0
3 60 58 60
0
0
0
5 83 19 38 36 56
0
1 50
3 51 56 38
4 17 19 44 75
2 29 98
2 42 51
0
3 37 54 33
2 9 35
0
0
1 43
0
4 62 37 41 22
2 33 65
2 35 68
4 32 74 34 65
3 65 32 34
1 59
2 35 49
2 23 52
4 43 27 45 40
3 62 48 61
0
1 69
4 46 42 84 33
1 51
0
2 35 54
0
1 70
2 58 1
3 51 71 43
0
1 67
0
0
2 70 56
2 49 20
3 37 39 17
1 21
0
0
3 15 41 29
1 78
1 31
1 67
1 43
3 87 33 43
4 56 39 49 61
1 40
0
3 56 39 74
0
0
2 27 60
1 36
0
0
2 43 65
0
2 52 83
5 38 56 77 95 83
3 50 56 43
2 61 23
2 65 49
1 48
2 45 54
0
2 66 30
5 82 43 31 40 47
1 58
0
2 26 63
1 34
1 47
2 50 73
1 49
1 22
0
4 60 62 35 80
3 0 68 73
0
2 33 27
1 74
0
2 65 62
2 24 33
0
0
0
1 51
2 70 95
0
0
2 86 46
3 18 62 62
1 56
1 47
1 48
0
2 27 57
1 74
2 62 39
2 70 55
1 8
2 68 13
2 50 59
1 70
2 62 70
1 45
1 69
1 44
2 35 71
2 69 64
1 52
3 75 3 44
1 66
1 63
4 24 48 73 34
4 58 39 77 52
1 51
2 25 28
1 22
2 80 29
1 27
0
3 66 73 73
0
1 33
3 94 57 74
2 53 50
1 42
1 23
1 41
1 27
2 21 42
0
0
2 36 24
1 59
2 47 45
1 46
0
0
1 55
1 45
2 31 30
0
1 34
2 87 38
1 52
1 24
0
2 50 30
0
1 23
0
2 94 73
1 35
3 58 41 50
1 57
3 37 14 33
1 24
5 42 36 63 39 39
3 79 64 51
1 61
2 93 51
1 38
0
1 48
0
2 56 48
1 34
1 54
0
0
1 26
1 48
1 87
1 37
2 30 35
3 57 72 80
1 36
1 71
1 46
2 42 43
0
0
1 73
1 20
1 85
1 61
0
1 34
0
1 81
0
2 35 77
0
1 65
2 38 35
0
1 26
0
2 53 55
4 75 21 19 71
0
4 40 5 63 41
0
3 59 87 65
3 55 62 38
0
2 71 48
1 35
3 53 45 23
3 43 33 52
1 28
1 37
2 51 43
1 6
1 53
1 31
4 80 56 29 48
2 36 63
1 33
0
0
0
4 49 66 79 50
0
1 15
0
1 36
0
1 85
0
2 51 60
1 43
1 47
1 52
2 42 13
1 55
1 23
2 55 57
1 37
1 43
1 58
1 46
1 25
1 70
1 83
1 57
2 42 46
1 28
2 21 22
1 28
0
1 41
4 30 64 27 44
3 52 43 62
0
1 31
1 70
4 64 56 65 69
1 57
0
4 87 52 17 51
0
0
1 49
1 19
0
2 27 65
0
1 79
1 67
0
1 44
0
3 41 77 65
0
0
3 30 56 52
0
0
2 40 64
1 77
3 35 60 52
1 83
2 79 37
1 84
0
1 50
1 50
1 91
0
2 68 45
1 34
0
0
1 40
1 10
0
3 5 35 53
0
1 56
1 10
3 46 38 61
1 49
0
3 70 89 42
1 56
0
0
1 41
0
0
0
1 64
1 75
2 47 37
0
4 37 59 56 48
1 40
0
0
1 71
1 52
1 72
0
2 76 17
2 22 87
2 44 13
2 47 68
1 42
1 59
0
1 36
2 32 48
2 48 49
1 42
0
1 64
2 78 30
0
1 58
1 66
0
0
1 40
2 58 68
2 69 64
0
1 41
0
1 97
1 35
3 53 46 68
0
1 66
0
0
3 78 69 49
1 87
0
0
3 59 39 56
1 51
1 42
1 53
2 75 57
0
2 2 47
1 33
2 39 42
0
1 10
1 39
0
1 54
2 43 41
0
1 68
0
2 70 7
0
0
0
2 43 43
2 68 31
2 71 20
1 47
1 73
1 50
4 65 69 60 50
0
0
0
1 74
1 69
0
0
3 45 87 71
0
0
1 55
2 92 68
0
0
1 64
0
1 79
1 29
1 48
0
1 29
2 48 30
1 21
2 65 59
1 53
1 81
0
1 81
1 25
0
1 79
3 34 63 72
0
1 33
0
2 50 70
1 41
1 55
1 41
0
2 35 91
4 71 69 92 60
1 58
0
0
1 88
0
0
1 69
0
1 15
0
2 61 77
1 61
1 47
0
1 35
0
0
1 37
0
0
0
1 88
1 62
1 20
0
0
2 71 65
1 85
0
0
0
1 93
1 67
2 55 40
2 59 45
1 60
1 60
2 72 15
0
3 49 21 44
0
1 59
2 95 77
2 72 47
0
1 56
2 80 31
1 70
1 51
0
0
1 42
1 65
0
0
0
3 35 11 53
0
1 70
1 85
0
2 12 79
0
0
0
0
2 20 49
0
1 33
0
1 41
0
0
0
1 53
4 96 82 21 52
0
1 70
2 53 47
3 79 19 35
2 52 65
1 41
2 65 57
0
1 57
1 67
0
0
0
1 49
0
0
0
4 34 32 36 48
2 66 8
0
0
1 27
0
1 43
1 92
1 56
0
0
0
1 62
2 49 70
0
1 83
0
1 78
0
0
0
1 67
1 8
0
1 57
0
2 60 65
0
1 33
2 73 48
0
0
0
0
1 42
2 70 56
0
1 56
1 24
2 53 33
0
1 48
0
0
2 82 64
0
0
2 38 47
2 64 61
1 16
0
0
0
1 47
1 70
2 63 56
1 60
2 64 26
0
1 57
1 39
2 21 46
0
0
1 48
0
1 50
1 78
1 34
0
1 69
1 4
1 36
0
0
0
0
1 42
0
0
0
0
3 40 81 24
0
1 79
0
1 42
0
2 49 46
0
2 53 30
0
0
1 69
0
1 32
0
1 36
0
0
1 79
1 49
0
1 60
1 63
0
1 13
2 39 30
0
0
0
2 64 70
0
0
1 46
0
3 49 44 31
0
0
2 63 50
1 48
0
1 29
0
1 44
1 61
1 30
2 37 18
0
1 42
0
0
0
0
1 59
0
0
1 52
0
0
1 82
0
1 37
0
0
1 84
2 32 55
0
2 51 52
1 13
1 38
2 64 42
0
0
1 5
0
1 46
2 30 39
0
0
0
0
1 73
1 54
0
2 76 93
0
0
0
1 54
0
0
0
0
0
0
1 50
2 54 58
2 70 51
0
1 58
0
2 51 59
0
0
0
1 62
2 64 71
1 54
1 55
1 45
1 69
0
1 41
1 30
1 68
0
1 36
1 28
0
1 61
0
0
0
1 46
0
0
0
0
1 41
0
0
1 36
0
1 36
1 48
0
3 48 21 34
1 57
0
0
0
0
0
1 55
0
1 70
1 51
0
0
1 95
0
0
1 68
2 30 47
1 40
1 75
0
0
1 54
1 47
1 14
0
0
0
1 32
1 64
1 27
0
0
2 21 79
0
0
0
1 86
0
0
0
0
0
1 30
1 54
1 51
0
1 61
0
0
1 10
1 49
1 79
2 37 43
2 64 84
0
0
0
0
2 44 55
1 51
1 77
0
1 34
0
1 43
2 53 65
1 68
0
1 81
0
0
1 62
0
0
0
0
1 72
0
0
1 20
0
0
1 67
1 60
0
0
0
0
1 58
0
0
0
0
1 45
2 69 34
1 63
0
0
0
2 61 53
0
1 28
0
1 44
1 76
1 52
1 51
1 23
0
1 46
1 59
1 18
0
0
0
0
0
1 40
0
0
0
0
0
1 21
0
0
0
1 41
0
0
1 34
4 45 51 63 30
0
1 18
0
1 45
1 43
0
0
1 60
0
1 87
0
0
0
2 31 31
0
0
0
0
0
0
3 84 26 43
0
1 11
1 45
1 52
0
0
0
0
1 72
1 59
0
1 56
1 38
1 71
1 50
0
2 83 15
0
0
0
3 46 46 67
1 43
1 67
0
0
1 26
0
0
0
0
0
0
0
1 60
0
0
1 63
0
1 34
1 46
1 68
0
1 32
0
1 10
0
0
1 50
0
0
1 18
1 45
0
1 49
0
0
1 50
0
0
0
1 62
0
1 34
0
1 57
1 60
0
1 13
0
0
0
0
3 24 26 65
0
0
0
0
0
1 36
0
1 66
1 66
0
0
0
0
0
0
1 2
0
1 90
0
4 51 51 71 67
0
2 58 12
1 45
0
0
0
0
0
1 60
1 46
0
1 34
0
2 68 44
0
1 78
1 73
1 87
0
0
1 87
1 52
0
0
1 44
1 75
0
0
0
0
0
0
1 65
1 53
1 67
1 24
0
1 66
0
0
0
0
0
0
1 56
1 73
0
0
0
0
0
2 60 70
0
1 81
1 79
0
1 10
1 41
0
1 52
1 47
0
0
0
2 58 45
1 62
2 30 71
1 50
2 71 71
0
1 64
0
0
1 56
0
2 55 69
0
0
1 54
