3600 4
0
0
0
1 49
0
1 71
0
0
1 38
0
1 41
1 58
1 26
0
2 12 30
0
1 57
0
1 58
1 46
1 45
0
0
0
1 21
1 46
0
0
1 47
1 59
1 64
1 53
0
0
0
2 66 51
0
0
2 58 53
0
0
1 31
0
0
2 35 35
1 68
1 87
1 68
1 46
0
2 52 64
0
0
0
0
1 12
0
0
1 44
0
0
1 54
0
1 85
1 56
0
1 74
0
0
0
0
0
1 40
0
1 28
0
0
2 48 55
2 58 62
0
1 87
0
0
0
1 55
0
2 12 81
1 38
0
0
0
1 76
1 74
0
0
1 62
0
0
0
3 51 66 76
0
1 29
1 66
1 47
0
0
1 76
1 56
2 71 41
0
1 66
1 82
0
0
1 40
0
0
1 21
1 40
1 64
1 56
0
2 53 30
1 62
0
0
0
1 31
0
1 71
1 34
0
2 19 48
0
1 86
0
0
2 63 39
0
1 52
0
0
0
0
0
2 50 50
1 53
0
0
0
0
1 60
0
1 70
0
2 64 14
0
0
0
1 55
0
0
0
1 43
0
1 17
0
1 36
0
0
1 33
0
3 59 39 66
0
0
0
1 27
0
0
0
0
0
1 36
1 75
2 28 58
0
0
0
0
0
0
0
2 35 32
0
1 40
0
2 28 63
1 71
0
0
0
1 54
0
1 41
0
0
2 13 76
0
0
1 34
1 54
1 49
1 69
1 28
1 74
0
2 61 26
2 42 40
1 0
0
0
1 86
0
1 29
0
0
0
1 81
0
1 70
1 26
0
0
0
0
0
1 47
0
0
1 52
0
3 32 32 46
0
0
0
1 14
0
2 28 73
0
0
0
0
0
0
1 49
0
0
0
2 26 82
0
1 57
0
1 42
1 50
0
0
2 52 73
1 44
1 45
1 15
0
0
0
1 73
1 41
0
3 33 56 27
1 71
0
1 56
0
1 83
0
0
0
0
1 68
0
0
0
0
0
2 43 48
0
0
1 38
0
1 35
0
0
0
0
1 36
1 33
0
1 50
1 84
0
1 42
0
1 45
0
0
0
1 49
2 52 51
0
0
2 43 31
0
1 55
1 67
1 27
1 41
0
0
0
0
2 63 39
0
1 26
0
0
1 51
0
0
0
0
1 54
0
0
1 61
0
0
1 45
1 77
0
1 38
1 54
0
0
0
0
0
0
2 11 51
2 24 46
1 48
1 51
0
0
0
0
0
0
0
0
0
1 82
1 54
0
2 50 78
1 53
0
0
0
1 41
1 72
1 37
1 82
0
0
1 29
1 73
1 28
0
0
0
0
0
0
0
3 30 57 59
1 46
0
0
0
3 31 41 44
0
0
2 19 64
0
0
0
0
1 50
1 45
1 74
0
0
0
0
2 47 58
0
0
0
0
0
0
4 63 71 36 11
1 52
1 72
1 26
0
1 10
1 26
0
0
0
0
1 66
1 45
0
1 88
0
0
1 42
0
1 51
0
2 44 76
1 52
0
0
0
0
1 19
0
1 71
0
1 52
2 69 41
0
0
1 67
0
1 57
1 56
2 82 16
0
0
1 77
0
0
1 35
0
1 45
0
1 33
0
0
1 45
1 50
0
0
0
0
1 60
1 43
2 60 59
2 78 29
0
1 60
0
1 21
1 28
1 18
1 54
0
0
2 41 81
2 34 32
0
0
0
0
1 52
0
1 21
0
0
0
1 41
0
0
1 80
0
0
0
1 47
1 34
1 4
0
0
0
0
0
1 39
1 51
0
2 53 30
1 36
1 57
1 65
0
1 26
0
0
0
1 28
0
1 32
1 43
1 17
1 29
1 61
0
0
2 32 29
0
1 41
1 36
1 69
3 55 40 37
1 58
0
1 86
0
2 52 48
0
0
1 35
0
0
0
0
0
1 48
0
1 58
0
2 41 66
0
1 70
0
2 57 55
2 56 83
0
1 40
0
1 20
0
0
0
0
0
1 14
0
0
0
0
1 59
1 78
0
0
3 50 83 63
1 50
0
1 42
2 61 48
1 47
0
0
1 64
2 39 39
0
0
0
1 42
0
1 18
2 42 54
0
1 55
0
1 71
0
0
0
1 61
0
1 70
0
1 23
0
1 74
2 57 28
0
1 48
2 56 27
1 40
1 41
0
0
1 79
2 51 67
2 34 48
0
0
2 14 9
0
0
0
1 47
0
1 54
2 20 45
1 60
1 39
0
0
1 46
0
0
2 50 68
1 29
0
0
0
0
1 29
1 35
0
0
0
1 77
0
0
0
0
2 67 63
1 43
1 33
1 65
1 74
1 26
1 14
0
0
1 59
0
0
0
1 55
1 68
3 8 59 100
1 29
1 46
0
1 56
1 52
1 73
1 31
3 33 54 24
2 49 55
0
0
0
0
0
2 100 50
0
0
0
1 56
1 39
3 85 62 22
0
0
0
1 44
1 37
1 42
3 72 62 56
1 42
0
1 39
0
3 47 62 38
0
3 57 35 31
0
1 31
0
1 57
1 28
0
0
0
0
1 62
2 67 59
0
2 20 51
1 37
3 59 78 26
3 72 22 80
0
0
0
0
0
1 51
0
1 61
1 83
0
3 35 52 50
0
1 18
2 98 15
0
0
3 57 27 30
0
1 53
1 24
0
0
1 86
1 44
0
1 7
0
1 57
2 31 48
0
1 51
1 70
0
4 71 48 79 33
0
2 62 23
1 53
0
0
2 18 43
0
0
1 52
1 48
1 56
0
1 28
1 52
0
2 36 87
0
0
1 58
3 43 84 48
0
1 52
0
1 22
0
0
0
3 76 54 27
2 26 67
0
1 70
0
0
0
3 57 16 65
0
1 45
0
1 32
0
1 37
1 27
1 55
0
1 22
0
0
2 28 44
1 34
2 56 47
2 53 73
3 60 20 89
1 61
1 62
1 73
0
3 39 42 81
0
4 48 41 22 66
2 81 32
0
1 30
1 40
0
1 28
1 64
0
1 40
2 88 31
0
0
0
0
0
1 40
2 54 49
2 14 23
0
2 48 71
0
2 48 28
0
1 54
1 61
1 70
1 17
2 26 43
0
1 41
0
1 46
0
0
1 58
0
2 54 41
0
2 51 35
3 35 37 64
0
3 33 56 67
2 54 24
1 24
1 44
1 34
3 68 47 70
1 77
0
0
0
1 32
0
1 34
1 58
2 81 41
1 31
0
0
3 45 93 55
0
2 63 58
0
1 37
1 24
1 24
1 88
0
1 60
0
0
1 69
1 63
0
0
0
1 55
1 66
2 53 83
0
3 37 24 79
1 38
2 30 23
1 11
0
0
2 50 32
1 48
2 95 60
4 74 45 47 27
0
0
2 43 48
0
0
1 72
1 28
0
1 46
2 34 45
1 65
4 10 61 76 58
1 67
3 6 33 70
0
4 74 26 21 48
1 56
0
0
2 33 45
1 55
0
0
0
0
2 44 59
1 64
2 59 47
0
1 85
1 79
2 37 41
2 70 60
1 54
2 66 41
1 2
0
1 42
0
3 13 35 22
0
0
1 44
0
1 49
2 23 73
1 57
1 25
2 47 70
2 55 42
1 44
1 38
1 41
1 90
3 39 39 31
1 18
1 49
1 56
2 57 77
0
1 77
2 37 70
0
0
4 61 66 33 53
1 58
1 45
2 36 68
0
3 56 29 28
2 16 59
0
2 26 21
0
1 9
2 55 44
0
1 87
1 43
1 68
1 39
1 41
2 92 36
1 56
0
2 69 68
0
2 46 47
3 42 15 37
3 33 44 90
1 59
0
1 59
0
0
1 45
1 32
2 77 67
1 26
1 71
0
1 23
0
1 73
2 87 49
0
3 51 62 31
1 56
1 64
3 69 24 40
1 61
1 56
0
1 78
2 32 71
2 6 50
3 22 44 60
2 28 39
4 85 68 37 46
0
1 66
0
0
1 61
2 57 11
1 15
0
3 54 59 43
0
2 83 43
3 35 22 97
2 71 16
0
2 73 82
1 58
1 63
0
2 32 63
0
2 19 35
0
2 11 75
1 6
1 47
1 77
0
0
2 64 13
0
1 41
1 38
1 66
1 65
0
3 30 79 61
3 33 7 23
1 66
0
0
5 28 43 48 61 79
2 71 58
1 76
2 57 49
1 24
2 41 63
0
1 67
3 37 48 52
1 53
3 62 79 44
1 49
1 30
0
3 85 8 35
2 38 62
1 49
2 46 44
0
2 51 69
1 43
2 54 99
1 57
2 62 53
0
2 51 93
3 64 53 82
2 73 73
0
1 45
2 43 92
0
1 46
1 19
0
2 38 58
0
2 41 52
3 38 29 65
3 71 43 36
0
2 45 52
0
0
1 82
0
2 58 39
0
4 33 61 48 17
0
1 92
2 56 74
3 35 23 19
1 40
3 77 77 42
2 57 25
0
0
0
4 40 52 68 44
1 39
3 31 59 45
1 36
4 58 35 78 55
3 75 32 87
2 41 60
3 54 56 33
2 55 73
0
1 20
1 51
3 39 46 68
1 53
2 15 27
0
1 63
2 61 51
2 35 68
0
2 47 52
2 22 10
0
0
1 54
2 23 39
2 73 34
2 43 44
1 42
1 75
0
0
3 42 14 34
3 15 71 44
0
0
0
3 82 33 44
3 10 16 44
1 58
1 69
2 44 50
1 55
0
0
1 71
3 34 59 65
5 53 24 29 45 60
2 77 41
3 65 78 82
0
0
2 51 63
2 60 69
3 45 34 73
2 76 49
5 52 32 57 8 56
2 56 27
0
1 75
0
2 49 75
0
2 66 47
2 24 68
0
1 38
0
1 28
3 13 2 68
2 32 37
3 16 38 84
1 85
0
2 31 90
1 74
0
3 52 71 23
0
0
0
2 34 37
1 87
2 72 49
1 57
3 47 51 41
3 33 69 41
4 27 54 25 78
0
1 30
2 49 38
2 63 2
3 89 42 75
1 66
0
3 69 40 33
3 29 48 51
1 56
0
2 54 57
1 29
1 55
0
1 31
2 37 5
5 35 28 68 66 60
0
2 58 54
5 79 77 48 77 65
1 42
0
1 82
3 70 62 71
2 42 54
2 50 30
3 81 56 27
1 17
1 67
2 65 44
1 26
3 43 69 50
3 54 38 62
4 58 78 49 41
2 41 27
2 38 70
0
0
1 28
2 50 79
0
0
0
2 29 52
0
2 60 21
3 31 80 38
2 76 44
2 35 29
1 74
3 42 64 35
2 40 29
2 24 47
0
2 67 41
3 91 25 65
0
3 53 64 53
0
3 65 6 56
0
1 29
2 58 29
1 77
2 58 71
1 67
2 55 13
2 79 28
3 70 42 9
0
2 49 68
2 49 86
3 47 74 52
1 72
2 44 51
1 57
1 33
2 51 51
2 9 46
2 52 27
0
5 56 46 59 49 59
0
2 66 32
1 39
5 40 41 62 33 63
0
2 32 56
2 66 48
2 30 59
3 26 49 55
1 70
3 63 74 42
1 43
1 53
1 43
4 88 62 19 57
2 63 25
0
2 34 62
4 49 48 41 55
2 12 47
2 58 2
3 28 36 53
2 54 52
2 22 9
2 32 33
5 23 8 44 57 55
1 48
0
2 70 57
1 42
4 86 35 30 37
1 83
0
3 67 63 68
0
3 47 77 75
3 51 11 58
1 40
2 59 62
0
0
0
1 45
2 55 46
1 78
0
4 52 53 37 77
3 42 48 40
4 59 37 36 90
3 22 69 18
2 46 49
2 66 40
2 73 49
1 42
2 85 44
1 52
1 60
4 78 81 47 62
2 80 46
1 39
3 31 32 31
0
3 40 67 81
2 48 43
1 33
1 20
1 35
2 80 41
0
1 26
0
3 47 93 35
0
3 74 22 96
5 38 39 43 47 40
6 42 48 30 74 59 61
4 40 52 43 29
1 63
0
2 65 27
2 52 37
2 40 40
0
1 10
2 59 44
0
1 43
0
3 45 47 32
4 57 61 42 11
1 45
0
4 47 51 65 52
1 61
1 49
3 66 54 75
0
3 88 13 8
1 67
3 54 86 67
1 63
3 56 43 24
2 38 40
2 63 31
2 64 52
1 52
0
3 21 27 27
3 70 54 22
1 74
2 72 96
1 71
1 33
4 14 53 26 40
2 61 42
2 36 49
1 50
2 49 57
0
2 62 43
1 54
2 57 63
1 60
0
1 4
2 42 20
2 52 42
2 44 54
3 81 65 56
2 56 52
2 62 81
0
3 22 64 85
0
1 84
1 33
3 54 31 61
3 47 58 7
5 19 45 21 75 64
1 82
6 58 44 54 64 13 62
1 73
2 52 45
3 58 45 51
4 50 68 39 52
2 28 62
1 34
2 46 44
1 59
1 75
2 34 68
2 89 75
2 39 40
1 52
0
2 27 76
2 17 57
2 43 25
3 37 42 41
5 42 20 71 21 14
2 17 71
3 42 55 43
3 27 57 59
0
3 23 37 50
2 18 54
2 56 69
3 49 68 53
1 39
1 47
3 66 6 57
0
2 63 35
6 46 56 21 55 54 54
2 57 42
2 35 59
1 28
0
2 71 39
3 40 68 36
2 55 45
0
0
2 45 63
0
4 30 93 51 53
2 62 27
3 74 64 50
2 49 14
3 85 49 44
3 37 39 67
1 49
4 67 22 65 70
3 32 12 27
2 43 54
4 73 53 59 57
1 46
0
2 75 38
3 12 43 45
2 69 43
1 63
3 96 67 38
4 23 30 6 31
2 43 36
2 25 85
1 41
2 63 63
0
0
4 42 42 58 34
3 70 78 62
2 48 29
1 37
4 49 39 68 20
1 51
4 37 53 46 71
2 37 25
2 77 30
0
3 21 63 21
2 42 27
2 21 59
2 46 40
2 52 49
1 91
2 39 18
2 70 53
2 47 44
2 60 40
3 60 37 47
2 53 47
2 45 79
0
1 46
2 61 21
2 33 64
4 26 10 26 66
4 65 53 45 87
3 35 27 29
4 60 44 57 23
2 69 36
4 68 52 71 67
3 50 37 88
2 58 39
1 56
1 31
1 43
2 55 42
2 71 69
2 31 30
0
0
1 14
3 72 70 72
2 60 15
0
2 63 91
5 51 40 46 5 69
1 68
2 55 64
1 70
3 57 51 87
2 60 63
1 62
0
0
3 56 57 43
3 30 30 69
3 39 63 55
2 42 20
1 35
1 45
3 65 60 35
5 40 53 53 40 71
2 71 61
1 47
3 84 38 81
2 54 57
1 70
3 36 62 54
3 53 78 65
4 56 19 52 23
2 49 50
3 38 34 28
4 63 42 81 56
0
1 4
4 89 64 46 52
2 53 67
0
3 28 75 81
5 67 67 42 60 68
3 22 58 62
5 80 51 48 89 16
1 43
1 42
0
2 71 60
3 70 65 73
2 46 34
3 59 46 47
3 34 53 40
4 39 56 63 9
2 37 59
1 56
3 77 67 58
3 58 59 45
1 28
0
2 61 64
3 31 30 59
1 42
1 32
0
1 64
1 50
3 21 19 50
3 49 32 31
1 61
4 58 28 80 40
2 40 25
2 37 60
3 50 41 49
2 38 82
3 56 75 39
3 95 59 34
5 70 41 58 24 22
3 56 51 65
1 39
2 51 44
1 38
1 78
2 45 51
2 51 83
6 29 55 45 19 34 54
2 31 59
3 37 54 95
3 56 35 49
4 53 16 64 53
3 48 33 31
2 41 65
1 35
1 79
1 55
3 79 48 58
3 31 49 59
2 74 78
2 33 26
1 61
1 61
3 53 88 61
2 63 71
2 30 56
2 57 77
2 36 46
2 52 77
1 47
0
5 50 33 82 48 61
4 57 80 51 20
1 61
3 84 45 67
0
1 41
1 64
1 44
2 31 77
1 37
1 56
7 14 74 45 60 67 44 43
1 59
3 43 74 54
1 33
3 27 71 19
3 39 41 58
5 44 58 40 76 59
0
3 57 37 21
2 20 47
4 49 43 54 26
3 35 57 56
4 46 55 27 53
2 55 23
4 23 53 67 57
1 35
2 72 47
3 13 34 43
4 69 69 54 57
2 20 51
2 46 71
2 25 50
2 47 60
1 54
3 49 23 33
1 29
3 81 49 36
2 29 50
5 53 45 55 68 28
2 50 89
3 82 75 59
2 52 56
3 30 52 69
1 56
1 59
5 75 34 69 29 80
2 52 28
2 79 81
0
2 37 74
5 36 19 31 25 30
3 29 20 26
1 43
2 57 26
2 78 36
1 40
2 37 20
1 40
1 54
3 18 59 3
5 62 73 42 48 16
3 38 76 34
3 80 53 46
2 39 28
4 48 56 42 45
2 64 39
1 58
4 56 29 48 36
4 48 14 79 63
4 17 93 53 30
1 52
2 32 58
1 40
2 93 62
2 32 67
2 42 55
1 66
1 44
4 39 51 60 50
2 61 67
4 51 86 87 28
4 59 29 32 33
1 36
2 53 47
1 71
2 57 59
4 36 40 31 31
1 63
1 17
3 54 46 52
1 46
2 50 45
3 18 78 58
2 24 91
3 91 59 63
3 45 33 28
1 2
4 73 37 62 74
3 64 20 47
0
2 41 93
5 65 44 47 53 64
3 46 25 48
3 98 38 60
0
2 64 46
3 63 69 32
0
1 10
1 47
3 81 45 68
4 46 53 91 57
1 64
6 64 14 67 43 27 86
2 56 43
4 33 18 55 71
3 71 60 73
2 81 81
3 71 39 56
3 51 21 22
1 43
1 28
2 14 25
2 47 31
1 41
5 56 18 73 66 54
2 26 31
1 74
6 66 63 37 46 33 44
3 53 71 27
4 43 69 36 26
1 38
3 48 76 78
0
3 63 34 59
0
0
4 62 55 0 76
2 53 17
3 61 73 61
1 88
0
0
3 40 57 73
1 36
2 80 73
4 55 49 93 61
2 52 24
3 45 47 45
3 53 60 33
1 33
3 46 52 35
5 38 77 27 31 56
4 60 43 36 53
3 67 67 58
2 43 69
4 68 27 39 13
1 10
3 64 69 24
4 62 70 65 52
3 81 30 57
1 25
1 52
3 94 60 39
1 1
1 90
3 43 37 40
4 27 32 38 50
2 48 24
2 50 57
3 44 36 12
3 90 71 75
0
1 32
5 46 26 32 29 46
1 50
1 36
0
2 58 53
4 31 10 60 35
3 55 40 66
4 35 15 21 49
5 71 30 58 52 76
2 57 20
3 54 53 60
1 56
5 19 45 15 74 32
6 23 34 42 33 63 58
2 69 35
4 48 25 39 28
3 41 29 75
0
3 53 54 56
2 72 36
3 77 28 56
1 64
3 52 83 51
0
1 81
0
1 80
2 65 72
4 35 45 75 70
4 56 55 83 72
2 66 71
4 28 23 62 53
1 71
5 30 76 17 35 40
3 88 30 45
5 31 37 62 48 31
1 52
4 53 62 52 46
2 30 57
3 36 31 88
1 79
2 63 41
3 51 52 66
1 53
0
2 15 29
1 60
4 23 75 24 27
6 73 69 30 94 36 66
0
2 39 76
3 57 7 33
2 58 22
4 34 63 36 34
2 30 60
5 40 52 25 22 37
4 13 54 3 79
1 57
2 56 44
1 83
0
3 58 47 49
2 58 88
4 46 14 59 46
2 55 51
2 21 69
0
2 55 51
1 19
4 51 52 77 67
1 42
1 46
4 52 71 39 27
0
0
3 29 61 37
3 13 12 46
3 56 34 51
2 53 31
3 46 43 34
4 54 39 68 32
3 65 50 65
1 58
4 55 51 64 40
1 42
2 62 46
4 60 5 28 66
1 53
7 51 44 11 67 30 20 50
2 63 31
3 64 41 36
5 39 26 62 48 63
1 62
1 55
5 48 83 4 22 23
3 70 44 38
2 48 37
2 31 76
1 84
5 79 35 59 23 33
1 85
3 55 4 59
2 75 54
2 30 48
7 75 12 27 79 31 45 20
5 47 39 40 50 61
1 63
2 53 91
3 56 67 43
3 26 63 74
2 57 70
3 24 70 43
5 42 42 57 87 58
5 54 59 40 71 63
3 38 62 38
1 51
1 62
0
1 36
1 45
6 60 55 54 76 30 49
1 60
1 51
2 65 72
3 58 32 29
3 59 52 60
4 76 62 66 12
3 53 80 70
2 36 74
2 51 52
1 40
2 38 59
4 59 36 50 50
2 81 25
2 76 59
4 31 22 25 23
4 24 38 48 45
0
1 57
3 79 39 45
4 47 74 39 64
2 41 69
4 29 40 62 73
2 86 77
1 38
3 80 35 46
4 82 56 47 52
5 38 54 58 53 72
1 73
3 30 52 42
1 83
1 46
2 40 75
3 46 75 32
3 51 47 47
3 78 66 56
7 57 51 93 65 53 23 25
2 64 28
1 11
0
3 18 55 10
1 53
2 52 37
1 66
2 38 81
1 65
1 88
3 97 70 74
1 37
2 28 50
2 48 18
5 28 62 78 76 40
3 66 40 51
1 45
5 68 48 76 70 62
2 39 33
3 20 48 16
1 78
3 77 39 68
3 56 66 72
4 32 51 54 59
2 51 90
2 51 48
2 52 62
3 98 40 25
3 50 42 37
3 50 27 69
3 73 59 41
0
3 42 77 34
2 69 50
1 49
0
2 84 66
4 50 45 34 50
2 50 40
3 57 48 63
5 44 69 46 43 59
4 53 63 38 48
4 49 13 51 41
0
4 62 43 51 39
2 52 15
2 55 69
3 55 60 85
1 16
1 57
2 55 85
1 51
3 77 30 68
5 77 4 36 53 49
5 39 57 41 68 41
3 51 42 79
3 59 24 61
3 89 26 4
5 51 55 25 56 52
3 61 58 60
1 43
4 55 23 71 31
3 26 28 18
3 54 67 33
4 18 46 44 23
1 37
4 77 69 58 71
2 57 57
1 41
1 59
3 82 60 31
2 46 45
2 36 67
4 55 44 66 59
4 51 44 25 31
1 62
1 43
2 21 23
2 64 37
2 14 53
3 16 47 38
2 58 73
3 69 28 27
1 93
1 41
0
1 21
4 60 62 42 47
5 42 72 51 29 55
2 14 43
4 61 30 53 92
5 53 63 46 55 77
2 28 82
3 41 63 16
2 52 73
5 17 77 17 68 37
4 27 59 29 54
5 68 83 77 71 34
0
1 38
2 72 73
2 90 58
4 54 67 36 64
2 60 70
1 24
1 25
2 29 44
1 17
4 48 36 35 51
2 16 48
2 43 64
0
1 55
2 62 42
3 37 33 52
2 55 71
5 57 86 50 86 32
1 53
1 42
4 55 21 73 30
2 61 82
4 43 36 50 57
2 95 53
3 48 65 72
2 30 51
0
3 59 27 75
5 53 23 58 48 97
1 38
4 87 17 69 35
0
2 60 31
2 48 64
3 78 26 74
4 45 51 39 51
1 42
1 14
1 63
2 49 62
3 54 46 75
5 62 46 73 53 20
3 69 77 33
3 61 0 62
2 39 31
3 72 57 58
2 47 71
1 60
2 41 45
3 31 87 62
1 66
5 61 49 50 71 37
3 19 48 72
6 48 88 86 37 70 81
2 48 65
3 58 51 33
3 50 41 74
3 49 29 63
2 42 63
5 61 29 27 43 34
0
3 21 76 75
3 17 4 39
1 15
1 14
4 81 23 55 22
2 25 35
3 62 41 50
0
2 65 45
0
2 56 87
5 68 38 16 94 37
2 63 77
2 39 57
5 40 12 29 55 53
4 67 34 43 61
1 51
3 33 66 42
3 40 46 65
3 59 32 37
0
2 26 45
2 47 2
5 57 39 29 70 5
6 26 59 69 49 55 27
3 78 36 26
3 31 54 51
5 25 3 62 42 59
0
2 73 39
3 34 50 40
2 20 23
2 55 77
3 21 29 29
1 51
3 53 56 73
1 31
2 70 66
3 34 86 64
3 36 52 33
3 57 65 57
5 69 48 31 91 38
3 18 31 50
2 50 43
3 42 65 29
1 30
4 49 66 39 66
1 68
2 44 79
2 48 35
3 57 31 64
0
0
1 47
4 26 33 40 70
9 71 41 73 36 59 80 44 22 58
1 22
2 52 61
3 32 48 39
1 61
2 61 33
3 36 88 35
2 61 61
1 47
4 32 17 57 35
4 54 50 47 52
1 25
1 26
6 50 41 56 36 64 71
2 70 58
5 78 49 71 62 83
1 40
5 47 49 65 59 63
3 92 78 83
2 27 52
2 70 31
2 99 85
3 32 27 38
0
2 53 42
1 72
5 65 50 34 33 35
2 53 46
2 69 41
1 46
3 50 52 69
1 15
1 53
2 40 76
1 54
1 56
6 38 49 13 56 79 36
4 26 29 58 63
1 27
3 82 55 64
2 93 29
1 41
3 64 28 24
2 21 35
2 71 46
3 23 58 80
2 35 7
2 36 69
2 48 43
4 49 21 68 80
5 19 28 35 33 37
2 37 47
4 68 75 67 21
1 39
2 48 45
3 34 59 69
1 44
4 62 71 52 44
4 42 54 74 37
0
6 46 55 63 63 35 63
5 54 66 53 25 78
2 13 51
2 68 49
5 52 76 40 44 37
3 42 65 54
3 49 29 68
0
5 47 22 65 66 45
1 51
1 21
5 20 56 77 48 40
1 44
2 47 79
6 71 62 45 18 20 73
2 78 64
2 43 48
2 65 26
2 92 24
1 12
2 78 63
4 85 70 40 28
3 38 45 45
1 32
2 48 44
0
1 48
3 37 42 48
1 67
1 59
2 51 66
1 54
3 52 61 64
1 48
2 62 16
0
3 42 40 31
4 46 65 82 21
5 85 91 31 33 52
0
1 84
4 53 22 45 53
5 32 41 29 58 72
0
2 80 13
2 73 41
1 8
2 36 48
2 40 17
1 37
1 34
1 20
3 81 68 43
2 26 97
4 66 77 64 7
3 52 35 70
0
1 100
3 51 62 89
5 44 57 32 43 57
5 40 49 6 9 68
3 43 47 42
2 41 39
7 51 11 78 90 59 56 56
5 29 51 26 23 40
1 38
2 24 54
3 64 37 25
3 22 25 48
2 59 17
2 84 37
1 45
3 33 36 53
4 46 32 97 37
2 52 59
2 83 40
4 57 43 42 98
4 46 9 56 77
4 68 64 58 28
3 81 53 77
0
5 39 37 90 31 91
1 33
3 68 38 54
3 46 72 42
3 63 37 76
1 38
1 41
1 32
2 25 34
3 69 39 40
1 16
2 33 55
2 49 74
1 46
5 36 41 91 53 40
2 18 58
4 38 38 53 82
1 51
3 44 59 62
3 50 72 74
2 70 35
1 49
1 28
2 51 60
5 66 51 46 64 58
2 26 90
3 26 63 35
0
3 78 46 70
4 42 42 74 47
0
1 25
5 82 67 12 55 52
2 60 87
3 84 55 38
2 38 48
2 28 81
1 26
3 35 70 66
1 38
3 47 30 60
3 52 56 39
7 21 18 55 34 64 59 57
2 41 41
2 64 55
3 81 66 42
1 28
1 43
1 31
3 26 85 53
4 28 29 27 65
2 55 100
4 66 70 93 56
2 61 48
1 80
1 56
2 56 42
0
3 46 28 40
2 40 72
3 49 26 31
1 40
4 52 52 25 66
4 16 8 51 26
1 39
0
1 78
4 50 29 45 20
4 62 57 36 19
0
4 48 43 35 85
1 74
4 24 62 56 72
2 30 44
0
4 68 56 70 69
5 51 12 81 33 49
2 70 45
2 22 7
4 52 80 28 12
2 57 43
3 50 61 52
1 64
2 20 3
3 43 37 56
3 70 24 80
2 59 38
1 3
2 65 19
0
6 82 44 58 82 10 68
1 61
3 19 29 53
3 32 70 24
3 40 78 49
0
4 79 71 64 59
4 83 45 44 20
2 8 55
1 34
4 36 44 36 49
1 98
2 32 7
3 62 45 9
3 53 77 29
0
2 68 27
1 28
0
2 44 46
5 45 40 42 30 40
1 67
0
0
2 19 76
4 54 13 61 69
3 98 73 84
3 62 74 11
3 62 82 60
4 90 72 45 86
3 48 55 46
4 89 57 23 61
2 59 25
2 51 63
2 49 23
4 94 9 64 58
5 53 36 71 52 46
3 52 64 25
3 44 49 53
4 60 43 54 80
1 54
0
0
0
1 40
3 35 50 33
3 39 85 40
1 35
3 69 33 43
0
4 63 42 52 63
2 55 42
2 21 75
1 42
0
2 62 50
3 43 61 76
0
0
5 71 60 81 42 77
2 89 28
3 76 44 44
1 23
3 9 39 57
2 28 40
1 75
2 26 48
1 76
3 37 48 34
4 73 60 61 48
4 33 32 50 50
1 56
2 23 55
2 42 71
2 56 33
3 37 68 74
3 28 31 46
4 48 71 38 64
3 33 30 12
4 78 38 64 52
3 57 44 78
3 85 62 62
1 30
1 18
4 46 27 68 53
2 42 55
1 12
2 41 53
1 54
3 44 59 93
3 55 52 55
3 61 48 70
4 46 73 39 80
2 59 42
2 23 32
1 51
3 27 19 74
0
2 37 14
5 27 40 43 59 39
5 77 28 29 45 51
1 36
2 87 53
2 61 59
0
1 28
1 33
1 55
0
3 53 51 59
2 46 42
8 40 48 31 31 72 60 65 60
4 43 61 29 43
4 55 67 76 69
3 81 44 51
1 62
2 32 71
1 50
0
3 53 44 58
4 66 32 79 44
2 43 88
3 20 74 63
1 24
3 50 18 64
0
2 58 75
3 50 53 21
3 31 74 97
2 59 38
3 29 53 28
1 49
1 53
2 89 1
2 54 44
4 29 51 58 24
2 56 55
3 47 23 38
1 73
0
2 35 76
2 18 41
2 68 68
1 59
2 52 56
0
1 32
2 50 35
2 45 87
0
3 45 34 49
1 46
4 75 47 40 30
2 51 88
0
2 70 21
3 70 62 21
3 56 98 41
3 54 16 59
3 44 40 97
7 31 45 41 8 42 53 60
2 51 53
3 38 58 63
4 10 72 45 38
1 32
4 15 46 74 57
1 39
4 31 56 51 86
2 47 61
2 42 57
3 70 55 32
3 20 29 49
3 47 55 18
1 23
4 98 40 61 40
0
0
3 47 70 65
0
5 62 3 26 48 38
2 13 64
1 84
1 66
1 12
1 40
1 66
1 54
1 69
1 78
2 38 20
3 12 55 56
3 61 30 15
4 58 37 67 56
1 67
2 46 41
3 59 95 54
3 35 47 41
3 27 56 59
2 59 79
1 18
2 56 44
4 58 47 49 32
2 61 47
3 68 79 48
2 77 32
1 67
1 38
1 67
2 83 53
0
1 28
2 49 40
6 81 53 48 75 45 23
1 24
3 13 53 52
3 61 48 57
0
3 25 41 54
4 50 57 61 81
0
1 42
4 51 50 62 70
2 46 37
3 45 77 43
0
4 58 45 38 40
3 44 51 27
2 40 50
0
0
0
0
0
3 41 58 42
3 88 79 60
1 60
0
2 50 58
0
2 48 19
2 35 76
1 57
1 18
1 70
2 31 37
3 55 66 46
6 42 38 47 32 23 43
1 18
1 79
2 30 39
1 74
3 34 47 36
2 79 52
2 53 42
1 49
1 28
3 39 56 47
2 44 24
3 18 72 50
3 71 45 33
1 54
3 68 25 38
3 86 64 59
6 38 57 24 64 21 15
3 56 29 88
3 51 42 26
3 11 33 71
1 71
1 24
3 45 70 48
3 64 51 48
1 25
2 79 45
5 69 46 70 50 54
3 60 76 54
4 47 36 46 56
1 49
3 30 21 92
1 52
0
0
1 56
6 27 25 41 72 75 29
2 74 45
2 87 20
1 42
1 39
2 40 53
3 73 76 43
0
2 44 64
1 78
1 15
1 56
0
4 25 30 23 48
1 48
2 40 60
0
3 43 52 26
1 42
2 29 43
3 34 52 38
1 70
5 37 68 48 73 21
2 75 50
0
1 47
1 57
3 63 70 80
4 53 21 41 12
4 59 55 52 44
2 19 11
1 50
1 44
1 35
3 15 42 22
2 60 37
0
1 42
2 42 58
3 57 50 41
3 39 63 63
3 89 52 60
1 38
4 20 10 70 61
1 28
0
2 72 69
1 66
5 27 76 43 82 49
0
0
1 58
1 33
1 73
0
2 60 30
2 41 56
3 43 7 32
5 49 46 34 39 53
3 77 57 66
4 65 41 61 56
3 80 82 18
4 48 53 41 11
4 51 44 45 52
1 72
0
1 81
0
1 46
1 60
0
3 41 34 21
3 65 81 47
2 78 33
0
1 90
1 46
1 82
3 57 63 19
4 64 49 87 48
1 53
0
1 59
2 77 46
4 14 42 65 55
1 66
1 60
3 18 17 66
2 29 68
1 40
0
1 78
6 86 28 60 84 18 64
0
4 36 79 83 41
2 70 60
2 36 38
7 23 28 61 63 34 37 38
0
1 66
3 29 62 40
1 87
4 40 25 30 71
0
0
4 50 75 89 52
2 59 54
1 37
1 26
1 35
1 30
1 39
0
0
0
4 57 39 54 59
2 57 71
1 60
1 69
4 54 67 88 51
2 64 68
2 34 39
1 8
2 62 37
3 32 29 35
0
0
0
2 53 37
1 32
0
2 66 42
3 24 38 44
2 43 83
1 41
2 72 42
3 73 84 59
2 40 88
0
2 58 39
1 50
4 56 47 47 64
2 62 46
0
3 42 31 41
2 17 13
1 33
1 75
5 72 37 81 42 67
2 86 73
1 6
2 35 67
1 32
0
5 45 29 46 34 71
3 60 64 48
0
1 79
1 69
2 73 65
2 44 13
0
1 71
3 54 17 41
2 18 47
5 34 22 31 81 41
1 42
0
6 44 54 38 25 35 32
1 8
3 76 34 53
1 54
3 45 80 80
1 39
0
4 73 40 41 46
2 62 85
2 75 30
0
1 60
2 68 25
1 30
0
2 57 50
0
2 29 91
1 70
1 60
3 38 85 58
3 68 40 74
2 26 12
0
1 54
2 54 22
1 68
1 47
2 55 55
1 38
2 72 36
1 93
3 29 25 64
1 43
1 34
1 56
2 16 6
1 42
0
1 29
0
2 67 60
2 57 59
2 66 46
0
4 43 29 20 67
1 36
1 65
1 15
1 29
1 50
2 20 25
5 68 41 20 43 66
2 18 49
1 49
3 28 0 68
0
2 35 43
1 52
2 12 34
2 56 65
4 56 31 60 51
1 68
1 24
0
3 61 52 31
1 52
2 41 38
2 69 18
1 43
1 57
2 34 47
1 48
1 68
0
1 50
2 63 87
3 81 51 42
1 60
2 52 30
1 58
3 11 49 44
1 68
0
1 32
2 65 74
1 82
6 29 23 55 6 58 57
0
1 60
3 78 4 39
1 21
0
2 40 51
1 71
2 31 50
0
3 75 48 34
2 46 42
1 90
2 37 61
1 75
1 40
3 76 20 17
1 89
3 39 41 55
1 45
1 54
0
4 44 70 47 52
1 47
1 43
0
2 48 56
1 66
3 56 66 57
2 18 58
0
2 21 60
0
0
2 20 66
3 82 45 11
0
4 50 85 90 73
1 67
1 39
1 28
0
0
0
2 69 25
2 69 42
1 35
6 73 62 66 45 27 15
2 99 65
1 44
0
0
0
2 19 47
3 59 88 35
3 48 56 38
1 20
1 34
1 11
5 14 42 28 41 31
0
1 76
0
0
2 62 85
2 71 59
0
3 48 38 33
2 24 47
1 30
3 75 69 49
3 73 44 51
1 37
1 62
1 46
2 22 50
2 46 44
0
2 60 35
1 24
3 80 91 65
0
2 50 27
0
1 97
2 45 25
1 48
2 50 38
2 44 62
1 85
1 15
1 17
1 46
0
0
0
1 15
0
1 32
0
1 49
1 53
4 30 40 39 63
3 45 42 47
0
0
0
1 57
3 44 33 55
5 67 28 21 57 60
0
2 45 59
1 85
1 39
2 31 43
1 46
1 61
1 67
2 53 16
3 66 66 45
0
3 32 44 61
1 77
0
5 43 44 58 73 36
0
2 51 40
1 55
5 56 38 47 70 74
0
1 40
3 41 45 62
2 50 57
1 28
1 70
2 38 96
0
3 46 27 43
0
1 35
1 71
0
0
5 24 53 78 61 19
2 85 47
0
0
1 50
0
3 80 53 34
1 31
2 48 45
1 34
0
0
1 41
1 44
1 41
0
1 39
1 56
1 75
3 78 70 43
2 73 66
2 35 47
3 49 56 40
1 80
1 4
1 32
1 27
1 28
0
3 17 58 50
0
2 76 57
1 46
0
2 53 29
1 57
0
1 35
1 49
1 34
3 57 36 50
0
3 66 60 43
2 84 27
3 61 52 73
2 23 49
0
0
1 72
0
1 43
0
1 43
0
2 63 96
0
1 76
0
1 30
0
0
0
2 66 17
0
2 53 43
0
1 49
1 60
2 41 64
1 42
2 63 63
1 51
1 58
4 55 45 14 12
0
0
2 61 59
2 7 51
1 57
0
5 61 63 67 92 38
3 75 16 73
3 83 64 85
0
1 39
4 56 26 39 58
1 39
0
1 2
0
0
1 92
0
0
0
1 70
1 79
2 34 64
3 62 42 34
1 36
2 87 33
0
1 70
2 53 37
1 46
0
1 40
1 44
2 41 71
1 53
1 62
0
2 48 87
0
1 36
1 75
2 37 54
0
1 41
1 66
0
2 36 15
1 53
3 47 52 34
1 74
0
0
2 43 61
3 44 53 44
1 54
2 33 41
2 19 69
1 62
2 49 54
0
0
0
1 66
2 58 71
0
2 41 57
0
1 18
1 47
1 73
1 7
1 22
2 43 42
0
1 66
0
1 61
0
0
0
1 60
2 54 8
1 55
1 43
1 29
2 60 78
1 47
2 96 42
1 72
2 18 28
1 68
1 50
2 47 54
0
0
2 19 31
3 76 40 69
3 41 54 35
2 36 55
0
1 77
0
0
0
1 26
1 49
3 23 30 42
1 47
0
0
0
3 38 51 50
0
0
1 65
1 26
1 57
1 28
3 59 49 47
0
2 43 3
0
0
2 48 38
0
0
2 88 75
1 23
0
0
1 46
0
2 42 78
1 34
1 49
0
3 57 93 50
3 83 83 75
0
1 59
0
0
2 35 67
1 28
2 77 38
0
2 40 54
0
0
1 33
1 79
1 47
2 64 31
0
2 45 58
1 70
0
1 12
1 56
0
1 52
0
1 51
0
0
2 65 46
0
1 78
2 65 39
1 44
3 34 61 49
1 50
2 40 9
1 54
1 10
2 68 87
0
1 37
0
0
3 68 45 56
2 69 56
1 58
0
1 95
1 38
0
0
3 52 37 56
1 92
0
0
1 29
1 32
0
0
0
1 47
0
1 47
0
1 24
1 70
0
0
2 11 69
0
1 53
1 45
2 22 61
0
0
1 11
0
1 70
0
0
0
0
1 59
3 33 40 53
0
0
0
0
4 65 64 57 15
1 60
1 58
1 34
1 40
1 58
1 53
0
1 51
2 56 60
0
0
0
2 25 82
0
0
1 72
3 64 57 58
1 61
0
0
0
1 84
1 35
1 59
1 50
0
1 54
2 48 40
3 79 53 59
0
0
1 23
0
0
0
1 40
0
1 55
0
1 60
2 35 73
0
1 91
0
0
2 15 0
2 64 49
1 36
0
2 43 17
1 65
0
1 44
1 66
2 36 30
0
0
1 39
1 37
0
2 46 41
2 52 55
0
1 26
1 66
2 81 12
1 63
0
1 76
1 66
0
1 47
0
0
1 39
0
2 75 5
1 47
0
0
0
0
1 55
0
0
1 42
0
1 51
1 27
2 52 42
0
0
1 62
2 89 29
1 54
0
1 45
1 25
1 57
0
0
0
1 69
1 35
2 33 61
1 28
0
0
1 46
0
1 51
0
1 50
0
1 23
2 75 83
0
1 30
2 58 24
0
1 77
1 20
1 51
1 63
0
1 22
0
0
1 37
0
0
1 73
2 49 29
0
0
0
0
1 37
1 34
0
2 41 20
1 60
0
1 64
2 50 44
2 43 43
0
0
1 99
0
0
0
0
0
0
2 59 58
2 55 65
1 59
0
1 67
0
0
0
2 64 27
1 32
1 33
0
1 28
2 60 54
0
0
1 55
2 33 44
0
3 58 68 32
1 33
1 52
1 89
0
1 41
0
1 39
0
