3600 4
1 49
1 38
0
3 48 59 52
0
0
0
0
0
0
0
0
1 41
1 83
2 33 40
1 55
0
1 49
1 98
0
0
1 52
0
1 36
0
1 17
0
0
0
0
1 43
0
2 65 55
1 66
0
1 32
1 65
0
0
0
0
1 44
0
1 32
1 41
2 37 52
0
2 44 36
0
1 55
0
0
1 35
0
0
0
1 12
0
1 55
0
2 62 18
0
0
1 48
0
0
0
0
1 41
0
0
0
1 66
2 20 56
0
0
0
1 51
2 84 56
0
1 44
2 24 60
1 51
0
0
0
0
1 11
2 44 57
0
1 72
1 44
0
0
0
0
2 55 83
0
2 50 45
0
0
0
1 44
0
1 59
1 47
0
0
0
0
2 59 28
0
0
0
0
1 26
0
0
1 42
1 34
0
3 42 33 38
0
0
1 40
3 36 79 48
0
0
1 68
0
0
0
1 33
1 46
0
0
1 46
1 66
0
0
1 51
1 27
0
1 28
0
0
2 33 31
0
1 63
0
1 37
1 51
3 74 66 49
0
1 74
1 81
0
0
1 54
1 31
1 69
1 35
2 42 34
1 36
0
0
0
0
1 53
0
0
2 27 37
1 52
1 49
0
0
0
0
0
0
0
0
1 76
1 34
1 19
1 25
0
0
0
1 33
0
2 54 87
0
2 65 49
1 57
0
0
1 77
3 59 89 65
1 53
0
1 20
0
1 55
2 78 62
0
1 48
0
0
1 57
1 35
0
0
1 34
0
0
0
0
0
0
1 54
0
0
0
2 82 32
1 9
1 51
0
2 70 39
0
1 38
1 35
1 55
0
1 75
0
1 69
0
0
2 49 67
2 46 34
2 63 60
0
0
0
1 48
1 42
0
1 54
0
2 37 60
1 48
0
2 42 68
0
1 27
0
2 17 2
0
0
0
2 17 97
1 66
0
2 53 48
1 35
1 29
0
1 40
1 39
0
0
1 19
0
0
1 40
2 75 36
2 33 90
0
1 39
0
2 69 65
2 38 35
0
0
1 29
0
0
0
0
0
0
0
0
0
2 52 50
1 77
1 37
0
0
2 57 42
0
0
1 22
5 52 67 50 59 39
0
0
1 15
0
0
2 54 80
1 30
1 73
0
1 40
0
1 43
0
1 23
0
0
0
0
1 53
1 19
2 70 61
0
2 58 29
2 55 57
1 46
3 58 35 57
1 28
2 52 35
1 65
0
0
1 70
1 46
1 66
0
0
1 69
0
0
2 57 34
0
1 19
0
0
1 49
1 75
2 52 63
0
1 89
2 72 75
0
1 85
1 24
2 38 49
1 51
0
1 47
0
1 58
1 51
1 33
1 69
2 49 61
1 28
2 57 21
1 63
0
0
0
0
0
2 41 47
0
1 58
0
0
1 64
1 54
0
2 66 44
0
1 44
0
0
4 54 45 72 26
0
1 32
0
3 78 61 60
0
0
1 36
0
1 62
2 40 52
0
1 35
2 46 20
1 29
2 59 7
0
0
0
2 76 26
2 53 69
0
1 69
0
1 63
2 39 35
0
0
0
2 61 41
0
2 72 63
0
0
0
1 59
1 21
0
1 40
1 76
1 9
2 34 70
1 44
3 39 50 55
0
1 46
3 64 84 77
0
1 58
1 29
3 40 72 58
0
1 54
1 55
2 75 34
2 19 50
0
0
1 57
2 19 31
0
1 28
0
0
0
1 28
1 54
3 75 39 67
1 72
0
2 63 42
1 51
0
1 65
0
1 57
3 41 55 73
1 19
3 61 50 35
0
0
0
1 65
1 48
2 53 61
1 81
1 40
2 38 31
1 55
0
0
1 49
4 54 22 42 23
0
1 46
1 45
0
1 54
0
1 66
1 49
1 1
1 67
1 50
1 96
2 40 41
1 72
1 66
1 26
1 43
0
0
2 64 34
0
0
0
1 50
0
1 50
2 61 45
0
1 57
2 5 54
1 13
1 62
3 20 52 71
0
0
1 39
0
0
1 88
2 78 85
0
0
0
3 42 54 27
2 35 45
2 48 24
2 50 91
1 28
1 76
1 62
1 23
0
3 94 51 23
1 72
1 36
2 26 24
1 28
0
0
0
1 58
1 61
2 70 38
3 38 45 50
2 52 0
0
3 43 44 81
0
3 24 33 36
1 64
0
0
1 86
0
0
0
2 51 64
0
1 68
2 39 72
3 66 38 24
0
3 35 56 49
2 37 30
0
0
2 45 14
0
0
1 52
1 52
1 54
1 49
2 72 65
0
2 32 32
1 73
0
0
2 49 43
1 83
0
1 50
1 3
4 66 49 67 14
3 30 72 51
0
1 86
0
3 10 95 62
0
1 47
3 26 66 52
0
2 55 35
1 47
2 56 70
2 48 93
1 47
0
2 63 72
2 27 39
1 48
1 60
2 35 42
0
0
1 52
1 51
0
1 79
0
1 23
2 63 45
1 49
1 56
2 42 81
2 68 38
1 46
0
2 99 51
1 83
1 43
0
3 25 69 56
2 39 68
5 79 79 70 44 38
0
1 73
0
4 74 50 55 50
1 4
0
2 47 48
1 50
1 26
1 42
0
1 49
2 67 66
1 37
1 22
1 100
1 44
1 42
2 69 97
1 18
4 39 47 39 66
2 24 32
2 42 53
0
1 69
0
1 24
1 98
1 17
1 84
1 78
0
2 53 66
0
0
2 49 41
1 87
0
0
0
2 49 19
0
1 61
3 54 43 30
2 15 54
0
4 73 66 56 51
1 54
1 55
3 28 40 28
1 14
1 46
0
0
1 85
2 31 58
0
1 12
3 71 29 28
0
3 33 50 9
2 69 56
3 30 37 28
1 70
3 50 63 15
1 31
0
1 34
1 38
4 47 33 67 58
1 55
3 77 43 52
1 51
2 30 36
1 37
0
0
2 66 78
1 26
1 39
1 42
3 56 56 52
0
3 85 39 79
0
1 14
0
0
3 34 59 71
0
0
1 50
2 48 45
1 49
1 64
5 59 14 65 83 27
0
3 45 28 29
0
0
3 42 30 59
2 74 67
1 56
1 45
0
1 41
0
1 64
0
0
4 58 24 43 37
1 42
3 49 24 63
1 40
1 74
2 50 18
4 61 43 58 19
0
0
1 71
0
0
0
1 40
3 34 41 51
3 62 27 74
0
5 45 67 41 26 30
1 69
1 62
3 69 68 41
2 67 61
3 47 22 36
1 32
0
3 52 32 65
4 27 51 67 39
0
2 82 41
0
2 60 43
1 59
1 58
2 54 65
2 61 18
1 45
1 33
2 72 38
1 55
0
1 91
0
1 45
2 31 56
1 23
4 38 41 43 68
0
3 46 17 43
0
3 44 19 57
3 20 24 55
1 69
0
2 59 83
1 43
1 47
1 70
2 42 71
0
1 45
2 63 44
0
3 64 58 64
3 74 61 32
3 42 77 42
1 13
4 84 79 45 63
0
2 49 25
1 51
4 60 97 36 15
0
2 34 30
0
2 7 80
1 81
2 47 66
1 68
3 7 78 68
0
2 38 86
0
3 38 60 46
1 41
2 26 61
2 71 30
1 14
2 50 42
1 51
0
1 55
2 55 51
1 56
0
0
0
2 55 34
4 54 22 57 76
3 19 22 48
2 68 56
2 53 55
3 71 62 16
2 51 75
2 56 17
1 36
2 57 67
1 78
4 70 20 28 75
2 89 65
3 44 66 30
1 56
0
3 62 61 17
2 82 28
2 66 39
1 55
2 44 43
0
0
0
2 60 61
4 57 52 65 53
2 66 34
1 43
3 28 68 75
0
2 21 68
4 28 34 24 46
1 61
1 79
1 54
1 91
1 44
0
1 41
2 46 62
2 85 57
1 59
1 46
2 52 37
1 59
3 36 64 32
0
3 54 58 53
0
3 49 61 43
1 44
1 51
3 77 32 60
2 45 82
1 59
0
4 26 54 77 81
1 59
1 72
1 80
2 31 40
3 61 54 8
0
1 53
2 76 42
1 58
3 52 55 51
2 59 34
3 76 50 49
0
0
1 59
1 49
1 14
1 27
0
2 50 36
2 54 27
3 64 94 81
2 61 92
2 46 46
2 70 43
1 53
0
3 34 50 51
4 38 53 60 44
0
4 47 95 58 51
1 40
2 44 64
0
0
3 86 89 29
3 61 28 36
3 62 33 67
1 34
2 28 22
4 75 63 27 8
2 49 43
0
2 36 15
2 24 90
2 32 37
0
2 74 59
3 46 49 59
5 35 59 41 64 40
2 72 67
2 30 42
2 30 50
2 31 75
2 2 38
0
2 45 42
2 25 27
1 46
1 60
1 22
3 20 67 62
0
2 63 16
2 41 37
3 47 58 49
2 37 50
0
1 68
2 18 34
2 54 44
1 72
4 11 53 59 35
1 34
0
0
1 46
2 35 28
2 74 58
0
2 35 21
3 55 57 57
0
2 66 32
1 54
8 41 61 60 34 48 35 53 48
3 44 62 40
1 43
1 49
2 53 31
1 51
5 98 62 65 15 50
2 63 89
0
3 64 40 57
0
1 59
1 73
5 44 7 77 28 32
2 61 66
0
1 73
3 55 65 68
1 27
3 37 71 42
2 48 80
2 58 31
1 63
1 57
2 48 13
3 46 74 28
2 54 31
1 62
2 58 69
2 38 65
3 50 34 52
1 32
3 31 73 83
2 60 37
2 31 87
2 83 23
2 53 40
1 77
2 68 80
2 40 31
3 97 5 42
2 71 48
0
4 62 28 67 25
0
2 49 48
3 64 62 51
1 23
1 47
2 84 55
3 35 48 38
3 27 39 63
1 70
2 33 95
1 57
2 47 66
0
1 50
0
1 66
3 22 44 46
3 57 31 21
2 54 65
1 36
3 55 56 65
2 75 65
1 12
1 31
1 21
1 91
2 63 44
3 26 61 13
2 83 57
2 14 41
3 35 82 69
3 28 32 81
1 34
2 86 52
0
2 48 53
3 44 62 54
0
2 71 77
2 53 61
5 2 49 55 78 46
1 78
1 38
1 41
1 53
2 35 74
3 78 58 7
1 58
2 59 40
2 35 33
2 63 67
1 50
3 46 36 68
2 42 17
2 46 29
0
1 71
4 33 47 42 41
3 39 73 44
3 55 65 38
2 58 76
2 50 11
0
1 39
0
3 64 27 68
3 44 30 49
1 46
2 40 87
2 37 60
0
2 36 43
3 40 66 46
2 40 37
3 94 89 69
1 44
5 11 34 41 50 44
3 26 41 55
5 63 54 63 54 60
2 42 61
2 18 80
6 67 54 17 44 45 79
3 48 44 43
3 51 38 63
1 31
0
1 87
3 75 69 76
0
0
2 35 52
6 67 34 43 53 28 40
2 65 55
1 55
3 83 56 58
1 62
1 37
2 53 27
0
3 23 66 73
3 43 59 31
4 60 46 50 55
0
2 52 83
1 24
5 58 60 30 32 63
2 54 34
1 62
2 21 82
4 44 21 45 66
3 55 69 51
2 47 71
1 74
3 43 21 76
3 51 34 50
2 40 75
3 29 83 53
2 17 83
1 39
4 32 64 46 65
2 50 27
2 69 53
0
1 70
3 56 35 64
1 34
1 77
0
2 36 60
3 26 96 47
3 13 34 92
1 42
2 22 34
1 14
4 40 41 49 35
3 35 86 78
5 34 30 33 24 50
1 39
2 63 55
0
2 22 37
1 40
2 58 69
3 61 67 62
0
4 77 45 93 41
1 86
2 58 71
0
1 55
3 62 56 8
3 28 32 75
1 53
3 35 13 33
3 39 37 45
3 59 59 71
4 44 43 59 39
1 39
3 29 28 25
1 59
2 32 58
2 59 67
0
1 34
2 56 41
3 50 59 34
4 44 54 33 24
5 60 48 34 27 30
4 47 71 82 78
1 73
2 60 47
1 33
1 64
1 84
3 59 38 34
1 9
2 29 59
1 26
1 26
3 42 29 52
2 37 53
1 29
5 58 31 40 85 44
2 44 34
2 89 51
1 30
1 84
2 55 64
1 60
0
3 29 53 43
4 54 67 76 73
2 34 48
1 61
1 63
5 64 33 41 40 45
4 20 52 63 75
3 62 41 46
1 60
1 58
4 10 49 12 66
1 47
2 86 10
2 50 34
1 33
2 25 68
1 48
2 51 30
2 41 67
2 76 71
6 59 18 95 27 60 44
1 78
2 65 44
5 50 20 64 48 80
1 70
2 36 12
0
6 39 64 55 56 76 27
1 42
0
1 29
1 32
2 51 58
1 77
3 25 39 34
5 59 54 27 52 44
0
4 50 50 44 79
3 69 49 40
2 58 64
2 37 37
3 58 44 28
1 69
4 57 57 60 54
3 51 42 56
4 41 54 49 69
1 71
1 45
1 42
4 82 41 66 15
2 26 50
4 77 49 49 24
3 27 65 76
2 20 84
3 33 68 16
1 33
1 52
2 60 46
1 43
3 21 58 44
5 69 70 63 96 57
3 46 39 40
0
2 71 49
3 46 57 51
3 41 35 58
3 57 23 71
1 49
0
2 59 80
2 41 54
3 73 46 53
0
5 25 66 30 60 63
1 32
3 61 61 65
1 25
2 62 17
5 49 30 29 28 79
4 34 52 30 79
2 58 36
3 54 36 26
0
4 31 36 38 38
0
1 96
3 82 70 50
3 68 63 18
0
2 7 23
1 82
3 49 95 53
3 79 43 53
3 69 26 35
0
3 66 89 68
2 36 66
7 60 83 50 74 71 43 39
2 73 62
3 54 26 53
5 32 61 60 51 24
1 42
1 95
3 31 61 39
0
2 87 78
4 74 57 38 51
4 38 38 50 47
5 47 90 74 53 55
1 44
4 23 42 56 8
1 47
1 35
3 51 63 76
2 61 57
3 52 47 58
3 65 30 32
0
0
2 73 60
3 48 55 24
5 31 23 26 50 46
0
0
4 20 39 53 54
1 38
0
6 83 70 26 29 15 57
5 74 24 33 25 75
1 70
1 77
0
3 33 54 81
0
6 12 62 52 62 39 65
0
3 31 84 33
2 39 62
1 35
4 52 71 63 62
2 24 58
4 38 81 72 57
2 67 30
4 34 11 22 1
0
2 58 54
1 74
1 94
0
2 31 46
1 37
5 43 64 48 57 44
0
0
2 46 48
2 33 27
3 60 82 40
3 19 31 46
4 50 36 57 41
2 48 42
2 30 49
4 47 32 22 52
1 76
2 26 68
4 59 52 66 56
2 40 55
4 49 54 33 71
4 50 46 39 60
3 74 60 57
1 29
1 50
2 63 1
4 46 78 20 35
4 13 36 59 45
2 96 30
2 30 37
2 56 62
1 25
3 58 41 56
2 34 40
2 45 51
2 25 51
2 46 67
2 80 55
5 26 29 38 56 76
5 60 46 69 55 46
2 38 59
1 61
1 40
4 63 35 34 58
1 51
1 70
4 73 32 31 56
1 45
2 21 99
2 62 57
2 62 54
2 69 51
4 68 49 67 86
2 41 48
2 29 34
2 28 76
1 35
5 64 33 51 72 29
4 47 37 49 63
2 45 63
3 45 74 70
6 56 36 33 45 42 79
3 50 36 35
1 35
1 26
0
4 38 36 47 52
3 47 47 59
2 68 63
2 31 43
2 43 83
1 58
2 77 40
3 34 71 38
3 36 34 25
4 51 74 56 51
4 81 75 20 49
1 50
0
0
5 35 39 59 47 46
3 57 62 40
0
2 63 86
0
6 39 61 26 37 75 69
5 58 78 40 64 75
4 14 45 59 32
2 52 61
0
0
3 35 84 75
4 52 77 57 11
3 47 56 20
4 49 27 60 62
0
0
3 61 61 38
3 1 49 27
2 94 26
5 59 67 42 64 5
5 9 90 54 42 31
3 82 42 41
1 34
1 67
4 45 8 43 39
2 26 70
1 70
2 31 57
2 20 66
2 85 56
2 36 70
3 85 64 68
3 69 43 28
4 23 77 41 78
0
3 60 60 64
1 54
1 24
1 63
1 79
3 76 62 38
1 44
5 43 73 23 38 45
2 55 34
6 49 50 54 54 75 74
2 51 51
0
2 53 55
2 26 39
2 29 57
2 67 48
3 40 54 84
4 79 74 92 39
2 66 56
0
1 44
0
2 50 59
5 53 36 33 55 44
2 62 81
5 59 30 39 86 41
2 54 62
3 42 38 98
4 39 23 41 64
3 47 56 69
3 42 87 67
5 32 64 54 39 45
4 52 68 31 9
2 71 61
3 62 65 42
3 51 77 80
2 51 67
0
1 28
4 45 62 69 63
3 25 55 58
4 58 43 16 79
1 56
3 43 59 65
3 62 14 92
2 53 41
1 62
2 59 84
1 21
4 62 42 11 48
5 71 11 50 44 20
2 19 18
2 50 31
5 65 71 49 95 70
2 24 79
4 66 83 26 64
2 59 43
2 67 78
0
3 25 47 77
2 16 60
0
4 51 64 43 75
3 58 49 38
6 50 20 71 32 39 50
0
1 23
5 54 52 32 49 20
2 41 79
2 56 65
2 3 75
1 55
4 83 64 45 61
6 81 56 18 37 48 82
2 57 64
5 80 56 68 68 50
2 44 49
0
0
2 46 2
2 14 23
1 77
4 49 63 47 56
0
2 68 82
5 0 58 55 41 72
2 23 61
5 66 68 76 54 75
2 60 59
1 37
2 48 69
1 63
4 62 55 54 48
1 24
3 62 67 32
0
6 49 38 56 67 35 29
3 11 37 37
1 55
1 72
3 44 90 67
2 68 52
3 77 21 39
4 70 24 38 49
4 42 34 39 32
1 53
0
2 12 37
2 42 93
3 34 56 60
0
3 32 49 46
1 53
3 69 48 27
2 43 15
4 82 31 56 49
5 29 47 73 41 22
3 20 42 48
7 51 67 93 81 68 33 77
4 50 26 55 34
2 31 48
2 71 34
6 80 46 70 41 29 65
4 53 63 45 31
3 71 75 75
3 27 41 49
3 82 68 57
4 75 40 52 13
1 64
3 33 41 6
1 57
2 41 40
3 49 72 47
0
1 35
0
3 36 38 64
3 45 53 81
3 50 64 20
1 55
3 27 33 48
5 79 58 75 25 100
2 68 62
3 60 76 34
1 59
2 38 71
2 93 71
2 68 58
2 76 53
2 45 48
5 60 8 64 55 34
3 31 44 39
1 29
2 91 40
2 72 43
1 24
4 32 16 66 56
3 77 43 51
4 25 33 53 71
1 35
3 37 34 65
0
3 83 68 54
2 22 90
1 42
2 20 77
1 14
3 26 55 39
1 71
3 63 44 59
3 44 44 46
2 35 51
1 61
4 32 68 52 59
4 40 50 51 30
4 93 21 72 22
3 42 34 50
3 68 47 0
1 79
1 27
1 46
3 34 46 78
3 77 60 44
1 78
1 49
4 47 17 71 78
1 76
5 74 80 35 36 35
3 71 33 41
3 57 86 57
2 53 87
1 46
4 66 66 68 64
0
3 88 41 36
1 77
2 32 79
5 27 35 37 35 48
2 23 12
3 66 52 89
2 75 63
3 42 50 28
3 68 21 25
5 30 74 47 86 50
5 65 69 38 41 37
0
4 29 23 17 88
2 58 17
4 25 80 36 64
3 84 79 72
5 59 20 30 61 51
0
2 82 40
0
2 20 30
1 62
3 25 55 28
5 38 97 91 57 71
0
3 81 53 52
2 68 67
1 89
2 34 59
2 47 33
4 32 81 72 81
0
6 46 12 40 60 48 32
2 45 58
4 51 24 87 39
2 26 66
1 54
3 27 26 71
1 24
3 61 39 55
4 64 79 85 55
0
1 68
1 57
1 74
3 33 39 27
9 70 39 77 55 28 59 67 41 38
2 43 49
5 45 66 44 80 52
2 57 38
0
5 39 66 28 55 47
3 55 78 47
2 67 49
5 47 66 52 60 34
5 50 79 29 47 90
4 69 67 90 97
0
2 37 57
0
4 23 70 55 57
2 89 44
0
2 28 44
2 53 51
3 46 33 61
3 66 85 32
1 48
6 63 83 13 57 60 52
1 69
5 81 67 50 17 44
3 42 28 52
4 50 32 65 42
4 61 24 60 46
3 31 7 22
4 68 52 45 58
4 29 69 58 36
2 69 14
2 80 37
2 68 29
0
4 39 44 44 32
3 58 58 81
0
3 40 74 57
2 50 43
3 67 45 54
2 34 32
3 74 55 63
3 74 20 34
3 41 64 29
3 65 93 43
3 42 57 48
1 67
1 21
1 62
1 33
3 66 22 51
4 54 77 27 61
2 35 66
3 63 34 49
1 36
2 18 71
4 38 75 51 63
5 80 56 72 42 27
4 35 5 22 47
0
2 94 55
4 44 82 31 80
0
3 47 13 40
1 42
1 51
4 58 66 36 74
3 31 56 49
2 29 59
1 48
3 55 58 47
3 56 91 21
1 62
1 12
1 9
1 56
2 52 62
3 69 38 32
3 12 19 32
3 70 58 51
3 46 54 74
2 32 48
6 28 63 58 70 27 13
1 94
0
0
2 69 58
3 66 56 39
1 56
7 46 29 47 82 62 84 50
4 69 25 55 9
3 43 93 35
4 62 65 52 62
2 59 16
3 42 49 85
2 68 12
1 52
5 11 60 84 54 32
3 98 64 66
0
1 46
2 56 60
3 67 44 40
3 27 53 40
1 48
0
2 47 27
6 29 48 34 40 30 56
0
4 59 78 62 72
2 29 27
1 45
4 19 87 56 25
6 2 32 35 64 56 79
4 25 49 35 26
3 28 73 59
2 35 28
7 26 2 45 58 37 33 47
3 67 16 100
0
2 56 71
4 45 65 36 34
3 46 52 30
2 88 32
0
2 83 40
2 45 58
1 78
2 34 42
4 60 47 39 86
3 19 62 47
1 46
1 67
2 55 10
3 81 6 54
2 34 60
3 28 24 42
0
4 85 40 5 48
6 59 50 20 40 34 33
3 54 43 75
1 34
3 46 82 59
4 58 56 59 38
2 35 34
1 46
2 55 59
2 38 60
2 50 72
2 74 62
1 58
5 34 96 68 26 86
3 65 70 57
2 62 35
1 45
2 50 74
3 37 72 81
6 50 72 52 56 59 46
4 51 50 38 45
4 42 68 34 73
3 23 20 75
3 65 37 38
3 18 18 62
1 14
2 21 42
1 39
1 44
1 50
4 25 35 43 56
3 52 46 33
2 81 88
2 15 62
2 63 54
3 23 34 61
3 53 82 78
6 51 15 61 44 52 45
5 60 40 31 24 57
0
1 30
2 63 26
2 35 83
2 83 61
1 88
2 65 56
4 63 38 62 71
2 56 40
3 29 45 61
1 64
1 57
1 50
0
4 18 55 57 23
0
0
6 26 67 50 44 49 58
4 63 38 33 67
5 26 99 27 53 46
1 65
1 47
3 77 38 47
3 48 68 44
2 31 60
2 53 80
3 24 39 79
4 41 43 67 50
2 0 14
4 75 59 17 54
4 31 39 34 11
3 22 53 49
3 57 41 75
4 37 39 57 18
3 63 61 83
2 66 30
2 42 29
2 61 55
3 58 77 61
2 71 37
2 44 49
2 78 66
0
5 76 57 57 32 47
3 49 58 62
3 53 75 56
0
1 47
1 71
2 54 32
3 23 42 43
4 72 47 89 42
0
5 44 43 39 10 52
5 8 50 61 58 54
3 57 69 36
2 76 34
1 27
0
4 71 29 36 18
5 56 55 42 66 59
2 87 54
2 65 70
2 61 81
1 51
4 65 56 63 23
0
0
2 57 19
4 39 27 37 68
3 29 41 45
4 59 99 44 36
3 39 41 53
4 65 58 28 52
1 14
0
3 35 61 35
1 58
2 32 42
2 64 76
2 78 26
3 53 30 68
2 22 53
2 55 72
2 73 40
3 66 49 34
1 61
2 34 22
3 45 79 42
0
3 48 52 89
4 40 36 27 89
6 35 54 55 26 33 38
1 57
3 56 46 40
4 41 71 70 21
7 26 26 88 54 39 53 59
4 59 19 62 61
2 45 16
3 64 36 20
0
2 45 19
1 52
2 30 46
1 71
3 49 28 90
4 41 55 29 45
0
4 70 75 39 36
1 36
2 55 69
4 21 60 15 92
5 68 75 39 51 52
1 34
3 63 45 67
2 82 54
0
1 29
1 25
3 71 49 12
4 39 66 1 60
2 37 40
1 68
0
6 46 42 70 69 31 40
1 87
2 47 43
3 71 37 42
2 14 40
3 79 65 35
0
4 44 55 25 62
4 55 7 40 23
1 67
2 70 54
2 68 51
4 47 75 47 8
2 44 46
2 94 55
1 36
2 68 57
3 75 54 49
1 36
1 74
0
1 44
3 28 78 35
2 32 19
4 62 50 45 33
2 49 51
3 66 44 21
4 48 53 43 58
2 15 26
3 50 66 69
2 97 37
3 55 49 80
2 57 60
2 26 55
2 26 44
3 31 79 52
3 80 78 55
3 62 54 64
2 46 46
2 79 85
4 60 42 35 63
4 63 33 62 40
3 29 41 34
3 29 57 52
3 26 25 62
1 27
3 12 61 3
1 34
1 78
5 63 32 19 60 73
0
2 56 72
2 50 59
3 34 31 62
5 41 48 82 38 73
2 41 49
0
2 69 51
0
0
1 60
3 53 44 65
2 42 52
2 49 38
1 53
5 49 48 18 40 11
2 52 47
0
4 25 39 73 39
3 22 54 31
4 50 44 61 62
2 52 44
0
1 29
3 53 81 38
2 59 54
8 65 77 52 55 29 39 43 51
1 53
3 82 49 44
0
1 23
4 52 53 24 44
1 72
2 53 69
4 51 61 61 19
1 40
3 41 56 67
2 77 19
1 65
2 39 63
4 39 39 56 54
3 54 32 42
3 28 84 45
2 48 38
1 61
1 71
2 47 67
1 44
4 70 79 30 52
2 51 47
2 57 21
2 42 19
6 37 47 11 77 88 62
4 85 60 26 54
2 5 66
3 86 28 30
3 34 88 78
4 21 33 47 67
1 50
3 48 57 61
1 43
6 53 60 42 49 26 44
1 38
3 89 28 62
5 63 46 74 95 26
2 65 32
2 45 44
2 69 51
0
0
3 84 42 69
3 35 37 45
1 65
4 49 58 55 47
2 16 20
0
4 29 48 29 53
5 28 56 63 48 49
3 32 37 41
6 25 48 54 79 86 35
0
1 57
1 62
2 58 61
3 49 54 49
1 48
4 70 21 29 76
2 43 70
2 35 53
0
1 50
3 88 44 58
1 57
2 59 78
3 60 61 37
1 67
3 71 79 74
3 41 33 63
2 56 7
0
3 68 21 67
3 55 16 62
0
2 93 36
1 54
4 47 74 9 36
1 27
1 32
3 83 46 55
5 64 60 60 34 59
1 5
2 23 62
0
2 30 49
2 24 39
0
4 74 62 84 69
1 41
1 45
2 32 27
2 53 41
2 58 60
6 59 20 71 70 64 4
2 55 67
1 48
5 80 46 57 40 43
2 79 25
2 33 51
0
0
2 83 56
1 60
5 47 45 51 50 81
0
2 28 56
2 53 53
2 59 70
2 76 56
1 58
2 50 31
2 76 24
8 100 35 63 64 86 48 55 97
1 16
1 71
0
4 40 82 22 27
4 78 26 44 52
0
2 50 67
1 25
1 18
2 43 57
2 48 38
0
2 26 43
3 59 68 64
2 66 63
3 43 52 68
1 28
4 23 49 39 57
3 53 32 57
1 81
0
2 41 50
2 67 52
0
3 52 58 45
0
3 53 42 23
2 51 45
5 59 42 33 30 57
4 42 77 22 49
2 47 37
1 32
2 57 35
1 27
3 50 67 31
2 81 52
4 49 79 31 79
2 59 69
2 45 47
1 43
1 39
3 30 31 4
5 71 35 27 86 42
4 31 39 40 25
1 17
0
2 36 28
5 30 72 19 88 22
2 25 87
1 51
2 13 51
3 49 48 68
2 40 35
3 29 38 67
2 85 41
7 51 29 63 25 66 73 70
2 44 44
2 17 48
1 19
2 94 50
2 85 48
1 84
2 46 54
1 49
3 74 23 16
3 20 42 80
3 79 63 33
2 42 81
2 16 63
2 34 57
0
2 26 77
2 93 91
3 49 87 54
3 66 23 67
2 62 63
1 68
5 37 80 64 62 27
2 51 62
1 34
4 18 59 44 92
4 23 4 63 31
1 39
1 12
1 57
1 68
3 36 56 62
2 33 70
3 69 67 30
1 76
3 89 46 77
1 70
0
1 41
1 27
2 65 46
1 45
0
3 68 40 69
0
1 19
8 39 86 34 52 81 56 80 86
5 58 70 33 68 96
2 57 29
4 52 40 63 63
2 93 58
1 62
1 44
2 58 52
1 59
3 34 71 32
2 24 51
3 48 80 63
3 54 29 58
2 60 35
1 77
0
3 32 52 30
2 60 38
0
0
1 54
3 41 36 76
1 29
3 68 28 50
2 56 62
4 20 36 89 36
2 53 60
3 61 67 16
2 54 44
2 60 42
0
3 75 50 61
3 79 67 77
4 31 28 52 57
2 71 35
0
1 33
3 13 32 59
1 44
2 73 65
1 46
1 72
1 55
1 52
0
3 31 65 50
0
1 32
1 29
3 42 45 43
4 93 37 5 66
4 57 69 61 82
1 61
1 52
2 76 24
4 67 53 43 82
4 9 42 50 68
0
3 67 22 51
1 15
3 16 11 17
5 56 49 47 72 63
3 60 34 38
3 43 15 62
3 63 97 25
2 25 44
0
1 43
2 52 28
2 68 45
3 21 25 66
2 59 58
0
2 62 29
1 85
1 45
2 33 81
1 34
4 78 43 27 61
1 53
1 41
0
2 41 44
1 41
3 68 54 44
2 11 30
2 50 74
0
1 77
1 31
3 20 43 78
2 69 62
2 37 59
3 55 27 65
3 30 96 88
3 16 38 25
5 17 24 69 29 49
1 56
0
1 3
1 50
1 61
2 20 81
3 39 45 61
1 50
2 5 62
1 54
1 50
0
0
4 86 56 65 50
2 70 43
0
2 85 49
1 28
1 16
2 26 43
3 77 51 61
0
2 34 36
1 39
1 43
3 33 69 63
3 24 69 29
2 55 73
1 44
4 63 59 95 88
3 86 39 32
3 33 40 45
3 22 44 59
3 41 45 67
2 67 23
2 60 41
6 74 43 38 45 41 38
2 53 65
1 42
2 55 49
3 46 49 39
0
2 6 72
1 56
2 41 47
2 59 57
3 60 34 53
0
1 29
4 76 40 51 12
1 12
0
0
2 49 16
0
2 34 74
2 44 67
3 50 53 28
1 65
1 64
1 69
2 23 65
1 36
3 59 23 61
1 37
1 57
3 39 45 70
2 35 39
4 17 42 47 35
0
2 83 91
2 56 38
0
2 74 64
2 47 59
3 78 28 42
1 56
0
1 47
0
0
3 85 45 37
2 54 34
1 91
1 92
2 23 66
0
5 52 31 18 59 62
2 47 63
4 29 83 41 68
0
0
1 16
1 66
2 13 29
3 39 33 36
2 49 29
5 45 65 61 74 83
1 26
1 28
1 49
4 54 59 26 66
2 42 44
1 59
2 20 59
2 59 79
1 62
3 66 45 54
0
0
1 4
0
3 56 97 94
2 76 37
0
2 27 62
3 90 85 48
3 61 33 70
1 46
1 43
3 73 38 51
1 55
2 36 68
2 24 3
3 46 60 24
3 57 35 49
2 80 68
1 67
1 79
1 46
2 65 26
4 56 32 66 80
1 64
2 40 58
0
3 34 36 32
1 64
0
1 75
3 62 41 32
1 58
2 33 46
0
2 20 63
1 41
2 53 75
2 28 51
3 13 56 58
1 48
0
1 65
1 45
2 85 40
1 49
3 82 62 16
1 53
3 30 58 70
1 45
2 43 60
0
2 15 78
2 62 51
0
2 62 56
3 61 41 61
0
1 61
1 5
1 67
1 56
1 38
2 74 29
2 40 53
0
1 70
1 50
2 34 53
0
2 54 15
3 32 52 49
1 66
2 81 41
1 71
0
3 27 69 71
1 41
2 49 85
3 42 61 51
4 59 37 29 52
1 29
0
2 73 74
1 49
1 15
0
2 43 58
1 18
1 48
4 21 63 39 32
1 31
3 50 51 36
1 69
1 79
4 23 59 43 69
1 44
2 21 84
0
2 39 52
1 46
2 35 47
1 67
1 61
1 24
2 69 72
2 49 24
3 88 39 75
1 75
3 54 66 70
3 31 69 52
1 44
2 34 71
1 52
0
1 96
5 44 81 52 82 14
1 79
0
1 70
2 63 45
0
3 81 31 85
0
1 50
0
2 19 49
0
4 40 82 14 54
4 50 38 35 55
0
1 57
2 36 58
1 35
1 59
1 56
1 52
2 40 68
0
3 42 37 43
6 79 37 79 87 54 49
4 55 42 62 23
1 29
1 31
0
1 39
1 59
2 48 65
2 52 52
1 29
1 75
3 41 57 41
0
1 72
0
1 52
1 49
1 44
2 66 59
0
0
0
0
1 37
1 49
2 45 40
3 58 29 26
2 72 52
3 31 10 68
1 67
4 39 70 45 66
0
2 61 68
1 63
1 54
1 36
1 65
2 28 46
0
1 26
2 51 59
1 42
2 17 42
1 43
1 34
1 38
1 56
1 44
2 57 49
3 56 49 54
0
0
3 54 37 28
1 48
1 34
2 51 60
4 64 43 42 59
3 42 60 48
0
1 49
0
1 64
1 67
1 41
0
1 82
0
2 40 41
0
1 45
1 44
2 42 47
2 45 33
4 54 62 40 56
2 50 33
0
1 46
1 61
0
1 22
1 39
0
2 73 61
1 50
0
4 24 58 67 45
3 52 86 78
2 48 75
1 63
2 48 35
1 38
1 35
1 42
2 36 37
1 54
0
2 6 43
0
1 58
1 34
1 31
0
1 8
2 15 51
2 34 73
0
0
2 28 72
2 88 29
0
0
0
2 84 41
3 47 52 19
2 56 25
1 50
1 43
0
0
2 61 42
2 16 42
3 36 59 56
2 51 42
2 10 30
1 74
1 29
2 50 38
2 78 36
1 64
1 81
0
1 38
1 22
1 76
1 56
1 63
2 42 14
1 52
1 38
1 37
4 49 62 29 35
1 26
1 38
0
1 49
1 62
0
2 88 79
3 34 69 64
1 27
1 66
1 32
1 66
2 58 48
4 40 36 51 66
0
1 59
0
2 76 55
3 23 48 53
1 75
1 60
1 60
2 55 90
1 57
2 53 77
1 52
0
0
0
1 60
2 29 29
0
0
1 65
2 60 97
1 42
0
0
1 76
2 32 47
2 62 92
1 34
1 19
2 30 98
1 99
1 46
0
2 51 71
3 36 41 50
0
1 60
0
1 45
1 1
1 55
4 74 47 58 50
0
0
0
1 48
3 40 66 51
0
0
0
4 45 87 31 66
0
0
1 68
3 73 48 42
1 26
2 41 62
0
0
1 33
0
3 50 38 33
2 71 39
1 38
0
0
0
0
2 36 23
2 46 21
4 34 55 37 22
0
1 46
0
1 69
1 39
2 53 25
0
1 23
0
2 72 35
1 49
1 15
2 34 84
0
4 21 36 57 56
2 73 23
0
0
0
1 62
2 52 81
1 69
1 9
2 19 95
1 97
0
0
1 32
3 24 14 95
3 46 40 49
0
0
1 62
2 44 39
1 15
2 71 73
0
1 33
0
2 30 56
0
2 50 62
4 73 54 58 41
1 59
2 84 27
0
0
0
0
1 58
0
0
0
0
1 32
0
1 23
0
3 42 56 51
1 55
0
2 32 56
2 59 81
0
2 60 65
1 47
0
2 30 24
0
0
1 45
1 16
1 71
3 44 17 64
0
0
0
0
1 13
1 83
1 53
0
0
1 73
0
2 76 15
1 39
2 28 64
0
1 32
1 45
0
0
1 47
2 57 59
1 23
2 28 48
0
1 42
1 40
5 73 46 39 24 43
1 18
0
3 63 38 64
0
0
2 63 50
1 42
1 30
1 94
0
1 46
0
0
2 74 74
0
2 76 49
0
0
1 52
1 27
4 89 30 26 58
2 94 34
1 57
2 31 45
1 37
1 55
1 81
0
2 55 66
1 63
2 28 55
0
0
0
1 44
1 52
0
0
0
0
0
0
1 33
1 42
0
0
0
0
1 16
0
1 53
0
0
1 49
2 27 64
0
3 79 92 56
0
1 47
1 73
0
0
0
2 64 71
2 70 68
0
3 18 25 61
0
0
0
2 51 69
2 47 4
1 34
2 53 52
1 66
0
2 27 55
1 38
2 61 71
1 24
0
1 61
0
1 60
0
0
2 72 68
0
1 51
0
0
3 44 59 41
3 18 88 55
2 74 15
0
1 58
0
1 16
0
0
0
1 39
1 27
2 53 63
1 4
0
0
0
0
1 56
0
3 83 65 46
2 67 31
1 26
1 59
0
1 97
0
0
1 62
0
0
1 58
1 36
1 66
0
1 34
1 85
2 8 39
2 36 44
0
0
0
1 89
0
1 31
0
2 37 60
0
1 77
1 46
0
0
0
2 34 60
1 56
3 71 83 18
0
1 55
0
0
1 39
1 63
1 96
0
0
1 68
0
0
1 35
1 28
1 23
3 78 69 63
1 43
0
0
0
0
2 79 17
0
0
0
0
1 10
1 73
1 71
2 53 49
1 34
0
1 88
2 66 35
0
1 55
0
0
1 66
1 93
0
0
0
0
0
1 37
1 72
0
1 60
0
1 46
0
3 83 36 47
0
0
0
0
1 26
1 37
1 53
2 78 52
0
2 65 69
1 40
0
0
1 80
1 59
0
0
2 34 32
0
2 44 39
2 68 44
0
1 76
0
1 30
1 33
2 47 43
1 42
0
0
1 70
0
0
1 62
0
1 56
3 48 40 59
2 50 54
0
0
0
0
0
0
0
2 50 54
0
1 41
0
1 40
2 78 30
0
2 37 74
1 72
0
1 97
1 43
0
0
0
0
0
1 48
0
1 19
1 37
0
1 25
0
0
0
3 85 37 68
1 63
0
0
0
0
0
0
3 59 76 38
0
0
2 49 25
2 55 68
1 48
1 96
0
1 42
0
0
0
1 58
1 77
0
2 52 38
0
0
0
0
0
0
0
0
0
1 38
2 27 84
1 18
0
0
1 85
1 31
1 74
1 36
0
1 45
1 69
1 30
0
0
1 52
0
0
1 40
0
1 65
0
1 69
1 49
0
0
0
0
0
0
0
0
0
1 11
1 45
2 61 33
0
0
1 56
0
0
2 48 70
1 35
0
0
1 69
0
0
0
1 50
0
1 73
0
3 54 49 59
0
1 52
3 54 38 63
0
0
0
0
1 66
1 69
0
1 69
0
1 63
0
1 62
2 80 85
0
0
0
1 7
0
0
0
1 38
1 30
1 46
0
1 48
2 44 66
2 68 33
1 83
0
0
0
1 33
1 52
0
0
1 84
1 45
0
0
1 28
0
0
0
0
0
0
0
2 35 39
1 57
0
2 77 36
1 52
0
0
0
0
1 87
1 58
1 40
0
1 78
0
0
1 77
0
1 84
0
2 51 59
0
0
0
0
1 75
1 18
1 25
1 53
1 44
0
0
0
0
1 31
1 66
0
0
1 21
0
0
3 61 77 93
0
1 72
1 10
0
1 75
0
1 19
2 53 26
1 41
0
0
0
0
1 43
0
0
0
0
0
1 73
1 86
0
0
1 47
1 63
0
2 92 29
0
1 43
0
0
0
1 15
1 68
0
0
0
0
0
0
0
2 34 37
0
1 31
0
0
1 49
0
0
0
0
0
1 73
1 58
0
2 75 39
2 56 38
0
0
1 37
0
1 61
3 40 68 42
0
0
0
0
0
0
0
2 33 64
1 60
1 52
1 35
0
1 35
0
0
0
0
0
1 27
2 38 38
0
0
0
0
0
1 48
0
1 30
2 87 48
0
0
0
2 56 80
0
1 27
0
1 26
1 57
1 52
0
0
1 35
1 59
1 47
0
0
0
0
0
1 59
1 47
0
0
0
0
0
2 37 87
1 81
0
0
0
1 50
1 27
1 85
1 32
0
0
3 12 53 80
0
1 80
0
2 29 42
0
0
0
0
0
0
0
1 62
0
0
0
0
0
2 45 44
0
1 20
0
0
1 51
0
0
1 69
1 54
2 27 39
1 26
0
0
0
2 27 49
0
0
0
1 19
0
2 55 62
