3600 4
0
0
0
0
0
1 75
0
0
0
0
1 45
0
0
0
0
0
0
1 52
0
2 81 45
0
2 19 61
0
0
1 70
2 45 85
2 16 66
0
1 1
2 57 53
0
0
1 59
1 27
0
1 69
0
0
0
0
1 72
1 36
0
0
1 60
1 0
1 39
0
0
0
1 36
1 55
0
2 23 55
0
0
0
0
0
1 55
0
2 39 26
1 47
1 29
2 43 38
0
0
0
1 58
0
0
0
0
1 32
0
0
0
2 9 62
1 46
0
0
0
0
2 43 66
1 26
1 38
1 43
0
2 46 20
0
0
1 53
0
0
1 39
0
0
1 43
1 50
0
2 28 22
1 55
0
0
2 61 67
0
0
0
0
0
1 55
0
0
2 17 40
2 65 61
1 48
0
1 47
1 64
0
0
0
1 20
0
0
0
0
1 62
0
0
1 51
0
0
2 48 56
0
1 37
1 36
0
1 44
0
0
0
1 50
2 73 1
3 26 18 37
0
0
1 47
0
0
0
0
1 67
0
1 50
0
0
1 56
1 30
0
0
1 84
2 52 38
0
1 34
0
0
1 77
1 32
0
0
0
4 65 56 54 43
0
0
0
0
0
1 41
1 56
0
0
1 51
1 48
0
0
1 54
1 43
0
0
0
2 10 54
1 66
1 38
0
0
0
0
0
3 74 44 38
0
0
0
0
1 30
0
0
1 85
0
0
1 44
0
1 34
1 46
0
0
0
2 91 74
0
1 82
2 85 41
1 60
1 65
2 40 52
0
0
0
3 24 50 27
0
0
1 35
1 75
1 24
0
0
0
0
1 24
0
1 71
0
0
0
0
1 29
1 20
0
1 47
0
1 38
0
0
1 54
1 53
0
1 22
0
0
2 24 14
0
1 46
2 37 42
0
0
0
1 53
1 21
2 38 40
1 44
1 38
1 60
0
1 53
0
0
0
0
1 81
3 37 30 54
0
0
0
1 6
0
0
1 67
0
0
1 44
0
0
1 34
0
2 32 38
0
1 45
1 65
0
0
2 47 25
0
0
0
1 71
1 59
0
2 58 44
1 62
1 39
2 47 67
1 66
0
0
1 55
0
1 48
0
0
2 62 32
1 23
1 47
2 52 82
1 52
1 84
0
1 61
1 22
1 59
0
2 42 100
1 64
0
0
0
1 55
0
1 57
1 65
1 37
1 48
0
1 43
1 73
1 79
0
1 53
0
0
0
1 41
0
2 47 18
1 23
0
0
2 52 47
0
0
0
1 44
1 29
0
0
1 32
1 85
0
1 81
1 55
0
0
1 44
1 31
2 51 30
0
1 37
2 21 7
1 65
1 83
1 67
0
0
0
0
0
0
3 58 29 33
0
0
1 34
2 28 25
1 57
1 9
0
0
0
1 63
1 19
1 48
2 39 62
2 53 56
0
0
2 29 43
1 50
0
1 23
1 57
1 35
1 26
2 45 43
1 44
1 59
1 90
1 39
0
0
2 72 54
1 46
0
0
0
2 63 57
0
1 27
0
2 57 44
0
3 78 68 81
0
0
2 47 65
0
1 16
2 58 81
0
1 53
0
0
0
0
2 47 31
0
1 69
1 63
1 96
0
1 65
0
2 46 44
1 50
2 28 35
0
3 63 52 79
1 71
2 54 28
1 56
1 46
0
1 82
0
0
0
1 60
1 36
2 49 42
0
3 67 49 57
0
1 77
0
1 35
0
1 34
0
1 52
1 43
2 48 58
1 41
2 27 61
0
1 52
0
0
2 73 58
0
1 11
1 60
1 62
0
1 25
0
1 27
2 29 58
1 21
0
0
1 77
0
2 40 33
1 76
1 12
4 43 58 32 79
2 75 27
0
0
1 98
0
0
1 60
2 59 25
0
0
1 17
0
2 58 65
0
2 31 20
0
0
0
3 57 42 65
0
1 45
1 56
1 49
0
1 16
2 67 37
1 18
2 47 31
0
0
1 86
1 46
0
0
0
1 83
2 28 21
2 50 61
1 57
2 44 29
1 20
2 86 72
0
2 86 50
1 42
2 40 82
0
1 82
1 37
0
1 57
1 23
2 2 67
1 48
0
0
2 30 46
0
2 60 66
3 62 58 37
1 74
2 42 44
0
1 24
1 60
0
1 2
1 35
0
0
0
1 65
0
1 45
1 58
1 61
1 80
1 41
1 23
2 33 21
2 41 44
1 58
2 80 35
0
0
1 43
3 25 35 63
2 85 62
3 59 59 24
0
1 43
0
3 63 74 46
3 34 93 71
2 50 27
0
0
2 44 69
1 14
1 50
0
1 44
0
3 70 58 31
0
1 38
0
1 38
1 21
0
0
1 66
3 70 40 56
1 80
0
0
0
2 51 61
0
1 19
3 36 47 69
0
1 55
3 53 44 29
0
0
2 43 48
1 59
1 34
1 70
1 39
0
1 12
3 58 51 62
1 41
3 70 55 30
1 44
2 17 57
0
0
3 51 46 31
1 58
1 67
3 86 15 59
1 38
0
2 62 57
0
2 37 59
0
2 14 47
1 49
1 29
1 24
2 21 68
1 31
2 49 9
0
1 39
0
2 46 52
1 78
0
1 69
0
0
1 65
0
1 30
1 70
0
0
3 60 43 64
1 36
1 38
3 39 98 50
2 48 68
0
1 33
1 65
0
2 95 63
2 8 45
3 48 30 62
1 66
0
0
3 58 59 45
0
1 86
0
2 56 49
0
0
1 82
0
1 48
3 53 46 24
3 30 63 37
3 21 39 51
0
1 65
2 34 62
1 50
1 14
1 14
2 71 60
0
3 73 42 45
3 54 27 63
1 78
0
2 38 27
2 81 82
3 61 59 40
1 64
0
1 62
1 48
0
0
0
0
1 34
2 58 43
1 27
2 89 54
2 65 64
1 54
0
1 31
3 68 40 21
0
2 46 80
0
2 6 54
3 35 55 36
1 60
1 48
1 47
3 45 51 45
2 50 47
1 30
2 47 76
1 33
1 81
1 66
2 36 47
1 43
0
0
2 75 33
1 36
0
0
1 56
1 35
1 65
0
2 59 66
0
1 59
0
3 59 36 54
3 54 45 43
1 44
0
2 66 23
1 17
2 42 38
0
3 52 57 53
1 71
0
0
1 74
1 35
3 58 51 72
4 71 48 40 33
1 31
0
1 52
2 74 72
0
0
2 70 75
4 97 31 35 29
2 45 62
3 61 33 68
1 52
0
0
1 62
1 30
3 68 37 43
0
1 40
2 32 34
0
1 59
3 61 56 36
2 58 57
2 34 18
4 20 61 29 80
2 41 37
2 39 69
1 29
1 49
1 58
0
2 77 72
1 37
1 67
1 55
0
1 71
2 40 56
0
1 40
1 47
2 63 54
0
2 29 58
0
4 75 50 32 54
1 78
1 39
4 45 32 47 73
2 54 55
1 30
1 52
2 49 59
1 58
2 34 33
4 73 30 89 39
1 33
2 45 60
0
1 36
0
2 46 69
1 73
2 37 44
2 25 45
4 47 10 84 76
5 39 36 42 60 41
4 82 37 46 47
1 47
2 13 45
0
2 6 24
1 31
0
0
2 30 63
1 56
1 63
1 71
0
0
1 28
1 32
1 58
0
2 47 21
2 54 61
3 51 77 73
3 57 36 61
1 7
1 14
1 50
0
3 63 24 66
3 39 39 29
1 55
0
1 26
2 59 81
4 32 83 64 60
3 75 0 44
1 1
4 43 98 19 72
0
0
0
1 37
2 47 38
1 58
2 72 70
2 67 51
0
2 33 52
2 35 66
1 44
2 35 52
3 33 33 25
0
2 32 99
3 40 20 31
0
1 45
2 50 49
1 42
5 47 51 52 50 22
0
1 62
1 17
2 35 53
1 30
3 75 37 33
1 61
3 30 65 55
2 76 68
1 32
3 74 25 66
1 69
0
2 55 28
2 60 63
1 67
0
4 87 49 68 35
1 5
0
1 39
2 46 44
0
2 59 23
1 59
1 54
3 71 24 33
0
2 75 37
2 50 43
1 59
0
1 34
3 82 72 52
1 82
6 56 31 44 48 33 37
4 45 69 44 70
1 76
0
1 19
1 80
0
0
1 80
1 60
3 64 47 63
1 80
3 30 56 33
0
6 52 63 44 46 40 35
0
1 77
1 76
0
2 34 90
1 53
1 77
2 77 61
2 59 45
3 45 78 34
4 22 60 31 82
1 32
0
0
2 29 43
2 9 30
2 72 89
0
0
0
0
5 23 33 49 54 50
3 38 54 49
2 17 47
1 33
1 63
2 83 51
2 40 62
2 29 55
2 60 24
2 69 38
3 30 52 70
1 56
2 48 39
2 28 63
1 69
0
2 58 68
2 57 31
1 26
1 58
1 66
2 70 90
3 51 79 64
2 30 47
4 41 38 58 45
2 69 28
3 25 64 33
2 36 69
0
2 20 27
3 35 88 34
0
4 62 52 35 45
1 6
2 30 75
1 53
1 70
1 26
3 78 24 54
1 82
4 54 54 71 65
1 47
1 74
1 55
2 60 53
4 62 21 15 55
2 62 58
2 61 70
2 46 49
0
2 67 71
0
1 21
2 55 57
2 45 56
3 29 79 32
2 8 66
0
2 28 58
1 37
2 56 70
5 45 46 57 87 63
0
3 34 54 12
2 33 55
1 22
0
2 23 53
2 51 22
4 57 55 45 63
1 80
2 74 58
5 51 29 79 90 41
2 57 73
0
0
0
4 69 29 40 71
2 56 58
1 57
1 76
1 74
2 52 26
0
3 34 65 40
0
4 63 25 71 70
4 48 28 72 44
1 52
3 68 14 83
2 51 51
2 26 29
3 37 46 56
3 46 28 44
0
2 61 51
4 22 10 96 80
2 60 40
0
0
2 46 55
2 44 50
2 95 50
0
0
1 39
1 55
2 96 58
5 51 54 78 34 42
1 48
3 44 75 75
3 35 65 62
1 56
2 55 35
1 36
1 44
3 70 70 28
0
3 65 46 22
1 37
2 73 50
1 54
2 36 72
3 46 87 47
4 30 75 32 46
2 85 37
2 16 2
1 60
3 57 57 67
0
0
1 57
2 24 49
0
1 64
3 45 19 23
2 26 44
0
2 58 38
6 72 34 51 24 81 28
0
2 38 53
1 69
1 22
0
1 29
2 29 37
1 80
2 32 31
0
3 55 63 29
2 65 27
6 48 82 39 40 16 61
3 44 28 58
4 47 42 66 64
0
5 65 54 52 17 81
0
1 37
2 62 25
2 75 55
2 49 28
4 70 37 26 64
2 54 57
2 46 54
0
5 71 46 59 49 36
1 87
2 38 94
5 6 68 24 46 76
1 49
0
3 65 30 61
1 69
2 65 69
0
1 55
2 69 59
2 68 70
0
1 32
4 49 41 48 55
1 59
1 68
2 44 50
1 58
7 28 44 45 59 45 30 81
3 68 63 65
3 75 31 39
3 28 18 91
0
3 58 50 60
0
2 39 47
4 66 69 41 41
0
6 28 83 48 77 56 13
1 32
2 87 40
2 41 1
2 54 29
2 7 72
2 57 46
2 21 57
2 40 86
1 44
3 3 63 36
0
2 59 54
1 42
3 58 80 57
5 41 70 45 77 50
2 38 73
1 43
2 53 93
1 44
3 72 44 70
1 82
4 59 31 13 42
3 58 29 62
1 83
0
2 32 23
5 54 62 40 67 45
1 13
1 38
3 72 55 36
1 27
2 43 38
1 8
1 25
2 71 53
3 25 48 41
2 60 54
3 64 58 76
1 18
0
0
2 70 73
3 52 57 59
2 73 27
3 4 51 7
2 76 37
3 71 30 76
0
1 55
4 29 52 68 62
0
3 84 57 76
2 33 55
3 79 31 52
2 77 20
2 53 39
2 80 27
5 68 28 1 23 70
2 60 52
2 42 53
0
1 43
1 31
4 50 64 52 38
0
4 43 39 41 23
4 79 53 48 48
2 21 53
1 37
3 47 36 43
2 52 56
3 20 36 63
1 24
2 28 36
2 75 9
1 46
4 30 33 58 54
1 41
2 33 62
2 47 72
5 31 30 42 41 71
1 42
2 63 62
1 44
1 38
1 35
3 30 19 44
4 32 53 44 79
4 71 71 79 40
2 71 56
3 67 100 27
4 35 74 62 66
0
3 65 41 52
2 35 38
1 71
1 17
2 19 83
2 42 93
2 75 30
4 61 76 48 42
4 43 44 24 75
3 52 51 42
1 37
2 10 55
5 53 43 71 23 60
2 70 56
3 30 39 53
0
3 65 38 50
3 47 31 27
4 77 16 78 30
1 62
2 53 55
2 77 70
2 52 41
1 53
2 76 58
1 13
3 28 34 62
2 39 51
4 46 27 46 38
1 57
2 42 53
2 42 18
1 47
0
1 62
3 55 53 50
1 91
5 54 52 38 15 40
4 40 67 30 41
3 41 6 11
3 44 27 32
1 35
1 18
2 73 23
1 81
3 19 59 80
5 32 49 52 46 73
1 84
2 79 32
2 45 26
0
2 62 22
4 55 51 6 67
1 17
3 38 81 18
0
4 57 70 37 75
5 58 16 55 85 56
3 30 70 5
3 61 70 65
1 61
0
3 58 63 30
4 57 42 68 21
1 37
2 13 46
3 45 92 74
2 62 27
2 31 26
1 51
1 49
2 55 49
1 34
5 52 36 41 47 46
2 44 61
2 55 48
2 38 47
1 57
2 82 65
3 75 37 72
2 54 46
0
3 49 77 28
3 55 28 66
5 68 76 67 57 55
2 38 69
2 38 64
2 58 83
1 10
0
4 57 43 12 45
4 70 29 66 38
1 48
0
1 34
2 66 57
2 83 35
2 36 22
1 19
1 59
0
0
1 40
5 48 40 68 52 54
1 40
5 96 85 96 29 14
3 16 47 61
5 54 57 61 54 44
1 48
5 69 48 41 68 61
3 47 67 60
1 35
3 17 65 99
4 46 62 31 59
3 42 61 57
1 73
4 36 45 38 54
0
2 31 30
1 64
1 35
3 43 72 45
2 28 21
1 67
0
1 39
3 57 70 45
5 81 55 55 53 54
4 65 56 44 12
3 42 16 71
2 28 48
3 92 67 32
3 70 72 58
2 63 48
1 59
2 36 84
3 19 52 46
2 74 32
4 67 53 56 25
5 63 66 17 67 42
1 65
3 44 19 45
1 70
3 49 41 47
0
0
3 55 75 20
2 56 24
3 81 42 23
3 72 61 40
2 83 39
0
1 28
3 36 54 52
6 61 59 47 29 23 26
1 9
2 36 55
0
4 25 25 68 72
2 22 60
1 64
3 31 64 29
1 52
3 54 57 45
4 49 74 24 48
4 50 65 28 63
2 41 41
3 28 46 37
0
0
1 55
3 30 30 40
5 20 15 20 87 57
1 46
5 58 36 88 48 55
0
1 74
1 71
1 57
2 25 42
1 97
3 56 56 48
4 21 42 32 64
4 74 59 72 87
0
2 23 64
1 33
1 33
4 55 50 29 65
3 10 54 19
0
5 34 44 33 57 68
0
6 41 62 37 65 52 50
3 96 47 42
4 22 24 53 19
1 53
2 64 67
1 50
0
3 46 11 82
2 50 75
2 34 42
6 55 62 30 27 22 12
4 10 46 53 39
1 64
4 54 55 50 33
2 65 47
2 29 56
4 82 33 52 55
4 34 50 34 24
2 67 29
5 12 36 42 48 57
1 27
3 60 14 45
5 63 97 23 42 84
3 64 44 38
3 32 45 7
0
4 56 53 74 49
1 65
2 47 27
2 46 37
2 55 80
3 53 13 49
2 41 55
2 78 60
3 60 75 84
1 72
0
2 38 46
1 81
2 16 60
1 19
8 53 33 71 49 47 47 71 43
2 19 42
3 59 43 24
3 48 60 51
2 79 60
1 55
1 40
3 37 67 46
1 60
4 44 34 52 80
3 53 78 64
5 55 30 91 59 54
1 41
4 16 57 49 67
2 48 73
4 35 16 48 39
2 42 27
6 59 96 61 49 53 62
3 24 29 77
5 35 70 60 55 73
1 75
1 73
1 74
2 65 30
3 65 45 45
1 15
2 30 52
2 19 51
2 86 50
3 61 27 33
0
2 3 23
0
2 55 50
5 65 52 29 45 46
1 46
2 72 33
3 57 29 23
4 62 89 41 19
1 45
1 56
3 70 64 21
5 56 38 24 31 51
1 55
2 39 63
3 57 59 72
5 60 52 72 62 38
1 48
3 71 56 62
2 64 29
1 79
3 39 59 66
5 41 64 69 78 79
4 35 57 62 34
0
1 82
2 69 57
5 55 64 9 38 71
3 50 60 38
2 78 51
5 30 86 59 58 71
2 40 18
0
1 44
3 58 31 8
1 13
3 67 40 38
0
1 59
2 29 59
3 41 50 65
0
3 14 59 32
3 52 20 37
3 75 64 81
3 27 59 18
1 98
2 70 75
4 42 73 71 58
5 37 63 41 41 64
1 69
3 35 27 63
2 64 54
2 53 48
3 61 29 63
3 60 63 74
2 55 29
4 23 51 42 29
2 39 60
2 88 53
1 42
0
2 79 46
1 28
3 67 90 54
4 10 71 33 7
2 80 77
0
1 54
3 35 17 20
3 56 86 47
3 72 52 77
1 27
4 51 25 61 64
2 62 10
2 46 13
2 45 82
1 71
1 83
3 73 36 51
4 37 45 79 54
5 67 30 39 21 67
3 37 56 33
6 73 75 52 30 21 58
1 43
4 60 65 74 21
4 62 69 48 54
3 45 6 65
3 19 27 62
1 66
4 58 50 54 44
3 69 66 39
1 56
3 59 52 62
2 64 52
3 50 35 66
2 19 50
0
3 46 18 45
4 56 47 57 84
1 53
2 49 42
4 41 25 69 72
4 49 26 37 55
1 30
2 81 32
3 60 63 55
1 62
2 72 69
3 57 69 38
3 59 24 66
3 18 77 22
3 45 77 44
6 58 60 32 88 41 86
1 32
0
4 62 74 58 45
3 49 58 5
3 73 26 73
3 63 40 46
1 21
2 34 16
5 44 49 70 52 43
4 64 80 4 59
3 68 71 62
0
1 59
2 55 47
5 72 60 19 30 47
1 46
5 53 52 73 70 46
1 74
1 47
0
3 46 51 20
2 54 35
2 27 48
2 30 65
0
3 59 36 25
1 39
2 68 78
2 74 50
3 49 72 55
6 23 77 39 16 66 57
2 48 78
2 62 44
1 34
5 37 7 57 36 52
3 51 69 83
1 36
4 8 63 36 20
1 45
1 74
2 29 48
3 38 48 45
2 57 36
3 66 27 47
1 82
4 44 28 74 35
3 65 58 69
3 54 69 39
7 43 12 84 82 25 76 88
2 61 54
4 37 70 35 22
3 56 12 37
3 29 45 49
1 41
3 35 66 59
2 44 56
2 51 87
3 34 25 70
3 26 65 45
2 66 44
4 57 48 27 78
0
2 57 45
1 83
3 53 73 29
2 23 39
3 74 48 46
3 49 38 100
1 33
2 59 55
2 48 36
3 34 52 47
3 71 41 44
1 40
5 86 42 39 30 93
2 43 44
2 33 39
1 58
3 66 47 53
2 49 40
2 33 52
1 43
1 31
3 43 35 33
2 52 32
3 38 38 35
2 55 42
3 34 44 44
7 49 10 34 0 71 30 33
4 46 29 49 58
1 66
3 44 67 42
1 29
0
4 83 28 73 33
3 33 63 58
2 75 58
0
2 22 52
4 27 41 60 18
1 29
7 59 67 65 66 33 60 37
5 24 77 39 46 44
2 2 16
1 84
3 32 80 82
5 40 54 83 57 73
3 31 47 33
3 58 59 57
2 45 42
2 47 10
6 69 38 60 18 46 58
1 27
3 40 66 36
1 52
1 60
2 60 46
2 32 72
5 42 19 63 11 51
4 56 56 73 67
2 34 43
1 51
5 75 60 26 39 74
3 26 20 72
4 51 26 33 55
2 65 50
2 52 65
3 30 27 62
4 73 52 73 40
2 84 49
2 48 48
1 37
4 29 36 58 40
6 52 49 51 38 71 64
3 26 50 58
2 43 2
3 89 60 42
0
2 71 65
0
4 15 80 42 15
0
2 31 74
4 55 65 54 53
1 100
4 66 59 50 95
1 41
1 22
2 39 24
0
4 34 34 73 34
1 46
5 79 55 57 67 38
1 46
2 62 41
4 65 51 43 62
3 35 60 28
7 52 41 34 46 18 63 39
4 65 34 50 94
1 47
3 44 39 75
2 64 57
1 57
3 48 64 61
2 37 50
2 59 44
1 43
1 50
3 47 57 72
2 25 62
1 52
3 47 40 74
4 65 42 65 32
4 25 63 56 40
6 59 77 50 83 75 61
5 60 55 38 55 57
1 33
0
1 75
3 42 69 73
2 29 36
3 33 52 29
1 56
1 48
2 48 46
3 69 64 56
2 24 67
4 81 37 57 31
2 28 38
2 38 69
1 56
2 85 75
1 75
3 95 34 20
5 42 37 53 79 41
3 47 51 64
3 68 52 60
1 57
4 56 64 40 83
1 71
4 1 64 48 51
1 72
5 34 27 76 43 73
2 45 42
2 69 20
5 84 37 37 34 62
2 38 46
3 51 51 25
1 50
6 66 73 34 79 45 67
0
3 53 39 87
3 26 95 57
3 47 53 69
1 51
2 62 47
0
2 28 89
3 65 57 30
1 54
3 47 40 49
2 49 49
3 48 73 45
2 39 40
0
1 54
3 3 49 55
5 64 30 38 49 54
4 49 33 50 69
2 57 38
1 36
4 47 49 32 72
3 62 41 50
3 51 54 72
2 24 39
5 51 41 60 49 62
2 39 17
6 13 50 45 23 48 79
2 52 59
3 21 47 83
2 69 68
3 14 41 33
0
2 71 47
3 41 85 61
3 46 60 46
2 25 74
2 68 24
7 68 63 71 62 40 47 77
0
2 54 18
2 49 16
2 44 64
1 45
3 72 23 36
2 50 34
3 32 99 62
1 63
3 53 77 61
2 37 90
2 62 73
0
1 64
0
3 60 32 86
4 87 12 29 44
0
1 66
1 48
3 50 71 40
4 50 5 45 72
8 54 22 70 47 76 38 70 64
7 39 25 37 44 32 29 91
4 30 45 38 18
6 25 19 38 32 43 73
1 73
3 38 63 8
1 33
3 28 48 21
2 58 47
2 26 46
2 48 23
2 21 26
3 33 39 55
4 68 32 41 73
3 79 51 52
3 51 70 30
1 31
3 35 59 63
2 53 23
3 48 97 86
0
1 40
3 79 53 38
3 33 73 55
2 59 75
3 69 52 53
2 78 51
1 86
3 42 24 62
3 69 80 50
3 49 58 32
1 34
3 39 38 25
0
1 80
2 39 35
5 32 26 66 40 34
0
2 80 64
6 40 43 54 20 54 76
2 36 38
3 67 59 51
5 46 45 60 33 84
3 41 45 38
3 53 50 52
2 36 64
1 51
2 43 63
1 21
5 64 53 38 87 80
5 48 55 42 48 51
2 40 79
1 29
2 47 29
1 22
0
1 43
2 62 83
5 42 50 53 43 43
1 57
1 38
2 57 35
4 78 31 85 11
3 19 27 59
2 66 25
2 45 22
3 37 63 41
2 42 63
1 44
3 31 18 49
2 53 44
1 74
4 65 24 79 67
4 56 19 44 50
5 56 73 75 62 40
4 40 75 96 39
1 79
1 74
1 53
2 51 40
4 27 51 44 53
2 45 46
3 69 54 48
1 64
7 45 10 52 73 53 85 8
1 41
3 16 62 67
1 52
1 11
3 54 69 34
3 6 44 59
0
3 49 32 31
3 33 39 31
5 58 54 55 74 74
2 83 22
1 21
4 56 58 52 43
4 59 40 67 47
3 30 54 25
4 47 47 19 37
1 87
3 57 47 19
2 45 49
2 35 41
1 65
4 30 43 29 48
2 61 32
2 27 51
3 68 54 71
2 54 24
4 58 65 16 28
1 49
2 7 93
2 60 70
3 63 60 55
0
4 14 66 37 58
2 42 30
1 30
2 16 35
3 55 54 16
2 30 67
4 50 44 0 63
2 68 41
2 77 51
0
1 60
4 57 77 55 26
1 75
2 46 53
3 63 49 23
3 65 29 66
3 79 23 53
1 35
1 33
3 42 34 41
1 44
3 44 41 54
4 66 46 42 58
2 53 35
2 41 97
3 44 87 30
5 48 26 84 61 54
1 35
2 23 68
1 52
3 59 39 31
2 75 69
1 53
1 47
2 55 63
2 46 29
1 54
6 57 34 31 15 15 22
2 58 30
3 47 47 61
2 55 56
2 38 38
3 82 60 56
4 55 36 81 67
1 54
1 80
0
3 47 50 20
2 47 52
3 37 55 40
1 16
5 42 57 49 62 50
3 51 64 39
1 62
4 48 75 26 39
4 18 58 52 17
1 71
5 46 93 27 90 19
4 26 41 29 38
5 15 54 54 28 51
3 59 27 35
3 50 29 47
1 56
0
5 56 57 23 51 22
1 40
3 24 42 66
2 13 50
4 66 36 80 53
3 78 42 60
5 47 45 47 39 85
1 24
2 60 61
0
2 73 48
1 60
1 26
4 51 38 55 57
4 39 46 27 66
2 70 46
2 60 52
4 50 40 41 69
5 30 80 77 70 24
0
2 54 55
4 47 48 68 74
1 54
2 49 50
3 67 59 47
4 47 44 57 42
0
2 68 67
2 95 24
0
4 57 60 58 66
1 41
0
0
3 26 33 31
2 67 44
2 54 34
4 45 62 24 34
7 41 76 91 68 18 28 14
3 33 51 48
1 55
3 83 55 47
0
0
0
3 46 50 50
4 36 36 56 50
3 42 32 71
3 76 59 23
2 41 47
2 67 27
4 48 50 54 35
2 69 58
1 17
5 87 74 55 13 57
2 41 16
2 35 78
1 59
3 56 22 66
2 66 20
0
1 63
2 52 32
1 37
1 71
4 68 66 90 63
5 56 58 59 46 49
5 81 61 39 53 34
2 52 48
0
0
1 41
2 71 84
1 24
1 8
1 54
5 69 32 53 44 40
0
3 87 60 59
1 97
5 56 47 73 57 58
3 59 55 77
1 59
3 43 21 22
2 84 42
1 63
4 49 38 40 52
2 58 65
2 47 82
3 62 40 28
7 64 76 48 37 43 21 49
1 38
3 51 42 22
1 65
3 70 44 66
4 24 62 57 17
3 32 35 64
2 22 44
0
3 51 40 70
0
1 58
4 58 28 35 40
3 55 54 58
0
6 55 90 43 89 52 47
1 95
2 25 49
7 47 48 78 49 57 70 56
2 63 53
0
1 67
2 58 32
4 75 65 69 66
1 26
1 45
5 75 75 60 67 80
2 38 60
1 73
2 44 55
1 91
2 40 73
1 74
1 46
2 42 24
2 53 57
1 59
2 79 41
5 51 25 49 47 26
1 69
2 46 33
1 43
5 35 59 43 81 25
1 73
5 59 51 73 65 29
0
3 38 10 61
3 80 38 27
3 44 44 67
4 58 38 57 86
1 30
1 58
4 47 37 58 48
3 47 24 31
2 55 72
5 60 40 48 35 63
0
3 56 56 50
1 56
3 57 14 35
3 81 67 67
3 16 37 44
2 44 33
3 18 30 80
4 56 39 45 23
3 26 34 61
1 46
4 48 64 47 70
1 57
5 69 23 44 92 80
0
2 61 72
2 40 27
1 39
5 34 35 37 71 33
2 59 50
1 40
5 56 77 48 49 76
0
2 74 61
2 62 44
2 66 38
1 44
4 52 49 62 39
1 49
1 46
1 40
1 43
2 63 63
4 61 53 53 54
1 60
3 32 47 36
1 67
2 18 49
1 34
3 55 74 14
1 61
2 92 42
2 55 64
2 42 63
1 58
0
4 62 43 72 30
3 3 36 55
1 49
4 75 40 87 95
3 42 56 64
3 51 67 28
4 28 62 38 24
2 34 29
4 60 13 48 55
0
2 26 50
5 59 67 38 42 91
3 66 48 73
2 29 35
1 43
2 47 45
2 25 38
1 39
3 36 50 24
0
1 38
2 59 54
1 72
2 41 42
3 54 53 33
1 37
4 16 51 49 52
1 15
6 81 27 35 62 71 43
0
4 51 37 51 54
0
5 38 8 46 60 81
1 67
2 43 45
3 40 64 68
2 38 30
3 34 49 56
3 38 59 66
1 72
3 57 71 86
3 51 14 66
3 77 79 58
2 1 31
1 39
2 92 61
1 68
4 37 36 30 50
2 77 23
1 46
2 43 63
2 47 35
1 69
1 47
3 51 15 39
2 21 52
1 98
1 84
4 51 51 37 39
3 16 24 54
1 58
2 57 20
1 49
2 71 41
2 48 66
1 90
3 47 60 45
0
1 91
5 70 55 48 49 67
4 47 34 48 33
0
1 31
0
3 22 74 74
0
0
3 54 33 50
0
2 80 32
2 66 60
1 57
3 52 80 64
2 21 60
0
6 80 50 43 35 63 54
0
1 60
2 74 39
2 37 35
1 28
7 23 67 48 16 47 35 51
4 41 51 71 68
1 53
1 47
1 62
4 45 50 52 42
1 58
4 49 52 58 30
3 58 26 48
3 43 27 72
4 13 35 37 19
1 37
1 20
2 59 73
0
2 53 51
3 37 28 62
3 65 25 7
0
4 34 50 38 35
1 55
1 56
2 53 47
1 14
1 48
1 81
2 34 8
1 78
3 40 48 30
3 46 67 70
0
0
2 25 86
2 75 56
1 53
6 52 39 59 42 56 63
2 31 61
5 28 78 46 83 80
1 57
2 15 55
4 54 59 37 53
1 46
3 18 42 74
5 67 48 56 34 24
4 71 16 53 51
2 51 27
1 51
1 55
1 20
2 69 47
2 50 27
3 71 66 55
1 57
0
0
2 31 71
1 75
5 40 61 24 5 25
0
3 64 44 4
1 68
2 46 82
3 29 87 0
1 37
0
0
1 69
0
1 71
2 78 74
1 55
1 86
3 51 31 51
2 68 36
2 56 52
1 67
1 68
4 37 43 34 33
3 61 70 71
1 22
2 52 36
2 45 39
0
0
1 49
1 41
1 34
6 42 20 65 54 84 55
1 37
1 59
5 42 82 55 11 38
5 95 37 57 33 69
3 69 53 36
5 99 39 38 66 45
0
1 29
1 53
1 52
3 32 35 52
2 32 71
4 75 68 38 63
0
5 41 54 59 65 26
4 83 46 66 32
1 47
2 29 83
1 79
0
2 68 77
0
6 85 51 75 37 34 37
2 10 69
7 64 22 47 41 76 12 57
1 46
1 39
2 29 59
2 33 72
1 51
5 66 47 94 41 82
3 38 35 46
1 66
1 60
0
1 77
2 44 32
2 44 39
1 72
2 67 35
0
3 99 61 10
2 60 44
1 64
0
3 32 33 43
0
0
1 27
1 11
2 55 47
3 58 44 79
3 29 31 66
0
4 65 59 29 62
2 51 62
0
2 48 19
3 48 50 33
2 54 66
6 59 29 42 78 65 45
1 48
2 46 17
3 61 19 51
1 33
3 43 49 83
0
1 81
1 62
1 67
1 34
2 56 48
0
2 59 47
0
5 51 49 49 71 71
1 47
1 31
2 31 47
1 26
2 65 61
3 43 63 33
2 42 73
2 29 24
3 53 70 58
3 43 79 51
0
1 45
1 36
1 65
2 58 9
0
1 69
1 64
1 63
1 41
5 35 59 64 59 32
0
3 60 61 60
2 71 22
2 61 34
0
3 46 8 41
3 53 57 48
2 28 28
5 62 34 53 38 35
1 95
0
2 72 80
1 50
3 44 59 37
1 71
1 64
1 34
0
0
2 22 74
3 46 60 52
1 62
1 62
4 77 80 43 28
1 74
3 22 30 33
0
0
0
1 9
2 39 69
0
1 39
1 58
3 84 31 42
4 42 59 32 48
2 57 38
2 81 89
2 38 28
1 60
2 80 76
2 60 68
4 97 58 51 35
1 42
1 36
1 85
2 14 58
0
1 84
0
1 58
5 48 46 67 29 72
1 61
1 30
1 64
0
3 34 28 28
0
2 72 85
5 31 63 31 41 27
1 57
1 78
1 50
2 18 50
0
0
1 60
4 59 39 27 84
2 42 36
2 60 28
2 38 74
3 55 83 0
3 61 43 24
1 32
0
1 80
3 57 54 79
0
4 51 73 42 56
1 64
1 30
3 53 34 41
0
1 51
0
1 58
3 18 59 69
2 35 22
1 48
2 60 79
2 33 55
0
2 63 53
3 72 53 43
2 49 50
0
1 43
0
1 97
1 36
2 52 37
2 43 17
4 75 43 33 56
3 12 59 59
3 33 51 51
1 53
2 41 14
2 11 52
0
0
0
3 71 75 33
0
1 70
1 60
1 32
1 91
2 77 54
0
4 51 50 9 41
2 44 83
2 41 42
2 64 61
1 37
3 29 34 65
2 64 64
1 27
2 43 46
1 57
2 44 53
0
2 76 22
3 50 75 75
1 33
2 78 53
4 22 69 76 49
2 72 30
3 30 32 51
3 50 54 73
2 58 48
1 61
1 9
3 35 17 58
1 57
1 24
3 83 84 49
0
0
2 51 35
0
1 27
3 61 40 44
0
0
3 34 52 19
1 69
0
1 38
3 46 48 15
3 31 54 69
0
0
2 78 63
1 53
2 42 45
1 74
2 44 51
0
1 47
2 60 28
1 39
0
1 56
1 69
1 52
1 37
5 46 17 61 70 51
2 35 56
1 86
0
2 91 22
3 46 51 50
4 44 67 64 41
0
2 45 44
2 22 61
3 56 68 67
2 64 37
2 37 24
1 29
1 45
0
1 4
0
1 27
0
1 41
0
0
0
2 16 77
2 74 77
1 51
1 41
2 61 24
2 26 45
3 58 58 76
0
1 55
1 31
2 39 63
1 73
2 52 41
1 45
1 65
3 24 89 64
0
3 33 35 38
0
0
2 25 27
1 81
2 59 41
0
3 68 28 76
0
1 9
2 58 36
0
1 41
3 63 50 68
0
1 34
1 22
4 9 15 65 39
2 48 100
1 57
2 66 32
1 63
3 63 35 65
1 68
1 28
1 42
2 56 52
1 50
0
0
1 47
1 34
0
2 74 39
1 59
0
1 65
0
1 83
2 17 7
3 54 68 67
0
1 39
1 54
1 93
3 40 68 30
1 88
0
0
2 28 66
2 43 40
3 48 42 20
2 98 40
0
1 46
3 26 47 13
2 100 91
2 72 41
0
0
1 81
0
1 74
0
5 68 48 67 48 64
0
2 51 16
0
2 27 58
1 59
1 51
2 36 37
0
2 17 45
2 41 37
2 46 69
1 70
1 64
2 56 31
2 52 64
0
1 56
2 35 64
3 78 65 34
2 47 7
1 50
1 66
0
1 21
2 52 38
1 39
0
1 23
1 28
2 52 86
2 21 46
1 43
1 59
1 77
1 50
2 53 70
0
0
1 54
3 68 54 18
1 41
0
0
1 16
0
0
3 35 46 40
2 38 39
2 51 64
2 67 25
2 58 38
2 50 78
1 45
0
2 19 53
1 55
3 48 67 73
0
3 56 82 18
1 58
0
0
0
0
1 39
0
1 52
0
1 62
2 68 53
1 38
0
0
1 73
3 52 52 82
0
1 67
1 9
2 75 43
1 71
1 68
2 45 36
1 56
3 61 78 16
1 40
1 25
2 12 51
1 13
0
0
3 46 60 38
0
1 91
1 60
3 57 73 39
3 34 69 21
2 80 74
1 28
2 64 46
1 34
1 53
1 48
1 48
0
0
0
0
1 10
3 14 30 34
0
0
1 39
0
0
3 55 17 28
0
1 82
1 61
1 61
0
0
0
1 51
1 22
1 62
0
2 56 64
1 44
1 58
0
2 48 31
3 52 66 43
3 60 57 54
1 14
1 56
1 43
1 51
1 77
2 35 39
1 32
1 42
2 27 97
0
0
2 67 43
1 39
1 40
0
1 54
2 31 29
1 18
1 70
1 67
1 36
0
0
1 26
2 53 27
0
0
0
0
1 77
3 88 40 51
1 56
1 60
0
1 44
1 48
4 76 11 64 13
1 59
1 44
2 26 63
0
1 40
1 28
1 62
0
2 40 86
1 70
1 52
0
1 61
0
2 87 67
0
1 49
1 48
0
1 49
2 71 51
0
1 23
0
0
0
1 41
0
0
0
0
1 24
3 31 57 58
3 48 38 81
1 46
0
0
0
0
2 25 49
0
0
1 37
1 34
1 31
2 27 45
3 17 62 37
0
4 46 35 56 47
2 60 35
1 31
0
0
2 54 34
2 41 48
2 76 91
1 66
1 48
0
1 67
0
0
1 58
3 55 57 36
1 56
3 68 61 30
1 63
1 78
1 23
0
0
1 82
0
0
0
1 36
0
0
0
0
3 45 46 75
1 53
0
1 15
0
1 46
1 48
1 35
0
0
0
2 47 51
2 27 89
3 26 36 63
0
0
2 34 25
0
1 62
3 41 71 28
1 69
0
0
1 18
1 69
2 77 28
0
0
0
2 40 63
1 74
0
1 61
1 59
0
0
1 69
1 90
2 64 31
0
0
1 66
0
1 50
1 74
0
1 79
1 25
2 32 50
0
0
0
1 42
2 18 52
0
1 36
2 43 79
2 27 34
0
1 78
0
0
1 12
4 33 67 50 24
0
0
0
0
1 62
2 53 45
2 40 65
0
0
1 65
1 70
1 26
1 54
1 64
0
0
2 51 47
0
1 83
0
1 11
0
0
0
0
1 72
0
0
2 49 60
0
0
2 80 31
0
2 35 71
1 35
0
0
1 72
0
4 54 31 29 48
0
0
0
0
0
2 44 75
0
1 15
0
1 56
0
1 39
0
0
1 29
0
0
0
1 36
0
5 33 32 69 52 29
1 84
0
1 48
0
1 63
0
0
1 50
2 43 58
1 65
2 59 61
0
3 88 54 8
2 78 41
0
1 47
0
1 46
0
2 38 53
0
0
0
1 49
3 36 32 59
1 69
0
2 39 42
0
2 43 33
0
0
0
0
0
2 50 62
0
0
2 65 36
0
1 15
1 55
1 83
1 34
0
1 76
0
0
0
0
0
1 40
2 41 32
0
0
1 60
0
2 27 28
1 48
0
0
0
3 0 48 79
1 59
1 43
0
0
0
1 30
1 21
0
1 18
0
1 24
0
0
1 66
0
0
0
0
0
1 74
2 76 58
1 45
1 64
0
0
0
1 41
0
0
2 79 0
1 76
2 33 76
0
0
0
1 32
1 39
0
1 50
0
1 52
2 26 47
0
1 66
1 42
0
0
1 82
1 76
0
1 48
0
2 51 73
2 19 22
1 61
1 16
0
0
0
0
0
0
0
0
2 15 19
1 92
1 42
0
1 45
0
1 38
0
1 25
1 53
1 72
0
1 97
0
0
0
0
0
1 57
2 33 67
0
2 73 22
0
1 36
0
0
0
1 25
1 16
0
0
2 61 68
0
0
0
1 27
1 47
1 41
0
2 91 84
0
0
0
1 48
0
1 53
0
2 65 14
1 45
0
0
0
1 32
1 49
1 30
0
1 14
0
1 2
0
1 60
0
2 35 42
0
0
0
1 64
0
1 74
1 39
2 25 62
0
0
0
1 65
0
1 65
0
0
0
0
1 24
0
1 52
1 60
0
1 67
0
2 26 66
1 68
0
0
0
0
0
0
1 65
0
2 80 45
1 69
1 38
2 68 77
0
0
1 38
1 51
0
0
0
0
0
1 57
1 37
1 61
0
0
0
0
1 29
2 53 17
1 71
0
0
0
1 78
1 31
0
2 72 54
0
0
1 23
1 53
0
1 50
0
0
2 35 43
0
1 57
2 78 56
0
0
0
0
1 58
0
0
2 22 82
0
1 34
1 72
0
1 32
2 73 45
0
0
1 51
1 68
2 93 52
1 64
1 43
0
0
0
1 13
0
0
1 57
0
1 52
0
0
0
1 88
0
0
0
0
0
0
1 93
1 36
0
2 23 58
1 27
0
0
0
2 55 80
1 76
0
0
0
0
1 43
0
0
0
0
0
0
0
1 17
0
0
0
0
1 28
2 36 45
0
1 49
1 48
0
0
2 52 8
1 71
1 48
0
1 77
0
0
1 58
1 48
0
1 92
0
0
0
2 78 35
1 66
0
1 60
0
2 37 47
0
2 53 64
0
1 76
0
1 60
0
0
3 74 39 41
0
1 37
0
0
0
1 70
1 25
0
