3600 4
0
1 55
0
4 31 73 51 29
1 73
2 54 54
3 59 46 58
0
4 42 67 37 28
4 91 35 15 68
3 27 62 55
0
2 55 56
1 38
0
2 20 19
3 86 100 52
2 5 59
2 48 35
0
0
2 24 26
1 50
5 46 29 66 48 27
1 50
0
2 71 21
1 72
1 40
2 60 38
0
3 85 40 39
3 84 70 62
0
1 50
1 79
2 38 26
2 25 30
0
0
0
1 38
1 45
3 45 62 45
1 51
1 35
1 42
1 35
3 65 63 62
4 31 61 58 85
1 42
0
2 34 28
0
2 50 55
3 50 11 31
1 43
1 86
1 52
1 62
2 73 67
2 42 77
3 82 48 52
1 17
1 43
1 18
0
3 29 61 57
2 69 62
0
4 53 39 71 1
0
3 22 90 38
0
3 63 52 42
1 78
1 65
2 3 65
1 61
3 11 82 25
1 77
3 78 31 74
0
1 71
2 41 75
1 50
2 71 63
1 49
1 18
3 67 40 51
2 41 2
0
0
0
3 44 75 80
1 35
1 26
2 64 33
1 92
0
1 44
1 78
0
3 65 69 6
1 62
4 53 76 39 28
1 47
2 63 39
2 34 57
5 11 9 49 58 50
0
1 39
0
2 85 69
2 55 53
4 84 32 21 42
0
2 56 49
1 43
1 89
2 46 70
1 24
2 31 26
2 66 1
0
0
0
0
2 70 54
1 84
2 31 47
2 29 55
3 31 36 48
0
3 69 64 55
5 79 27 61 90 35
2 23 36
0
2 51 57
0
2 100 67
1 67
1 93
2 60 70
0
0
2 55 58
2 54 42
1 65
2 38 63
0
1 28
0
0
2 7 86
1 12
0
0
1 82
5 59 60 47 52 45
3 53 22 59
0
1 57
4 38 86 73 33
1 53
2 58 23
1 7
0
3 57 73 32
0
1 51
2 75 63
2 46 50
0
0
2 80 32
1 52
3 34 63 71
2 77 74
1 24
1 55
1 90
3 45 27 45
0
0
0
2 15 31
3 14 40 41
2 68 90
2 42 35
1 31
0
3 71 33 60
3 45 24 50
0
2 31 76
1 4
1 60
1 35
2 59 98
1 53
1 90
1 69
0
1 72
0
1 62
0
1 51
1 41
3 40 77 56
1 67
1 51
3 37 50 59
0
0
2 52 41
2 59 59
3 65 27 47
1 49
0
1 0
1 59
2 24 48
1 20
1 65
1 25
1 49
2 31 18
2 44 37
2 85 32
1 37
1 47
0
0
2 58 50
1 64
1 64
2 62 47
2 36 36
1 48
1 80
1 57
3 22 57 55
0
0
1 30
0
1 65
1 62
1 70
0
0
1 74
0
1 50
1 59
1 50
2 26 37
1 29
0
2 39 47
4 67 26 71 36
2 50 68
0
1 24
1 47
1 56
2 55 38
1 53
1 54
1 41
0
1 51
2 81 48
2 55 65
2 59 69
1 29
1 26
1 39
2 41 46
3 33 49 52
0
2 62 19
0
0
0
2 57 48
0
3 49 48 20
3 40 38 48
1 68
0
1 43
0
2 52 44
1 43
0
1 51
2 41 56
0
3 29 42 68
1 50
1 61
1 68
1 76
0
4 72 51 58 41
1 34
1 47
2 5 32
2 42 55
1 57
1 39
0
0
1 46
0
2 43 71
1 75
2 46 59
1 32
2 61 68
1 61
1 61
3 60 41 76
1 43
0
0
1 57
1 48
0
0
1 41
2 38 27
0
2 62 23
1 39
0
2 38 54
3 83 26 39
2 29 26
1 47
0
0
1 33
0
3 58 56 63
1 32
0
2 88 85
1 23
2 36 60
1 36
3 34 74 55
1 23
0
0
0
0
0
1 55
1 46
1 41
3 28 25 69
1 40
0
0
2 84 52
0
2 23 39
1 58
1 39
2 27 48
0
0
0
0
0
1 36
3 61 28 68
1 21
1 85
1 25
1 50
1 79
2 46 27
1 46
0
1 79
2 81 61
2 20 33
0
0
0
3 60 57 60
1 50
0
0
2 64 31
0
3 57 64 33
2 69 67
1 18
2 14 80
0
1 78
0
0
0
1 57
1 44
1 82
2 69 2
0
0
1 13
2 39 25
1 32
1 26
1 63
1 57
3 60 67 37
0
1 47
1 77
0
0
3 12 46 63
0
0
0
0
2 44 21
1 62
0
1 59
1 38
2 39 84
1 45
1 74
1 54
1 25
1 57
1 83
0
1 25
1 89
0
1 39
1 28
1 46
0
0
0
0
2 70 49
0
0
0
1 46
1 57
1 68
1 54
1 37
2 30 42
2 15 29
2 30 53
2 63 65
2 48 55
1 26
0
1 49
1 32
1 67
1 22
2 70 66
1 40
0
0
0
1 68
1 65
0
1 24
0
1 53
2 43 69
1 42
0
0
2 25 52
0
0
0
2 31 74
0
1 60
1 30
1 34
0
2 73 62
1 45
2 39 49
1 76
1 46
1 81
3 19 80 76
0
0
0
0
0
0
0
1 87
3 30 46 22
0
1 63
2 75 87
0
0
1 37
0
2 67 62
1 51
1 21
2 63 36
1 72
1 24
0
1 52
3 14 54 53
0
0
0
1 53
0
1 37
1 65
0
1 47
0
0
1 33
0
0
1 47
0
0
2 54 43
1 36
1 46
1 26
1 37
0
0
2 59 36
0
0
2 53 76
1 30
0
1 75
0
1 46
1 86
0
0
3 13 52 58
3 17 40 39
1 81
2 25 44
1 47
0
0
1 19
0
0
0
0
0
0
0
1 43
0
0
0
2 79 47
2 39 56
1 82
1 58
0
1 28
1 77
0
0
1 63
0
0
0
2 53 26
4 91 39 55 18
0
1 35
1 53
0
0
2 33 41
1 43
2 52 29
1 49
1 26
0
1 67
1 34
0
1 62
1 39
0
0
0
0
1 30
0
2 67 20
1 62
1 2
1 75
1 68
0
0
0
0
1 47
0
0
1 42
2 43 60
0
1 60
0
2 45 64
1 36
0
0
0
1 73
1 38
0
0
2 66 42
0
0
3 57 48 52
0
1 54
0
0
0
0
0
1 36
2 43 53
1 51
0
0
1 78
1 20
3 40 60 88
0
0
0
0
1 48
2 54 25
0
0
0
1 48
0
0
1 15
1 59
0
1 51
1 50
0
0
1 46
1 31
0
1 51
1 54
0
1 36
0
0
0
1 41
1 37
0
1 76
1 72
0
1 48
0
1 36
0
0
0
1 48
1 37
2 22 26
0
0
0
1 33
0
1 86
1 40
0
0
1 46
1 74
0
1 49
0
1 73
1 35
0
1 80
2 47 55
0
0
2 77 73
0
2 83 50
1 50
1 60
0
0
1 49
0
0
0
2 12 47
0
0
1 75
0
1 45
1 71
1 29
1 45
0
2 82 71
0
0
1 49
0
1 57
0
0
0
1 73
1 49
1 11
1 62
0
0
0
1 55
1 37
1 87
0
0
1 8
1 45
0
1 92
0
2 62 29
1 69
1 71
0
1 44
0
0
1 46
0
2 46 47
1 52
0
0
0
1 59
1 47
0
0
1 72
0
0
0
0
1 49
0
0
0
1 62
2 40 76
0
1 47
0
1 43
0
0
1 24
0
1 79
0
2 73 52
2 40 57
2 52 32
0
0
0
0
0
1 56
4 9 29 61 29
0
1 46
0
0
0
0
1 48
0
0
1 57
0
0
0
0
0
0
1 51
0
1 79
0
0
1 84
1 35
2 54 62
0
0
0
0
1 39
1 51
1 41
0
1 51
0
0
0
0
1 46
0
1 54
1 56
0
0
0
1 57
0
0
1 8
1 59
0
0
1 83
0
2 58 56
0
1 48
1 50
0
2 52 23
0
2 58 36
2 65 55
1 42
0
1 49
0
0
1 50
0
0
1 40
1 72
2 89 66
1 52
0
0
0
1 55
0
0
0
0
0
1 66
1 32
0
0
0
0
1 68
1 87
2 58 45
0
0
0
0
0
0
0
0
0
1 45
1 47
1 29
1 26
1 49
3 79 77 57
0
0
0
0
0
1 36
1 46
0
1 43
0
0
0
0
1 69
0
1 22
0
0
0
0
0
0
1 74
4 43 81 50 55
1 55
0
0
0
0
0
0
0
0
0
0
1 10
1 93
0
1 71
1 33
2 38 66
0
0
2 83 14
0
1 61
0
1 56
2 45 32
0
0
1 75
0
0
1 30
1 51
0
0
1 32
0
2 43 75
1 25
0
0
0
1 73
0
0
1 97
0
0
0
0
0
0
1 40
1 40
0
2 33 42
0
0
1 75
2 74 62
1 41
0
0
0
0
0
0
1 19
1 61
0
1 34
1 46
0
1 31
1 39
3 81 52 63
0
1 9
2 22 38
1 46
0
1 14
0
1 88
0
0
0
0
0
0
0
1 36
0
0
0
0
0
0
2 68 16
1 31
1 25
1 63
0
0
0
0
1 43
0
1 54
0
0
2 64 30
1 88
0
1 26
0
1 19
0
0
1 55
1 35
1 62
0
1 75
1 35
0
0
0
0
0
0
1 57
1 24
1 17
0
2 31 24
0
1 41
1 68
0
0
0
1 26
1 67
0
0
0
0
0
0
0
0
0
0
1 51
2 69 44
1 43
2 38 65
1 27
3 73 45 59
1 28
0
0
2 46 27
0
1 70
1 22
1 35
0
1 18
1 69
0
0
1 34
0
1 76
1 30
1 51
0
0
0
1 90
0
1 82
0
0
0
0
0
0
0
0
0
0
0
1 58
0
0
0
3 53 70 41
0
0
0
1 88
1 46
1 44
0
2 51 86
0
2 35 61
0
0
3 36 59 25
1 68
0
0
0
0
0
0
1 67
1 60
0
1 62
2 59 61
1 64
0
0
2 40 43
0
1 47
2 28 53
1 58
0
0
0
0
0
0
1 22
1 65
1 53
1 61
1 45
0
1 44
0
0
0
0
1 51
0
3 49 54 43
1 38
0
1 54
0
0
1 58
1 67
0
0
2 26 35
0
0
1 44
0
0
2 58 85
3 11 53 49
1 90
0
1 41
0
0
1 58
1 18
0
1 28
1 54
0
0
0
0
1 60
0
0
1 45
2 73 32
0
1 52
0
0
1 45
0
1 42
1 35
1 84
4 31 50 29 62
1 94
2 87 40
1 30
0
0
0
3 48 25 43
0
1 21
1 31
0
0
0
0
0
0
1 70
0
0
0
1 36
0
2 61 54
2 68 44
1 79
0
2 81 66
1 36
1 33
0
0
0
0
0
1 73
0
2 19 77
0
1 55
1 43
3 20 77 67
1 33
0
0
1 55
1 57
0
1 65
0
0
1 43
0
0
1 34
0
1 54
1 28
1 50
2 48 46
0
1 44
1 56
1 34
1 20
0
0
0
0
0
3 63 32 23
1 38
0
0
1 29
2 61 52
0
0
0
1 4
2 82 80
1 60
1 75
4 2 31 83 43
0
1 38
0
0
1 76
1 64
0
1 60
0
1 35
2 48 43
1 38
2 55 66
0
1 74
1 70
0
0
0
0
2 63 49
1 56
0
0
0
0
2 92 56
0
2 88 60
0
0
1 61
0
0
2 50 57
1 53
0
2 43 68
0
0
2 38 75
0
1 49
1 35
2 57 76
0
1 17
1 38
0
1 38
1 29
0
1 38
0
2 8 37
2 74 11
0
0
0
3 60 60 53
1 61
0
0
0
0
1 35
1 39
1 66
2 70 37
0
1 59
0
0
1 46
0
1 48
0
1 74
1 32
3 83 47 22
2 57 52
0
1 41
0
1 31
2 59 49
0
0
1 88
0
0
0
0
1 31
2 82 67
2 39 47
1 81
0
0
2 60 51
0
1 65
3 36 55 59
3 17 51 28
0
2 46 35
0
1 46
0
0
0
0
0
1 68
0
1 53
0
2 61 50
0
0
3 41 26 31
1 10
0
1 29
2 40 33
0
1 36
0
2 58 60
1 65
0
0
2 61 23
0
0
1 44
1 71
1 95
0
0
0
1 29
1 75
1 9
1 62
2 27 49
1 87
3 58 60 60
1 54
1 64
1 48
0
0
0
3 36 79 74
2 42 38
2 30 77
1 54
0
2 40 57
0
1 43
1 33
1 42
2 57 26
0
1 52
2 93 44
1 76
0
0
1 48
1 39
1 35
2 80 35
0
0
0
2 17 46
1 80
0
0
1 49
3 21 37 69
0
2 49 65
2 31 33
0
1 38
1 57
2 37 47
1 30
0
0
2 58 13
2 40 79
0
1 26
1 43
4 29 16 53 46
1 51
1 42
0
1 65
2 73 28
0
3 63 47 18
0
0
0
0
2 48 63
0
1 54
1 35
0
1 15
0
1 50
1 43
1 55
2 85 75
2 28 35
1 41
1 54
2 58 77
1 58
1 14
0
0
0
3 58 34 32
2 25 56
1 70
1 75
2 28 62
4 74 92 58 54
1 78
0
1 54
3 50 41 86
1 30
1 40
0
0
1 43
1 44
1 44
1 58
1 74
1 75
0
2 76 65
1 22
0
1 43
0
0
1 57
2 51 23
0
0
1 50
0
2 59 58
0
0
2 72 62
1 19
0
0
1 88
2 68 48
1 45
2 58 71
1 73
3 15 77 55
1 32
0
0
0
2 94 70
1 42
1 31
1 31
1 76
3 57 29 37
3 35 38 61
3 38 57 62
0
0
2 49 44
0
1 50
1 57
2 42 58
1 37
0
0
2 70 37
2 47 50
1 38
2 43 35
2 23 38
0
1 61
0
2 46 34
2 56 39
0
2 19 30
0
1 67
3 41 53 36
2 38 42
4 67 68 40 47
0
0
0
1 50
1 35
1 39
1 50
2 50 18
2 51 59
3 47 52 74
1 69
1 59
0
1 12
1 41
2 30 40
0
0
2 52 58
2 4 33
1 49
0
0
1 6
1 29
3 62 11 61
1 12
2 89 69
0
1 47
2 44 54
2 23 60
1 59
2 32 16
1 42
1 69
1 68
1 63
2 36 32
2 45 44
2 80 50
2 16 37
1 84
1 51
1 66
0
1 74
3 72 52 74
3 49 61 34
0
1 38
1 53
2 26 35
1 69
1 68
1 30
2 38 30
1 89
0
1 40
3 57 66 83
1 42
3 53 55 59
1 44
0
1 74
0
1 78
1 39
2 10 48
4 48 36 44 90
1 45
0
1 43
1 49
2 42 59
0
0
0
3 58 29 59
0
0
0
1 36
1 31
2 68 83
0
0
1 49
4 72 59 12 61
4 67 55 64 46
1 34
2 41 67
1 70
2 77 57
2 32 42
4 50 62 6 32
0
2 54 53
2 54 43
2 56 24
0
3 27 41 33
0
2 58 42
0
2 63 59
0
5 51 67 24 54 53
1 49
3 49 52 17
1 44
1 44
1 17
3 80 39 21
1 91
4 29 47 43 46
0
0
0
0
2 16 45
1 48
1 79
1 47
2 50 46
1 66
1 74
0
1 41
1 70
1 28
3 92 51 40
3 44 73 71
2 47 40
2 53 47
0
0
0
0
3 25 62 49
0
1 83
2 89 50
2 35 28
1 96
2 26 25
2 29 50
0
2 66 8
2 63 56
2 65 41
2 57 39
1 50
1 45
2 45 8
1 47
5 42 47 37 72 65
2 89 46
1 39
4 39 34 17 35
2 52 66
1 60
0
2 65 51
2 52 73
2 23 75
1 25
1 54
0
0
1 79
1 59
0
1 50
1 63
0
2 58 24
0
0
2 27 41
0
0
4 10 75 12 25
1 57
1 75
3 43 31 72
3 12 58 96
1 26
1 83
0
0
2 46 51
0
4 18 45 72 46
1 43
0
1 52
6 67 46 41 70 66 56
3 61 75 74
1 39
1 44
2 30 43
0
1 59
0
0
3 33 36 50
2 87 10
4 69 45 45 68
3 33 33 81
2 52 55
1 54
1 45
3 49 47 24
1 28
0
1 53
3 59 74 51
0
1 4
0
2 58 80
2 55 32
4 71 70 63 61
2 53 78
1 43
1 63
0
1 33
4 79 44 26 67
0
0
0
2 33 88
1 60
2 57 78
1 37
1 17
2 45 32
3 47 63 45
1 56
3 48 39 52
0
2 50 65
2 63 29
1 38
1 24
2 4 79
1 63
1 38
2 60 28
1 80
3 26 46 56
3 62 65 60
2 51 48
0
1 83
0
3 83 80 67
4 43 49 17 50
3 65 37 69
2 63 43
1 19
1 24
3 55 52 24
2 47 51
4 62 77 29 58
0
3 40 63 54
2 44 36
2 94 41
1 71
1 45
0
2 39 65
2 80 35
2 71 47
3 45 40 29
2 48 42
1 43
1 64
2 54 47
1 63
5 43 50 69 35 33
1 68
1 2
3 52 40 52
3 92 70 56
3 73 51 54
2 22 38
1 56
0
0
2 70 83
0
1 93
4 27 42 43 83
5 49 19 58 50 45
0
0
2 58 51
3 56 71 33
0
2 63 46
1 54
2 29 61
4 48 47 45 44
1 56
1 95
3 68 54 54
1 35
0
1 30
1 26
2 43 59
5 51 77 42 83 43
1 12
1 76
2 42 51
3 60 91 22
1 38
3 22 46 16
1 54
3 36 52 40
1 40
1 26
1 31
2 24 89
1 57
0
0
1 60
1 33
3 65 36 59
5 77 30 26 27 65
3 56 69 38
1 59
4 24 58 40 47
0
3 37 40 47
2 87 63
3 43 68 14
0
1 60
2 33 46
3 39 42 58
0
0
2 41 25
1 28
2 45 40
1 79
1 14
2 37 77
1 40
3 34 52 62
0
2 54 66
1 42
3 88 33 67
2 53 93
2 34 40
0
2 39 75
2 49 11
1 94
0
5 40 52 65 39 38
1 69
3 51 75 85
0
0
4 59 62 31 57
1 36
2 60 34
2 89 26
2 56 61
0
2 83 45
2 57 99
0
2 63 27
4 61 54 29 34
1 43
1 28
0
1 43
2 61 43
0
2 32 49
3 66 59 63
2 97 25
2 59 24
2 45 41
5 44 13 60 75 24
1 44
2 48 54
2 35 50
1 70
4 44 45 16 41
1 29
2 63 56
2 53 23
1 29
1 79
3 29 49 61
1 55
3 88 29 69
0
5 78 33 48 53 32
5 23 34 58 60 64
1 85
2 74 56
2 39 80
1 78
2 52 59
2 44 66
2 54 70
1 51
0
3 22 43 47
3 82 41 63
3 61 38 66
4 39 71 44 65
1 50
4 39 42 29 60
2 22 53
1 9
3 9 82 79
1 36
0
1 50
2 25 48
1 42
3 82 18 86
2 15 65
2 51 88
0
0
4 100 52 69 57
2 64 37
0
0
2 32 31
3 84 76 41
2 63 71
1 46
2 16 45
4 36 16 67 86
3 50 69 52
0
1 44
0
6 34 84 52 47 12 61
0
1 66
3 37 65 41
2 48 92
2 31 66
3 36 65 33
0
3 81 65 42
3 34 27 78
1 69
3 58 46 63
1 45
1 46
4 25 52 63 40
3 41 60 40
1 52
2 40 55
1 13
1 58
4 33 77 68 47
1 52
1 58
2 62 62
4 10 41 27 11
2 61 35
0
1 23
0
0
3 36 46 92
1 45
1 43
3 35 27 14
1 65
4 34 50 38 44
1 56
5 47 88 61 71 43
7 60 41 52 71 36 72 76
1 62
1 61
4 54 36 36 20
3 60 69 83
2 48 54
0
0
1 28
3 48 15 40
5 85 19 43 40 51
3 17 44 75
4 72 56 57 68
1 58
2 56 18
1 54
1 84
2 44 86
2 71 36
2 64 50
1 28
1 59
2 36 44
2 13 78
2 58 79
4 68 42 56 51
2 49 31
0
4 72 36 65 72
1 35
0
3 55 39 45
2 48 45
2 34 51
4 54 19 64 63
0
1 46
1 79
2 43 51
5 72 73 65 16 70
3 21 45 74
1 33
1 91
3 37 30 49
2 38 68
2 70 28
1 14
2 31 68
1 86
2 51 43
2 78 65
2 12 53
1 63
1 51
5 67 75 39 69 31
1 45
4 35 44 41 74
3 48 21 57
0
2 41 56
4 10 38 37 32
3 62 30 37
2 35 50
5 37 87 38 50 37
2 66 66
1 55
2 17 47
2 61 54
3 69 61 39
2 43 54
1 42
2 41 64
2 11 74
3 33 74 31
1 44
1 69
1 42
4 78 24 72 67
1 50
3 41 67 59
5 53 71 21 50 69
0
2 49 53
5 60 52 32 66 64
1 58
3 59 25 67
2 13 66
4 94 67 26 77
3 39 78 46
3 47 64 54
1 26
1 62
2 61 33
2 56 56
2 79 32
0
3 31 46 54
0
1 23
3 62 64 74
1 50
3 89 46 49
2 24 36
3 35 39 38
1 31
3 30 75 85
1 67
1 82
1 37
3 59 31 47
4 25 59 62 18
1 75
1 35
4 53 87 63 50
5 35 78 23 53 33
2 6 77
2 52 67
1 38
1 47
1 62
3 56 4 72
2 35 75
3 41 57 80
1 47
3 43 17 59
0
2 28 60
1 87
2 46 48
3 22 59 28
4 49 68 76 49
2 61 66
2 44 80
1 29
5 75 82 58 24 69
1 72
1 35
2 75 45
2 32 48
0
3 35 63 59
2 11 78
1 46
0
6 77 51 38 74 46 49
2 43 21
4 59 24 20 66
3 23 11 48
2 59 74
1 17
2 41 77
3 86 58 53
2 42 62
1 73
2 83 69
1 77
5 43 89 29 39 58
3 28 38 77
5 83 49 45 36 33
2 56 75
4 60 55 61 27
2 36 25
1 55
1 2
3 46 34 57
1 67
1 82
1 47
4 65 43 28 34
4 43 30 50 57
2 75 42
1 68
2 83 83
4 68 67 31 37
3 40 54 86
2 57 53
1 64
7 7 57 42 34 26 32 60
4 30 35 28 68
2 45 52
1 47
1 49
3 61 61 45
3 46 27 59
2 53 70
6 66 81 29 40 38 62
4 52 60 36 52
1 2
2 21 69
1 50
2 58 82
1 52
2 44 57
4 67 62 48 0
2 44 51
2 69 57
3 42 64 39
4 36 18 38 42
0
2 98 30
2 53 48
3 60 42 57
3 36 17 43
4 23 68 23 81
2 35 22
2 56 54
0
0
1 35
3 52 57 41
2 37 69
2 50 38
3 42 14 54
2 40 38
1 56
1 14
2 44 60
2 74 61
4 53 59 50 28
0
1 75
5 57 77 45 28 15
0
1 51
2 77 27
1 87
1 61
3 59 32 80
2 22 92
2 21 50
2 58 44
1 19
3 67 59 39
3 70 31 45
1 27
1 65
4 59 75 52 40
2 85 68
3 22 45 65
3 56 33 46
2 43 83
1 40
0
2 43 46
0
4 35 77 46 30
3 34 88 45
2 72 35
3 46 29 60
2 64 27
0
4 13 19 48 33
2 53 46
1 38
4 72 46 33 41
6 54 32 46 55 84 91
3 39 81 33
3 83 69 69
5 62 63 33 52 70
6 47 97 65 18 69 54
0
0
3 37 22 31
2 34 44
4 47 65 24 66
2 49 12
0
1 73
4 60 36 28 69
1 38
1 47
1 28
1 15
6 60 62 67 43 67 38
3 38 62 28
4 92 54 53 24
2 49 32
2 96 31
3 59 76 7
2 49 43
1 40
2 42 71
0
3 57 73 13
0
4 16 87 73 64
2 3 65
2 44 30
1 3
4 90 55 46 70
2 42 57
2 34 75
3 98 72 50
7 66 32 72 13 54 73 44
1 50
3 4 27 35
4 80 52 95 93
3 90 57 21
2 57 27
1 24
5 65 17 21 53 40
3 6 50 51
2 44 45
1 61
3 69 54 29
3 91 10 47
2 80 58
3 40 35 4
0
1 33
2 31 67
4 53 68 40 62
1 69
3 60 27 68
5 57 15 50 80 46
2 46 71
0
3 63 40 44
1 79
4 81 57 20 61
0
2 64 56
0
0
1 44
3 5 28 61
1 60
4 34 57 68 6
3 57 66 38
3 17 9 50
6 53 50 43 54 79 37
3 40 57 47
1 64
3 14 59 57
4 62 6 10 52
3 53 37 27
3 38 27 74
1 82
0
3 33 39 49
4 53 61 39 68
2 79 60
1 17
3 23 27 60
5 29 50 18 93 36
2 31 68
2 35 36
4 61 52 68 49
3 97 58 35
2 19 54
2 53 47
5 74 73 79 50 42
4 34 60 12 63
0
2 62 54
3 87 27 89
2 60 80
2 48 48
1 58
2 64 53
1 32
1 42
4 64 62 52 51
6 23 37 60 56 25 51
1 39
0
3 72 50 50
4 68 59 83 76
2 60 68
1 24
3 32 46 20
1 91
4 57 66 33 19
3 58 82 48
0
2 34 59
2 34 86
1 48
5 48 42 67 49 82
1 32
2 45 48
4 56 34 24 61
2 43 29
3 21 65 66
5 15 55 72 39 21
1 30
1 61
0
2 20 51
3 21 61 45
1 57
4 33 44 43 40
3 55 51 55
6 40 63 62 71 46 77
4 49 51 47 60
4 44 53 35 66
3 75 76 20
0
5 77 47 37 33 60
3 59 37 72
2 68 73
4 37 42 51 50
3 46 80 50
1 42
2 63 35
4 29 55 25 32
3 98 73 25
1 36
1 65
2 66 60
2 22 78
3 78 14 19
1 42
2 51 41
2 17 40
1 23
0
2 53 75
1 69
1 37
2 74 62
4 68 72 38 22
5 65 75 11 92 46
3 33 71 57
2 81 57
3 60 52 43
3 55 57 72
4 66 20 47 47
2 26 72
1 31
4 37 71 49 65
2 25 39
2 73 52
5 46 27 70 47 49
1 95
1 34
3 58 31 25
3 21 25 70
4 67 56 76 65
6 38 36 53 32 58 68
3 84 58 44
1 31
3 63 52 12
3 63 39 25
1 42
3 49 43 37
2 54 42
3 60 59 16
1 40
3 14 77 34
2 72 30
1 51
3 55 36 41
2 97 66
1 54
4 64 47 46 44
3 40 70 49
3 66 54 7
1 47
5 72 87 22 47 34
3 53 33 33
2 49 68
0
4 62 45 3 79
4 13 73 32 60
0
1 51
4 61 68 23 60
1 54
0
4 48 65 46 92
1 46
4 80 23 51 55
2 68 66
1 51
2 76 87
3 56 81 28
2 59 48
2 45 67
4 73 53 53 39
2 65 32
5 39 40 65 61 35
0
4 34 40 43 8
3 42 53 46
1 54
2 56 55
2 51 6
2 38 43
1 15
2 48 56
2 27 38
2 40 56
4 67 61 79 53
4 14 60 31 27
5 45 9 60 82 69
3 79 35 30
3 61 49 52
1 70
3 24 23 48
4 79 37 52 93
5 33 71 91 41 49
1 88
2 55 56
1 96
2 68 97
1 54
5 30 3 48 57 64
3 37 48 11
2 54 12
3 24 37 57
1 53
4 39 5 37 49
3 12 23 63
4 37 43 2 59
1 17
7 59 60 63 64 37 57 59
1 62
2 49 24
2 38 53
5 80 96 80 53 60
3 28 55 47
3 40 50 72
4 41 42 32 45
3 24 54 55
3 65 15 67
2 67 85
1 61
3 66 40 7
0
3 64 44 41
3 50 45 45
1 29
3 30 46 56
4 67 49 48 27
2 83 63
3 78 28 46
2 74 68
2 73 40
4 32 44 41 42
2 76 59
4 63 49 50 54
1 34
0
2 62 99
2 67 63
4 49 60 24 71
2 63 78
1 53
2 40 36
2 47 67
2 64 16
2 54 57
2 35 11
1 46
4 60 42 11 48
1 78
2 54 36
4 39 37 67 35
2 68 53
3 22 34 76
2 73 42
4 54 62 61 4
2 77 46
6 24 57 51 42 33 25
3 28 49 33
2 59 76
4 83 56 52 50
1 40
2 14 46
2 55 19
3 40 51 54
3 25 48 46
2 49 78
3 65 35 42
1 61
5 78 29 32 81 73
2 47 64
4 51 43 52 26
2 47 31
3 65 25 41
3 45 61 42
1 72
3 79 82 49
2 82 50
2 16 83
1 36
4 54 37 81 33
4 31 11 35 60
2 69 40
0
3 52 29 59
5 66 43 50 63 36
5 50 12 42 64 62
1 58
2 64 64
5 6 36 61 30 58
1 19
2 37 47
3 67 81 86
2 59 26
3 39 46 46
1 34
3 33 46 24
2 52 73
0
2 35 77
3 38 27 72
2 57 84
3 51 34 28
1 68
2 51 60
4 5 25 49 59
2 45 45
2 33 54
1 88
2 42 78
1 51
5 78 88 72 62 49
5 31 41 56 61 36
2 42 48
3 97 70 20
2 39 75
1 46
2 36 38
1 53
3 90 25 19
2 62 36
1 46
3 35 53 30
2 20 72
5 38 63 56 77 81
2 56 58
2 56 51
4 67 51 7 64
2 76 36
2 43 54
2 40 68
2 9 24
4 25 58 48 29
3 46 72 47
0
2 15 86
4 27 85 42 12
4 93 46 47 26
0
6 79 26 49 49 81 41
1 34
4 8 87 8 73
2 94 34
1 29
3 68 32 90
5 61 61 48 44 25
2 30 52
1 20
4 68 71 37 28
2 64 53
4 43 29 46 37
2 34 67
2 54 60
5 62 65 68 44 30
5 49 31 2 29 74
0
1 72
1 49
4 52 63 53 41
2 58 60
5 68 53 30 57 62
1 78
4 53 79 37 43
4 35 54 45 26
1 49
4 55 58 66 61
3 45 7 46
2 47 55
3 61 67 31
0
2 46 52
3 70 24 50
2 69 42
3 39 64 51
7 47 80 18 72 40 46 34
3 44 63 62
4 20 69 30 36
3 54 55 33
2 6 49
1 84
0
0
2 55 4
1 8
2 51 41
1 33
3 40 58 52
1 58
4 54 36 28 1
1 67
3 63 82 16
5 57 15 38 60 40
3 54 75 56
2 45 36
5 35 7 44 16 61
3 52 51 12
1 54
3 29 53 61
2 37 34
0
1 64
3 33 62 57
1 53
2 73 76
2 50 39
3 27 88 65
2 27 3
1 50
3 52 66 53
3 58 29 82
2 45 56
1 61
3 31 61 59
6 56 71 80 16 53 33
1 6
2 23 68
3 21 44 86
2 55 58
3 85 77 55
3 49 65 39
5 82 69 65 19 40
5 1 40 62 35 71
2 22 49
0
4 57 47 24 71
2 75 55
4 35 23 60 67
1 24
1 32
3 48 49 37
2 65 49
2 26 66
5 27 49 18 10 38
5 52 68 34 47 45
1 49
0
0
1 79
3 32 69 37
1 58
2 27 6
1 71
4 14 63 50 59
4 44 22 66 55
1 49
1 74
2 87 35
2 56 44
2 45 87
2 51 78
2 34 66
5 33 37 67 63 62
4 74 80 54 64
3 41 64 38
4 35 48 76 63
1 31
4 40 42 12 31
6 42 33 66 71 55 35
4 21 50 18 62
3 45 73 44
1 62
0
5 13 71 36 49 40
3 50 74 44
2 47 22
1 61
2 54 59
2 47 35
3 53 60 51
4 78 52 50 30
2 48 41
0
3 17 31 46
4 57 39 25 52
3 35 39 16
3 44 33 36
3 24 33 16
3 100 51 46
4 80 49 70 40
3 61 70 43
1 38
3 73 43 53
0
1 65
1 36
0
1 28
3 66 79 32
4 34 74 53 66
2 46 82
1 25
1 49
3 52 19 70
3 41 31 27
4 83 46 36 53
3 40 61 66
3 23 51 73
3 49 65 42
4 26 60 46 41
3 31 28 58
3 89 65 48
4 63 49 30 63
3 66 25 51
3 35 37 36
4 63 45 69 40
1 43
2 49 56
4 29 66 41 37
1 21
3 94 21 65
3 70 35 45
2 67 34
3 77 39 60
0
2 80 31
4 74 66 64 27
1 23
2 47 45
3 43 39 49
1 83
0
5 52 61 59 46 69
0
5 78 52 77 51 61
4 59 57 54 76
3 71 44 58
1 34
1 56
1 46
2 42 80
0
3 64 64 35
1 68
4 83 43 65 56
1 76
6 34 70 59 11 38 35
3 31 35 42
1 30
6 9 93 61 49 18 63
2 16 80
4 21 28 34 18
2 82 52
1 50
2 60 41
4 52 60 29 80
3 64 32 41
0
3 64 1 66
1 48
2 92 58
3 30 56 47
5 27 74 65 91 39
0
1 64
2 27 47
2 47 68
1 72
0
2 40 63
3 79 79 79
4 42 56 18 67
2 68 49
3 51 60 53
3 59 53 62
8 45 45 63 40 24 31 37 33
2 68 89
2 72 21
3 33 38 47
1 41
1 21
2 58 82
5 44 91 77 83 28
3 19 75 65
1 28
3 54 57 93
3 74 70 76
3 52 52 70
1 38
2 51 71
1 61
5 68 18 28 39 76
3 66 64 64
0
3 26 36 22
3 47 31 46
1 65
5 64 58 29 31 52
3 4 55 26
1 75
3 41 41 72
3 52 28 86
2 70 18
2 69 66
2 37 58
0
1 28
2 46 38
0
2 38 40
2 30 44
4 89 47 57 73
6 67 56 43 65 25 20
5 62 53 59 48 18
5 47 71 63 43 20
4 56 36 34 49
3 55 52 74
3 39 32 27
0
3 40 47 19
1 76
2 48 76
2 77 43
2 51 59
0
2 39 7
6 30 42 76 21 36 44
5 33 82 32 49 51
2 23 60
1 35
2 57 34
4 82 18 33 44
3 48 28 50
1 29
1 16
1 77
4 67 36 57 29
2 75 38
5 39 34 50 69 58
4 60 30 55 19
3 40 35 23
4 31 66 39 45
2 51 40
1 79
4 39 57 66 81
0
1 30
2 41 27
0
3 65 74 69
2 43 65
2 71 54
2 40 53
2 25 47
2 41 51
0
4 54 59 73 49
3 69 44 55
3 52 26 27
1 48
1 32
2 72 58
3 34 56 56
2 43 48
2 65 62
3 67 34 53
1 89
1 58
2 41 52
1 55
2 26 54
0
5 45 72 63 62 69
3 55 70 48
3 55 65 68
2 80 64
1 58
3 4 18 69
4 27 15 48 64
3 51 34 68
3 59 23 53
1 80
1 28
3 73 43 27
2 76 19
3 31 67 43
2 17 77
2 23 64
2 61 72
1 30
2 68 68
2 22 24
0
3 68 51 57
3 60 66 29
4 46 27 43 76
4 26 59 44 29
3 25 79 50
2 36 64
2 60 57
3 50 63 45
4 63 36 31 70
3 42 84 87
3 19 6 67
2 38 55
2 59 17
1 37
2 52 54
3 43 40 80
3 55 82 49
2 36 82
1 57
4 41 25 50 64
3 36 54 47
2 32 8
1 57
5 56 36 45 60 47
2 56 78
3 10 56 43
2 65 42
3 30 80 61
1 46
2 53 54
3 41 54 5
3 52 48 26
0
1 14
3 57 35 73
0
1 53
2 46 30
2 8 60
1 59
2 45 12
3 61 44 53
2 47 69
0
3 26 31 56
2 65 70
3 72 55 32
3 18 32 25
1 74
3 14 70 8
2 15 5
2 40 59
3 42 41 49
1 45
5 65 76 51 91 55
1 57
3 50 50 53
4 53 7 16 45
2 38 51
2 24 37
1 61
2 54 44
3 40 60 71
1 48
2 25 62
2 54 48
1 18
1 73
5 66 54 52 52 59
1 44
2 28 59
4 34 55 17 63
2 43 39
2 42 61
1 60
3 83 89 64
4 24 46 84 20
2 49 18
1 44
1 50
1 29
4 62 80 44 54
2 87 61
1 97
3 40 65 91
3 65 24 45
1 65
2 13 53
1 15
1 74
4 28 60 36 37
4 65 69 44 61
2 40 91
1 46
1 74
2 36 13
2 42 31
3 58 10 62
0
5 24 51 82 43 35
1 72
3 68 79 66
3 22 85 54
4 68 64 79 9
2 42 74
3 32 15 45
1 54
1 44
1 26
2 55 43
3 25 52 65
4 83 76 57 30
3 43 53 3
1 30
2 93 47
2 27 35
1 22
1 56
3 7 18 35
1 35
3 74 35 37
4 15 74 49 3
3 67 49 31
1 1
2 36 47
2 75 71
3 62 41 26
2 43 53
1 53
1 67
1 36
3 77 14 74
2 85 23
3 64 65 85
1 56
4 21 35 58 54
1 71
1 65
2 44 53
2 63 71
5 86 31 42 49 59
3 62 26 51
1 50
1 60
4 53 97 55 46
2 36 71
2 77 72
4 70 25 20 19
2 49 34
3 67 63 16
2 78 70
4 56 59 77 61
5 67 69 74 59 65
2 19 44
1 30
4 76 61 55 53
1 33
3 38 72 47
0
2 47 57
2 31 32
2 74 46
3 53 43 24
2 56 46
2 98 72
2 42 12
3 47 43 78
1 30
1 45
0
4 24 57 71 40
4 54 69 38 83
0
3 54 68 76
1 46
3 81 72 45
0
2 9 21
1 42
3 53 46 35
4 13 17 79 36
3 62 49 42
3 48 46 81
4 56 68 69 46
1 28
1 46
3 17 82 65
2 50 58
0
3 46 58 65
0
3 38 53 62
1 11
1 58
1 75
2 57 40
2 47 49
1 66
0
0
0
1 68
3 52 30 42
2 74 39
4 28 73 65 37
3 27 65 61
2 44 40
2 43 69
1 60
2 69 44
3 83 36 90
1 53
4 21 46 37 36
2 59 100
1 43
4 7 48 68 58
1 80
2 37 55
2 80 57
2 68 52
1 47
1 55
4 44 70 24 22
1 54
1 55
1 46
1 63
2 55 80
4 74 64 48 48
2 48 27
3 29 64 91
2 38 78
1 35
3 48 80 91
2 90 24
4 61 92 40 53
3 53 56 55
2 55 40
3 16 44 4
3 64 51 56
5 47 56 45 46 49
2 83 38
2 30 54
3 23 49 52
1 46
1 61
0
1 60
3 54 11 56
1 23
1 60
3 24 26 52
1 56
2 78 69
3 64 44 60
1 23
2 53 56
1 23
2 40 56
2 24 48
1 58
1 29
6 22 39 79 16 48 45
1 73
4 23 70 64 46
2 67 69
1 32
0
2 11 2
4 55 65 45 41
1 22
3 42 73 42
4 78 35 39 33
1 19
1 24
1 47
0
3 65 26 53
2 55 38
4 30 71 52 17
1 64
0
3 56 91 80
1 78
0
3 69 21 60
3 45 68 25
1 54
3 66 41 33
3 50 46 40
1 45
1 37
1 46
0
2 35 44
2 82 32
2 54 47
2 53 76
2 49 65
2 62 33
2 56 10
3 48 51 55
2 84 52
0
2 28 54
0
0
1 41
2 80 49
1 40
2 86 73
4 74 71 32 65
0
1 57
1 56
2 14 32
1 27
1 44
3 71 60 29
0
4 30 66 78 50
2 62 36
4 51 69 57 44
0
0
2 41 62
3 63 55 86
3 68 54 44
1 36
2 56 51
1 37
1 52
2 45 72
0
3 39 78 32
0
0
0
2 22 58
2 74 53
4 64 52 32 97
2 55 41
3 59 54 17
1 34
4 28 61 31 50
4 36 67 51 30
0
2 55 48
4 52 10 54 53
2 47 39
0
2 74 82
2 49 44
2 37 68
3 55 52 50
2 65 9
0
2 36 18
3 88 18 48
1 79
4 48 67 28 57
2 51 31
1 66
2 58 44
2 57 30
1 61
1 37
0
2 56 14
1 49
2 71 79
3 44 94 48
6 66 85 82 40 56 44
0
1 9
4 22 76 60 88
3 45 42 66
1 95
3 53 41 25
2 23 37
1 39
2 75 34
1 4
0
1 48
1 62
6 52 43 45 51 40 36
2 28 21
1 26
1 59
2 4 59
0
1 64
2 73 42
1 65
5 35 60 44 68 15
2 39 40
0
2 22 36
2 77 47
1 44
1 27
1 98
1 49
1 38
2 45 21
2 49 56
5 33 32 95 87 82
2 49 40
1 71
0
1 57
2 69 21
2 30 49
5 23 9 62 53 15
4 73 64 45 52
2 6 51
2 26 39
0
0
2 35 57
1 63
2 28 21
3 11 64 64
1 24
3 72 40 58
2 37 63
3 32 85 57
0
1 23
1 58
2 59 51
3 19 43 60
1 48
1 53
1 43
2 65 43
3 48 89 64
0
3 2 37 65
0
0
1 35
0
2 47 69
2 55 59
2 24 43
2 57 18
1 65
0
2 26 53
4 36 52 61 80
2 48 70
0
2 57 37
5 45 68 18 16 43
1 13
0
2 57 26
2 50 11
