3600 4
2 63 17
0
1 39
2 6 22
2 40 39
1 44
1 74
1 71
1 58
1 60
1 68
2 82 70
2 70 47
2 27 45
2 46 62
2 51 87
1 62
3 69 62 23
1 49
3 44 70 31
3 29 65 59
2 51 44
0
0
1 45
0
2 50 16
1 56
2 61 13
2 24 84
1 71
0
0
2 46 46
3 80 39 48
1 29
1 63
1 55
2 25 64
0
1 46
0
2 38 19
1 24
2 61 26
1 61
0
3 15 50 31
2 49 38
0
0
3 31 77 62
2 54 71
2 93 45
1 50
0
1 67
0
1 47
2 85 14
0
0
1 56
3 54 77 37
3 65 68 24
1 57
1 17
0
1 89
1 56
0
1 61
3 39 50 54
2 39 93
0
0
2 27 63
0
1 50
1 60
1 33
3 26 58 72
3 42 51 71
0
2 40 45
4 95 53 41 40
1 59
1 35
2 45 40
0
0
1 71
3 42 29 57
0
0
2 68 34
0
1 67
3 52 5 73
1 48
1 21
1 65
1 30
0
2 64 33
0
0
0
0
3 59 26 36
1 72
1 36
2 40 65
3 57 84 41
4 9 42 46 67
1 24
2 22 19
0
1 51
2 63 33
0
0
1 68
0
4 41 76 56 9
2 24 39
2 88 73
2 52 61
1 32
0
2 58 20
0
0
1 61
3 46 50 26
1 55
1 37
0
1 40
2 44 64
0
1 35
1 32
0
1 48
0
1 57
0
1 63
0
1 75
1 38
4 50 33 74 69
0
2 72 53
2 58 55
1 40
0
0
1 76
1 69
2 38 41
2 62 70
0
1 68
3 67 85 50
0
2 48 39
2 27 68
2 84 85
0
2 57 98
1 42
1 38
1 36
0
0
2 47 24
1 51
3 45 77 45
1 72
0
3 52 28 61
0
1 44
0
1 61
1 59
1 63
0
4 31 87 59 60
0
1 65
0
1 62
0
2 62 67
0
1 74
0
1 49
1 61
2 69 51
0
1 7
2 49 93
1 68
2 29 56
1 43
3 21 56 82
0
2 71 18
1 27
2 83 94
1 66
0
0
1 58
0
0
3 33 32 56
0
0
0
3 76 42 57
3 71 69 41
1 64
0
1 41
0
1 11
1 42
1 59
3 51 43 65
1 46
0
2 60 64
1 46
2 28 27
1 27
3 49 47 57
0
2 37 79
3 82 77 53
0
0
0
1 72
0
4 65 50 30 70
3 32 55 52
2 2 67
1 50
0
1 83
0
0
0
1 42
0
1 41
2 73 47
1 61
0
3 54 57 55
0
2 75 51
0
0
1 68
0
3 36 60 50
0
0
0
2 43 60
2 46 73
2 36 60
0
4 72 44 47 38
1 54
1 59
2 38 29
1 40
0
0
0
0
1 65
3 37 85 52
0
0
0
2 33 42
1 82
0
0
0
0
3 68 36 75
0
0
0
0
1 8
2 33 37
1 51
1 70
2 36 66
0
1 48
0
2 48 51
1 2
1 36
2 27 72
0
1 31
1 51
1 39
2 60 63
1 70
0
3 57 7 49
0
0
0
1 36
0
0
2 51 29
0
0
4 61 57 53 46
2 54 5
1 33
2 12 54
0
1 60
0
1 18
1 27
1 44
1 34
1 71
1 42
1 54
1 63
1 51
1 46
0
0
2 16 78
2 78 31
0
1 44
0
0
0
0
1 14
0
1 66
2 53 83
0
0
0
1 84
0
0
1 46
0
1 21
1 65
1 32
1 33
1 50
3 51 43 35
4 45 65 37 71
0
2 35 30
2 49 15
1 77
0
0
0
0
0
1 42
0
0
1 37
0
0
1 78
1 33
0
1 31
0
2 24 49
0
1 43
2 42 60
1 83
3 53 41 51
0
1 49
0
0
1 21
1 88
0
0
0
0
2 59 81
1 55
1 42
0
2 61 47
1 67
0
1 75
1 75
0
1 72
0
0
0
1 59
0
2 37 31
0
1 73
0
0
1 36
1 69
1 62
1 27
2 58 38
1 46
3 80 66 46
1 45
2 32 52
1 58
0
0
2 89 45
0
0
0
0
1 64
1 16
0
0
1 72
1 57
1 66
2 57 46
1 73
0
0
1 50
2 67 41
1 58
0
2 32 17
0
0
0
0
0
4 45 41 49 24
0
0
0
0
0
1 25
1 49
0
0
2 49 72
2 54 44
0
1 45
2 57 77
0
1 38
0
2 57 35
0
1 31
0
1 68
0
2 12 81
0
1 81
1 24
1 90
0
1 38
0
0
1 65
1 87
0
0
0
1 17
2 47 19
0
1 72
1 43
1 30
1 48
3 44 66 83
1 48
0
1 46
1 86
0
1 42
0
0
0
1 51
0
1 76
0
0
1 30
0
0
1 60
0
0
0
2 48 28
1 75
0
0
0
0
0
1 61
0
1 67
2 31 37
2 60 79
1 63
0
2 32 41
0
0
0
1 27
0
1 36
0
1 33
0
1 61
0
1 67
0
0
0
1 48
1 23
0
1 53
1 67
0
0
0
0
0
0
3 29 63 54
2 70 28
1 65
0
1 67
1 67
1 96
0
1 57
1 77
0
2 36 39
0
1 47
1 56
1 33
1 6
1 49
0
0
0
0
2 70 66
1 28
1 67
0
1 5
1 91
1 86
0
0
0
0
1 52
0
1 65
0
0
0
0
0
0
0
2 27 23
0
0
0
1 43
2 43 42
0
1 93
0
1 53
0
1 64
2 19 64
0
0
0
2 46 30
0
0
0
1 65
2 29 23
1 72
0
0
0
0
0
1 56
1 61
0
1 68
0
0
1 47
0
2 39 85
2 52 15
0
1 58
1 46
2 38 45
0
1 68
0
0
1 59
0
0
1 46
1 44
2 65 56
1 70
0
0
0
2 57 40
0
0
0
0
1 7
0
0
1 38
1 50
1 50
0
1 43
0
0
2 32 61
2 60 38
1 23
1 44
0
0
0
0
1 79
0
0
1 49
0
0
0
1 53
0
0
2 56 44
0
0
0
0
0
0
0
1 64
0
2 59 50
2 60 33
0
2 96 80
0
1 69
0
1 71
1 21
0
3 22 33 53
0
2 72 60
1 34
0
0
0
1 61
0
0
0
0
0
2 72 64
0
0
0
0
0
0
0
0
0
1 55
0
1 56
0
0
1 47
1 62
0
0
1 39
1 43
0
1 46
0
1 50
0
1 49
1 37
1 42
1 85
1 47
0
0
0
0
0
0
0
0
1 59
0
1 53
0
0
1 41
2 45 15
0
0
2 53 78
0
0
0
0
0
3 48 45 44
0
0
2 53 53
1 92
1 63
1 39
0
1 16
0
2 25 53
0
0
3 27 62 41
0
1 92
0
0
1 33
0
0
0
0
0
1 57
2 33 63
2 17 64
0
0
1 37
1 46
0
1 75
0
0
0
0
0
0
0
0
1 51
0
0
0
1 85
1 33
1 39
1 58
0
1 31
0
1 24
1 65
0
0
0
0
1 68
0
0
2 63 32
0
2 55 80
2 40 61
0
0
0
1 76
0
0
1 59
1 58
4 16 29 52 57
2 28 66
0
0
0
1 43
0
0
0
0
0
1 67
0
0
1 68
0
1 33
0
0
0
0
0
0
1 65
0
0
0
0
0
1 57
1 52
0
0
2 61 37
0
1 64
0
0
1 10
2 18 49
0
1 54
0
0
3 81 63 20
1 57
0
0
0
1 34
1 35
0
0
0
0
1 47
0
2 42 37
1 68
0
0
0
0
1 40
2 46 47
2 32 46
0
0
0
0
1 39
1 18
0
0
0
0
0
0
0
0
1 76
1 66
0
1 46
0
0
1 56
0
1 38
1 63
1 51
1 77
0
1 42
1 89
1 59
0
0
0
0
1 43
1 47
2 58 45
0
3 64 84 49
0
1 49
0
0
1 38
0
1 35
0
1 53
1 27
1 75
0
2 17 31
0
0
2 31 64
0
1 41
0
0
0
0
0
1 48
3 52 42 40
0
0
0
0
0
0
0
1 56
0
0
1 56
1 51
0
0
1 30
0
0
0
0
1 47
0
1 65
1 31
4 77 36 21 25
0
0
0
0
1 71
0
1 81
0
0
0
1 70
0
2 45 30
0
2 43 53
0
0
0
0
1 36
1 18
0
0
0
1 67
0
0
1 61
1 95
2 58 5
2 59 66
0
1 59
1 38
0
0
0
0
1 40
0
2 64 69
0
1 13
0
1 34
0
1 72
0
0
1 57
1 36
0
0
0
0
0
1 43
0
0
0
1 33
0
1 45
1 66
0
2 56 18
1 83
0
0
2 27 57
1 83
0
0
0
2 55 68
1 78
2 51 41
0
0
1 65
1 48
1 34
1 49
2 59 28
0
0
0
2 46 64
0
0
0
0
0
2 16 37
1 61
1 52
1 46
0
0
0
0
1 79
0
0
0
0
3 64 54 70
1 28
0
2 22 77
0
0
0
1 54
1 61
0
3 64 33 65
0
1 39
0
0
3 80 47 13
0
1 30
1 35
0
0
1 53
0
2 53 65
0
0
0
1 92
1 59
1 74
1 13
0
0
0
0
3 71 58 30
0
2 73 72
2 34 59
0
1 71
1 81
0
0
3 77 63 15
1 38
0
0
1 59
0
0
1 53
1 32
0
0
0
0
2 40 54
2 22 28
0
0
0
1 84
1 30
0
2 61 45
1 42
0
0
2 50 63
0
1 26
2 71 60
0
3 33 45 37
1 27
1 31
1 51
1 9
0
1 67
1 52
2 73 43
0
0
0
0
0
0
0
0
1 50
0
0
1 60
0
0
1 45
1 39
0
1 46
0
1 54
1 84
0
1 58
1 65
1 48
1 45
3 31 54 41
2 63 22
2 59 43
1 49
3 65 83 22
0
1 40
2 46 54
1 68
0
1 43
0
1 38
1 45
2 82 47
0
0
0
1 57
0
1 29
1 34
0
0
1 66
2 37 55
1 50
2 88 73
1 29
0
0
1 35
1 64
1 37
3 39 33 53
0
1 57
0
0
1 56
2 34 77
0
0
1 39
0
2 32 39
0
0
1 53
1 58
1 48
1 40
0
0
1 25
1 62
1 73
3 51 42 82
0
0
1 63
0
1 31
0
1 52
0
0
0
0
3 17 47 32
0
1 21
0
1 72
3 35 58 3
1 62
0
0
2 69 87
1 51
0
0
1 93
2 73 48
0
1 73
0
2 23 38
1 79
0
1 31
0
3 50 83 32
3 10 22 21
0
2 36 42
0
1 70
0
1 39
0
2 31 20
0
2 85 28
0
0
1 37
0
0
1 84
2 45 52
2 61 34
0
0
1 41
2 40 33
5 39 31 40 37 26
0
1 33
1 69
1 65
0
1 24
0
2 56 26
2 36 72
0
1 58
0
1 32
0
2 91 57
0
1 50
1 51
3 61 50 53
0
1 53
0
0
1 69
1 38
0
1 67
0
1 64
3 36 52 9
1 60
2 69 9
2 62 20
2 57 43
0
4 46 40 37 56
0
0
1 64
0
1 96
1 63
1 55
1 55
0
0
0
0
1 44
2 80 30
0
0
1 58
3 59 62 58
0
2 2 56
1 43
1 53
0
1 47
0
2 41 67
1 18
1 34
0
0
0
2 50 38
1 36
0
0
1 63
1 80
0
1 47
1 78
3 19 37 82
0
1 57
2 81 77
1 52
0
1 51
3 44 70 43
1 53
0
2 67 33
0
1 39
1 75
2 41 53
4 76 54 52 44
1 74
2 67 51
0
3 67 3 20
1 44
0
0
1 38
2 72 26
0
1 39
1 70
0
1 23
0
1 59
0
1 73
1 84
3 63 56 52
2 80 30
1 74
0
3 49 80 50
0
3 81 91 68
1 46
1 79
0
1 57
0
0
3 48 43 52
1 57
0
2 52 42
0
2 55 66
0
1 58
0
3 68 73 46
0
1 40
0
3 51 41 30
0
0
0
0
1 30
2 33 84
3 80 55 34
2 42 41
1 65
2 71 72
1 42
0
2 40 50
0
2 67 52
1 36
2 57 71
0
1 64
0
2 43 81
1 40
3 62 50 32
0
1 46
1 77
1 27
0
1 65
0
2 22 64
0
1 70
1 63
1 12
2 73 35
0
0
2 29 56
2 33 34
3 45 57 42
1 52
2 36 44
1 65
1 48
0
1 51
1 43
2 81 64
1 51
1 78
0
4 67 56 63 34
2 74 57
2 53 49
3 34 62 48
0
4 65 17 42 37
3 46 28 58
1 58
0
1 66
0
1 56
1 60
2 36 45
0
2 20 52
1 52
3 93 36 45
3 9 31 53
0
0
2 63 45
0
0
2 58 66
1 67
0
0
0
1 96
4 69 52 22 81
0
1 70
0
2 67 70
1 69
2 46 3
0
5 39 31 42 71 37
0
0
1 61
0
3 39 64 32
3 51 56 35
0
2 6 77
1 58
2 58 74
2 37 46
0
2 58 57
0
1 55
0
0
0
2 22 43
2 83 49
1 55
1 79
2 63 66
1 62
2 55 83
2 34 66
2 94 42
0
3 60 42 64
0
2 73 28
0
0
1 48
3 52 26 62
5 78 38 40 53 18
3 71 43 6
2 40 89
2 64 52
0
1 35
1 39
2 35 46
1 49
0
2 58 60
1 60
0
1 18
1 67
2 72 86
2 29 58
4 50 48 20 47
1 99
1 52
2 89 63
1 47
0
0
1 67
2 53 57
1 49
2 26 63
2 69 61
0
1 56
1 43
1 38
0
1 79
0
0
4 21 72 16 45
1 33
1 29
1 89
0
2 68 64
1 44
1 52
2 66 65
0
0
2 47 49
2 57 67
1 59
2 76 66
1 39
1 63
4 63 23 55 56
0
2 71 13
3 44 52 61
1 61
0
4 20 50 70 64
2 37 70
1 59
0
0
2 44 53
2 57 47
1 66
1 64
6 49 55 43 13 24 88
2 44 59
2 37 93
2 37 34
1 32
0
1 83
3 36 53 71
1 74
3 30 54 79
2 53 64
2 24 49
2 61 44
0
2 57 42
1 17
0
0
0
3 29 64 48
2 63 52
1 72
0
2 40 83
2 24 50
2 50 16
0
2 40 64
3 53 25 29
3 60 45 36
1 57
0
2 41 54
1 55
2 61 50
0
3 26 28 38
4 1 54 22 31
2 42 56
1 54
1 45
1 75
2 57 36
0
1 90
0
3 41 66 15
2 87 27
2 69 52
3 84 87 24
2 15 42
2 67 54
1 34
1 48
2 65 30
1 72
1 65
0
0
4 53 29 100 32
0
3 60 78 54
0
1 49
2 35 21
0
1 44
3 28 84 75
2 51 58
1 68
2 86 57
3 29 58 62
2 2 68
1 58
0
2 100 59
3 23 74 32
1 56
0
2 70 49
1 45
1 43
0
0
4 46 72 56 43
2 38 47
3 56 49 31
2 72 69
1 66
2 98 47
1 48
4 55 50 56 43
2 93 41
1 25
3 23 55 35
1 25
2 28 50
1 68
3 71 64 46
1 28
0
2 75 58
3 46 65 46
3 57 86 59
1 84
0
1 78
3 33 50 58
0
1 49
3 99 62 65
0
0
3 47 48 48
0
3 53 76 59
2 91 71
3 55 75 35
1 38
2 55 27
1 65
1 65
2 62 79
0
0
4 81 67 72 50
4 68 49 36 58
0
4 43 71 47 74
2 42 42
2 16 62
2 21 65
2 65 93
1 41
1 30
0
0
0
0
2 58 50
0
1 64
2 32 59
3 66 16 29
1 69
1 29
1 52
1 59
2 74 92
4 28 31 41 86
2 49 25
2 46 55
2 22 29
4 82 69 74 63
1 35
3 43 46 54
2 65 78
1 56
3 56 45 58
3 20 29 40
0
2 34 45
1 49
3 65 81 57
1 42
0
1 46
3 68 15 61
2 46 55
1 44
1 62
0
2 37 34
1 36
2 70 69
1 38
2 3 59
1 36
2 68 40
2 54 65
2 70 45
0
5 81 76 32 13 59
4 41 38 51 60
2 40 36
1 21
2 34 39
1 58
2 16 52
0
5 51 55 50 58 51
1 55
1 60
3 63 36 54
3 72 84 28
2 26 49
1 84
1 53
0
1 20
4 34 46 56 27
1 67
2 36 23
2 47 38
0
2 8 65
5 51 37 48 37 77
1 57
1 81
1 62
0
1 36
2 19 17
4 38 47 32 21
2 66 48
1 59
1 58
3 94 66 75
1 47
3 78 69 13
2 80 35
1 56
2 32 43
1 42
0
2 65 63
2 27 51
1 58
1 36
2 51 24
4 44 40 26 7
3 66 58 76
2 23 83
2 27 30
3 64 50 41
5 80 44 36 30 53
2 51 62
3 74 81 51
0
3 66 17 23
2 67 48
0
3 36 54 34
2 62 60
4 46 21 41 49
0
1 66
2 78 67
3 44 60 26
0
5 39 40 85 52 20
3 59 26 26
3 68 42 61
0
2 60 87
1 28
4 46 44 53 57
2 49 46
1 79
3 34 50 11
3 50 66 60
2 49 32
2 42 32
1 67
1 35
0
1 41
4 16 39 30 42
1 60
1 19
3 23 60 19
2 22 65
2 100 80
0
1 19
1 42
1 53
4 86 51 60 27
1 29
2 20 67
2 56 68
0
1 40
1 68
0
5 44 39 42 49 51
1 39
1 41
4 40 26 78 50
2 39 49
0
1 32
2 36 61
0
2 77 55
1 12
4 69 50 54 74
3 81 30 34
1 15
4 47 43 58 40
5 49 82 51 32 66
2 70 56
0
2 68 30
3 73 39 37
2 35 68
1 70
3 35 49 59
2 55 26
2 63 65
3 58 27 63
1 36
2 26 61
2 49 38
2 55 58
3 9 69 31
2 6 42
3 43 2 61
3 54 43 26
1 19
3 52 59 34
1 22
0
0
1 30
2 39 47
2 61 93
1 28
2 66 39
6 67 49 45 92 38 86
2 46 65
1 59
3 40 26 59
3 52 43 54
3 32 31 35
1 43
1 27
4 30 80 19 89
2 62 61
2 24 41
1 54
1 32
2 61 46
1 56
1 61
3 75 67 55
1 36
4 40 52 57 65
1 55
3 41 81 58
1 26
1 56
1 57
4 84 93 51 65
2 37 30
1 51
1 75
3 41 42 60
0
2 84 66
1 77
4 43 64 39 56
3 58 46 87
2 31 86
1 63
1 16
1 38
3 74 81 4
1 19
5 40 5 80 23 54
4 32 77 70 22
3 48 1 31
1 48
0
3 66 47 72
1 56
1 51
3 74 44 48
4 64 57 54 65
1 75
0
1 62
1 57
4 42 37 76 55
5 9 79 80 81 56
2 83 13
1 64
1 78
4 38 42 48 72
3 89 76 36
1 48
1 47
4 63 73 44 55
2 21 52
2 31 46
3 83 48 56
4 58 97 53 45
2 50 67
0
1 61
2 53 50
3 41 13 12
2 48 67
2 60 51
2 50 55
4 77 41 74 67
0
3 63 62 22
2 20 62
3 52 68 23
3 51 73 49
0
1 29
3 53 51 38
1 57
2 35 67
3 37 46 28
3 85 30 83
3 91 84 45
3 26 31 43
4 52 38 55 4
1 74
2 14 43
0
2 45 47
3 36 52 38
1 63
3 74 88 54
3 47 34 56
3 44 47 69
1 35
0
1 34
1 60
1 36
0
0
0
1 50
3 50 73 38
3 33 44 62
2 38 44
0
6 83 39 40 32 56 79
3 65 55 42
4 52 52 70 73
1 59
1 60
6 56 1 25 40 54 77
4 48 36 65 52
1 49
4 79 30 44 84
2 62 9
1 67
4 57 54 19 17
1 69
4 56 52 48 22
0
2 35 86
1 44
0
2 82 44
4 66 28 66 50
4 48 31 49 61
0
1 78
4 64 42 55 44
5 25 59 62 53 45
2 40 64
2 63 62
1 36
1 19
0
3 7 78 73
1 69
2 30 28
2 78 43
6 44 39 90 48 69 44
4 68 55 60 67
3 69 67 35
2 6 41
2 16 63
2 30 63
1 50
3 47 28 70
2 9 41
2 31 54
4 55 60 23 26
3 50 83 48
1 57
1 69
3 60 35 22
0
2 74 51
0
0
4 73 73 15 49
2 45 37
2 39 66
4 40 72 23 79
3 39 51 30
1 33
2 46 97
0
0
4 65 66 39 34
0
2 73 48
2 87 61
2 52 67
2 79 42
4 49 53 84 30
4 85 84 58 33
2 64 38
3 21 68 37
4 47 61 44 39
1 50
4 42 55 46 90
4 15 68 58 89
1 56
1 39
4 89 70 23 78
3 41 48 39
1 62
1 36
2 54 70
1 57
4 54 18 92 38
2 41 7
4 44 70 36 53
0
3 31 77 43
2 50 61
2 42 58
1 73
4 44 41 23 94
2 53 28
1 21
2 60 72
5 44 30 63 58 24
4 60 44 62 54
0
0
5 50 58 78 64 52
2 81 47
3 28 46 36
1 73
1 44
8 73 63 33 68 73 60 59 23
3 42 51 43
1 55
1 43
2 89 47
2 34 33
2 66 56
3 56 31 60
2 54 53
3 35 43 59
1 42
5 41 41 27 58 61
4 31 41 50 45
4 38 34 25 25
2 17 88
3 38 36 72
0
2 74 41
3 72 39 84
4 30 52 29 62
4 61 58 59 63
2 48 67
1 46
2 45 72
1 59
2 54 52
3 31 23 17
2 55 61
1 77
2 47 72
3 49 33 62
2 56 59
1 62
3 100 67 43
4 42 12 24 53
1 40
2 27 87
3 39 67 76
0
2 69 27
1 35
3 28 64 22
1 53
0
1 56
1 95
1 35
4 51 71 38 76
5 61 36 5 35 62
3 22 62 79
3 70 48 59
1 43
0
0
5 42 60 26 23 56
1 58
2 80 19
5 43 52 41 61 46
1 55
4 58 11 53 44
3 21 55 58
4 49 86 44 77
3 70 47 80
3 88 55 49
3 76 72 52
4 36 40 25 54
8 50 31 46 82 77 8 61 77
1 46
2 30 35
4 37 57 50 57
2 49 11
3 3 24 54
3 97 88 68
3 18 73 25
0
1 30
1 49
2 47 56
2 37 39
4 38 65 95 48
2 59 41
2 46 74
2 53 62
4 39 27 1 43
5 83 36 5 50 95
1 39
1 49
3 68 49 65
2 51 63
2 12 59
3 41 57 39
3 41 39 70
0
5 44 28 27 30 55
1 42
5 64 59 21 46 59
2 43 36
2 35 64
2 67 45
5 82 15 81 37 38
2 36 51
2 52 41
1 62
3 19 45 71
5 25 62 47 56 97
0
3 51 53 45
4 54 64 56 11
1 47
4 82 41 36 53
1 57
0
2 75 39
1 2
0
2 94 60
5 16 47 39 49 75
0
4 50 56 52 59
2 60 36
6 63 34 50 76 24 59
2 91 95
0
3 67 22 79
4 17 62 57 23
1 43
4 86 32 84 53
2 79 71
1 39
1 89
2 53 68
0
2 36 35
2 34 46
1 57
1 58
2 57 44
2 25 75
3 37 34 37
2 36 75
5 63 77 72 25 78
3 53 38 47
6 72 53 52 61 23 13
3 58 56 42
5 58 56 52 48 48
4 44 29 56 66
3 29 59 38
2 41 27
1 58
2 39 44
1 45
3 65 83 55
2 48 91
0
1 49
4 36 68 30 51
0
3 65 31 24
3 62 28 69
2 35 64
0
1 19
3 53 35 66
1 47
1 66
4 42 10 86 50
4 60 81 64 31
2 28 61
1 89
7 74 70 46 15 42 41 56
0
5 49 41 38 67 18
3 64 23 54
2 45 41
4 23 75 28 56
2 74 75
0
1 47
1 37
1 23
3 52 31 31
2 72 33
0
2 55 43
3 67 25 84
5 20 47 74 81 27
2 85 47
2 88 33
3 69 29 36
4 64 83 21 28
4 34 49 57 73
1 25
0
3 52 36 57
3 58 71 50
1 54
2 51 23
2 64 40
1 76
5 77 54 40 42 33
1 59
3 47 53 50
2 97 58
2 34 30
3 43 59 56
3 89 46 47
4 90 49 7 31
1 36
8 67 70 52 69 47 22 39 48
1 52
1 59
4 65 48 91 62
3 33 50 36
2 57 52
1 26
3 63 84 48
2 50 64
2 27 86
5 44 47 55 30 33
1 55
3 41 21 15
4 53 51 47 53
1 39
2 81 46
3 29 52 59
4 58 56 68 35
0
1 35
1 54
4 69 24 66 35
0
5 44 40 47 59 39
4 55 54 33 17
4 53 85 2 79
3 67 55 74
6 44 36 37 31 38 49
0
2 44 49
3 25 62 52
2 64 5
1 32
5 81 38 72 39 81
0
2 40 69
3 69 11 63
0
3 43 39 49
2 29 69
2 72 41
3 63 33 48
4 37 94 17 68
2 46 28
2 18 37
2 43 48
7 37 51 18 67 42 55 53
2 30 55
2 61 32
2 56 16
2 21 53
4 33 48 57 61
4 12 58 75 30
0
2 46 71
2 34 42
3 37 10 48
2 67 26
5 53 41 26 33 59
1 49
1 16
3 50 20 32
4 60 69 22 34
3 41 77 69
5 82 50 62 50 53
2 49 40
3 30 14 57
4 53 36 36 49
1 64
5 36 32 73 64 32
3 19 38 100
1 63
4 68 29 1 72
2 69 76
3 87 57 49
3 75 55 65
1 39
1 88
2 60 39
2 50 51
2 38 40
1 65
1 38
3 60 35 74
2 49 66
4 11 70 38 89
3 29 24 41
4 38 60 47 55
4 65 56 6 26
3 77 15 88
0
3 30 38 52
3 24 72 35
6 37 38 23 66 50 65
3 43 84 36
2 21 36
3 6 78 53
1 64
0
4 36 36 66 31
1 32
2 52 67
1 42
1 26
3 67 54 63
7 35 46 31 67 41 46 84
1 79
2 57 26
2 28 57
1 55
3 67 28 63
1 71
2 81 40
3 86 54 21
3 54 40 40
2 50 27
2 66 48
3 29 92 85
3 45 79 80
0
4 58 33 46 43
5 25 49 56 63 32
3 54 62 26
0
1 90
3 51 21 58
1 36
1 48
6 54 69 27 81 49 81
0
3 37 57 75
1 69
3 67 50 37
3 68 36 77
1 35
0
5 58 45 58 76 89
0
3 83 45 43
4 18 25 4 14
5 67 73 40 39 57
4 58 60 77 42
1 51
2 48 34
2 92 63
3 34 46 57
3 54 57 14
4 65 25 62 39
4 47 60 67 66
2 39 33
1 52
2 59 55
1 65
3 74 62 40
2 51 79
6 30 42 38 46 62 75
5 58 40 48 80 81
1 71
4 95 58 55 74
6 84 34 50 99 88 46
2 47 14
2 54 54
2 80 50
1 62
2 25 53
4 46 23 83 66
3 28 32 86
2 46 34
1 74
3 28 47 65
3 49 74 65
1 61
3 33 54 73
3 36 26 47
3 56 11 23
1 66
0
6 97 70 45 53 17 59
0
0
0
3 32 17 31
1 68
4 49 46 48 39
2 62 33
2 56 75
3 73 75 47
0
3 30 91 29
4 52 8 82 63
1 46
0
3 37 73 44
0
6 31 50 34 35 23 41
2 60 75
4 24 62 53 51
4 68 31 37 55
1 62
3 64 25 77
1 33
3 45 55 59
1 28
1 66
2 56 61
3 42 33 57
2 37 64
3 59 29 31
4 69 32 45 30
4 43 13 22 84
4 28 39 96 87
3 85 60 50
5 24 66 67 40 47
1 50
4 73 96 8 70
5 49 23 58 51 49
1 51
2 70 27
3 41 55 64
1 55
1 52
1 51
3 49 68 83
3 43 32 36
1 47
1 44
5 50 59 63 34 32
2 30 71
4 27 62 33 45
3 69 51 51
5 70 42 41 30 57
2 32 81
4 48 52 67 64
2 58 89
1 56
2 26 53
2 29 39
3 49 76 78
2 84 49
3 36 84 50
4 31 28 82 56
1 73
1 67
4 68 53 95 57
4 82 60 69 74
3 63 57 38
0
8 43 75 79 48 12 29 58 47
2 60 55
2 46 76
3 52 39 19
1 60
6 46 62 32 89 33 54
2 57 57
2 35 55
1 48
1 48
4 17 80 56 34
4 22 40 62 47
2 47 73
3 40 23 65
2 23 58
0
2 24 41
3 49 51 38
0
0
1 46
3 36 78 65
4 44 54 16 47
3 37 55 57
3 39 28 46
3 13 34 90
8 91 72 58 68 47 55 33 45
0
4 24 61 56 31
0
2 78 48
3 79 47 41
2 41 59
4 22 43 55 45
3 43 70 58
3 60 58 71
3 33 61 42
2 76 78
1 32
0
4 50 49 61 63
3 43 42 62
2 26 59
3 33 77 7
3 70 63 86
5 40 39 74 51 77
2 70 30
2 40 50
1 89
6 55 70 45 42 50 71
1 44
1 62
4 44 72 74 64
2 34 64
3 38 25 61
3 70 36 47
1 34
1 48
4 60 60 30 45
4 46 23 29 3
5 47 65 26 41 47
0
3 64 52 30
3 29 49 70
0
5 67 86 75 66 79
3 9 27 58
1 43
1 52
3 86 66 18
0
3 34 60 54
5 59 35 86 67 38
4 61 29 86 35
2 69 43
2 69 46
2 49 62
3 54 28 64
1 69
2 48 56
5 19 33 48 43 4
3 45 38 32
0
4 62 30 41 24
3 51 45 41
3 57 67 68
2 52 51
2 51 60
7 80 59 63 60 46 31 66
4 45 51 41 33
1 12
0
4 95 44 53 22
0
1 45
2 29 66
6 50 62 37 18 76 28
3 29 47 69
0
1 32
2 32 62
3 52 56 47
3 61 43 25
1 20
2 29 32
2 63 17
2 19 78
3 51 40 47
1 53
2 60 66
2 22 59
3 37 79 51
1 48
1 28
4 47 39 57 15
3 42 12 61
1 62
4 52 0 60 66
1 78
3 52 65 63
5 43 73 62 63 43
1 62
2 49 47
2 87 73
3 71 69 32
1 51
2 44 34
5 48 52 48 41 44
1 31
5 30 38 38 67 39
3 55 69 25
2 49 62
7 92 44 42 56 63 95 32
0
0
0
1 38
2 28 56
3 33 70 33
1 22
4 25 55 34 91
5 59 13 23 54 54
3 64 38 37
2 54 62
3 53 84 52
3 30 45 85
2 42 73
1 25
5 33 27 29 39 59
2 59 48
1 46
2 45 77
2 66 28
4 46 72 62 49
2 33 58
2 36 31
3 45 32 42
2 51 23
1 98
2 43 86
2 60 70
2 39 25
1 38
2 54 35
4 88 61 55 49
2 50 62
0
2 60 71
2 31 31
1 33
4 76 87 44 60
4 58 46 50 79
1 40
2 73 20
2 56 49
2 63 85
4 86 68 74 15
2 54 33
3 91 64 50
3 58 6 70
2 31 28
1 44
5 56 59 37 36 50
3 14 61 66
5 55 34 38 25 32
4 74 54 23 98
1 56
3 58 68 34
4 52 61 44 65
2 98 19
3 48 42 86
3 46 39 73
3 52 69 20
0
0
1 73
0
3 70 81 71
4 28 25 53 34
5 26 45 44 40 57
4 45 34 46 61
3 30 80 43
7 68 49 50 33 43 53 23
4 33 39 86 54
4 63 72 16 30
5 62 68 26 71 52
4 39 30 38 62
3 12 52 27
1 38
1 47
2 80 50
1 72
3 48 47 47
2 41 53
2 70 47
2 67 73
1 38
1 53
3 59 61 24
3 39 28 67
4 28 69 48 57
0
3 53 58 80
1 39
0
3 73 67 45
2 41 36
1 53
2 30 49
3 9 71 69
1 17
1 70
1 94
0
0
5 49 37 65 30 55
3 57 20 49
0
6 54 62 62 45 86 51
2 34 65
3 49 32 95
1 40
1 41
1 38
5 61 48 47 91 65
5 47 53 58 55 32
0
2 53 53
5 44 41 27 31 35
2 57 42
1 57
2 43 55
1 44
2 26 63
3 82 40 58
3 61 26 47
4 39 81 44 65
4 4 40 19 23
3 48 75 40
2 56 15
4 74 56 38 51
2 31 37
5 38 18 65 61 45
2 92 37
1 59
4 60 58 55 20
1 62
1 36
4 36 43 35 37
4 89 10 73 65
2 49 72
0
4 44 77 38 57
1 47
2 39 53
4 66 62 71 51
1 46
2 56 69
1 51
0
3 41 74 40
2 79 73
3 29 46 27
1 65
1 44
2 82 20
1 37
2 49 44
4 3 72 77 56
4 40 55 34 56
1 63
2 35 8
1 37
1 50
1 93
1 42
4 63 39 57 79
3 34 61 25
3 70 52 39
4 53 55 70 65
3 76 62 71
2 61 54
1 52
3 94 59 65
2 75 42
1 40
8 57 26 31 6 56 42 48 51
1 76
1 73
6 52 51 55 62 38 20
2 45 46
4 13 52 30 30
3 51 31 33
2 47 50
2 39 30
3 25 68 51
1 58
1 39
2 25 35
2 27 72
1 73
3 66 16 57
1 48
3 69 40 71
1 57
1 37
1 43
3 40 33 53
4 40 58 49 68
5 33 36 81 23 42
5 22 67 50 35 53
0
1 43
0
2 50 22
1 46
2 46 33
1 69
1 39
0
2 59 60
4 75 55 56 47
3 68 40 65
4 69 38 89 53
1 60
3 52 63 25
0
1 27
2 38 100
6 56 74 47 68 88 33
3 28 73 57
4 67 74 65 42
4 53 74 36 61
4 37 65 26 66
0
4 64 39 43 71
3 0 33 41
3 56 85 32
4 74 46 54 88
5 52 18 52 77 61
2 83 58
1 20
2 34 69
3 28 46 28
1 44
1 60
2 53 85
2 39 48
4 58 68 28 54
2 66 1
3 62 15 23
4 45 70 64 37
5 65 61 22 42 88
1 72
2 59 71
1 50
0
2 54 54
0
3 46 39 68
2 85 83
1 11
2 60 34
1 63
1 72
2 47 47
1 87
4 39 45 81 63
4 49 70 68 68
1 57
3 63 28 53
2 70 49
5 54 60 32 36 50
1 42
1 86
2 56 62
2 33 51
2 74 87
4 54 65 42 52
2 62 64
4 17 67 46 29
1 92
2 58 39
3 12 58 66
2 39 58
3 47 56 29
2 50 12
3 57 67 42
0
2 8 27
1 69
2 56 53
2 21 42
3 44 70 70
1 48
2 63 28
1 24
2 51 60
3 30 15 48
3 34 60 58
2 34 46
4 46 48 51 69
3 49 55 37
2 34 41
2 43 33
2 63 77
3 30 24 39
3 34 59 61
2 72 15
1 42
1 70
0
1 53
3 57 40 73
0
1 31
4 38 72 68 46
1 68
1 33
0
2 44 71
2 42 61
2 63 31
3 31 49 33
2 49 55
4 41 90 46 54
0
3 8 37 51
5 38 46 52 92 78
3 46 59 48
2 39 75
4 75 74 54 27
2 68 41
2 48 72
0
1 57
1 57
3 50 17 61
3 29 22 45
2 25 52
3 62 70 44
3 23 17 97
2 82 48
3 40 46 39
1 19
4 64 34 54 68
3 24 65 62
1 74
3 64 43 36
2 55 50
3 84 75 46
3 55 47 42
2 30 23
1 30
2 53 19
1 24
1 44
3 38 22 74
1 63
2 42 30
4 81 95 0 54
2 55 42
2 27 47
1 34
2 59 79
2 35 33
2 61 50
4 43 63 13 36
3 47 51 86
3 51 55 53
0
0
3 39 23 61
3 70 38 33
0
1 38
0
3 61 64 21
1 78
1 42
5 47 58 37 46 26
5 31 64 32 53 81
1 64
0
2 78 52
3 38 50 31
2 80 47
2 58 87
2 86 70
0
3 51 76 56
4 81 92 2 73
1 53
3 57 41 94
1 59
5 33 32 52 9 61
6 56 26 68 56 52 52
1 22
1 58
0
1 28
2 46 37
1 32
2 32 64
3 9 70 56
2 40 35
1 38
3 76 66 65
0
2 58 18
3 63 37 32
0
1 54
2 46 88
3 60 44 52
2 8 37
2 70 50
3 88 46 51
3 44 19 51
2 25 74
2 69 60
1 62
3 25 58 35
0
3 51 43 85
1 10
4 32 47 16 8
1 28
0
1 35
2 43 38
4 49 12 68 70
2 65 61
3 80 13 30
4 65 60 47 38
2 75 58
2 18 50
6 58 9 87 45 74 41
1 65
4 58 63 25 70
0
1 60
2 42 48
3 54 53 67
1 25
0
1 56
1 44
1 83
3 30 69 55
1 47
3 33 42 35
2 38 64
3 30 12 46
1 73
4 42 57 58 71
1 43
1 54
1 73
4 50 45 28 23
1 10
0
1 21
5 66 21 39 24 16
3 62 43 48
3 39 25 80
3 47 28 39
2 49 55
3 54 63 74
2 24 59
0
2 53 56
1 43
1 29
0
2 16 61
2 29 24
1 35
2 65 64
5 27 68 51 49 88
1 50
2 46 51
1 83
3 54 7 47
3 48 34 40
0
1 41
2 40 75
2 34 81
5 42 47 67 35 46
1 71
3 21 55 31
1 24
1 22
3 25 36 43
0
4 82 60 56 49
1 66
1 59
1 16
2 83 58
5 43 33 62 32 83
2 66 31
2 38 17
2 49 53
2 70 23
2 50 32
2 36 44
3 50 53 29
1 31
1 65
1 22
3 47 72 49
4 62 41 63 65
0
4 39 48 92 80
2 58 60
2 38 60
1 66
2 65 55
1 24
0
0
2 34 44
1 28
2 60 47
4 74 42 30 50
2 37 54
2 22 79
4 72 57 35 35
1 27
2 25 9
1 63
1 56
0
5 17 34 40 49 18
3 41 57 32
2 42 49
2 61 50
0
0
3 79 57 67
2 33 78
2 25 27
0
5 42 63 55 87 60
1 22
3 35 50 58
3 45 99 24
1 54
1 30
4 79 76 34 65
0
0
0
1 33
2 76 11
0
4 47 40 4 35
3 65 50 52
2 46 21
0
2 25 44
1 40
4 76 22 22 27
1 58
2 66 43
1 73
1 54
3 19 72 14
1 40
2 69 61
4 64 54 4 16
2 52 42
3 57 62 58
3 71 46 95
1 61
1 28
2 73 12
2 78 85
0
1 58
0
0
2 30 83
3 8 69 48
2 58 63
1 43
2 54 25
0
2 56 20
1 15
0
1 39
2 75 50
5 36 41 81 48 34
3 52 48 20
2 48 1
5 36 43 44 84 52
1 27
5 36 72 64 17 40
0
1 62
5 73 61 50 33 36
2 43 31
0
1 55
2 73 69
4 55 17 53 80
0
4 21 57 50 39
0
1 58
1 66
0
2 84 30
2 17 92
1 59
1 20
0
2 35 44
1 56
0
2 64 48
1 67
4 69 51 65 56
1 44
0
0
3 35 59 21
1 48
0
2 31 27
1 40
1 83
4 39 66 62 60
5 26 43 54 22 64
1 57
2 61 65
1 60
0
2 55 77
0
3 80 26 53
2 56 48
1 66
2 83 35
1 59
1 47
2 52 77
2 43 63
1 55
3 19 84 64
3 70 61 51
0
1 32
2 28 86
4 3 69 39 44
3 46 34 30
1 62
0
1 61
3 55 42 36
1 48
0
1 67
4 51 21 68 70
2 77 93
2 70 74
2 51 51
2 48 48
1 27
1 33
2 58 42
3 81 48 89
2 25 47
1 49
2 61 55
3 18 61 28
1 75
1 80
0
1 41
0
3 38 16 0
1 84
3 37 28 39
0
0
3 24 50 54
1 56
2 93 60
2 46 42
2 56 18
2 53 42
1 47
1 22
0
2 53 46
1 34
2 71 49
0
2 40 46
1 29
0
3 56 34 80
1 73
2 45 55
3 60 28 92
0
2 18 48
1 58
1 28
5 74 48 77 21 69
2 29 44
3 41 19 38
2 43 37
1 58
1 98
1 49
1 11
1 36
2 78 80
0
0
2 43 46
5 9 51 40 41 52
0
3 44 20 61
1 53
0
1 46
1 81
2 83 74
3 59 42 89
3 55 43 64
1 56
1 68
2 49 28
1 26
2 75 41
0
3 14 43 50
3 39 31 94
0
1 64
1 28
3 69 61 62
0
3 24 85 46
1 59
5 51 63 72 85 65
1 65
2 56 39
1 41
1 67
0
0
0
0
1 65
2 32 84
2 40 46
0
3 70 76 69
0
0
2 35 44
2 46 81
1 29
1 46
5 58 47 48 53 35
1 71
0
0
2 90 72
1 71
1 70
4 54 26 51 70
2 43 42
0
0
4 47 51 52 53
2 25 50
