3600 4
1 59
1 46
0
1 9
2 52 24
0
1 41
1 45
3 38 53 67
0
0
0
0
0
0
2 48 21
0
1 57
4 75 43 62 62
0
2 56 52
0
0
1 38
2 63 44
2 68 48
1 82
1 74
0
1 59
0
2 43 39
2 57 53
1 18
0
0
1 18
1 62
0
0
2 43 77
2 53 46
1 37
1 42
1 66
2 59 56
0
1 68
1 63
0
2 30 40
1 73
0
0
2 45 23
0
0
0
0
1 53
1 59
1 44
1 75
1 29
2 50 65
1 46
2 73 75
1 34
0
0
0
2 42 68
0
1 54
0
1 53
1 52
1 31
0
0
0
0
1 57
0
0
0
0
1 74
0
2 57 87
1 64
1 91
0
1 39
0
1 28
1 48
1 52
1 28
1 35
4 54 47 41 76
0
2 40 12
1 66
1 84
0
0
1 41
0
1 62
1 33
2 33 63
0
1 20
1 24
1 67
0
2 45 59
0
1 47
1 49
0
1 29
0
0
1 43
2 36 65
2 90 59
0
0
0
2 46 74
0
1 64
0
1 45
0
1 37
0
1 23
1 48
1 52
1 20
0
0
1 64
0
0
2 26 66
1 55
0
1 43
1 10
0
0
0
0
1 59
0
1 90
2 22 57
1 64
0
2 50 75
1 37
1 44
0
2 82 51
1 12
1 69
0
2 62 71
0
1 51
0
1 61
1 50
1 42
0
2 47 78
0
0
1 59
0
0
0
1 47
0
2 44 78
1 57
0
0
0
1 82
0
1 62
0
2 70 65
1 76
1 48
1 59
0
2 55 28
0
1 50
1 53
0
2 37 54
1 16
1 53
0
0
1 9
1 28
2 38 52
1 53
1 43
0
0
0
2 77 70
0
1 48
1 30
0
1 31
0
5 32 46 77 26 43
3 24 39 16
0
1 61
1 65
0
0
0
0
0
0
0
1 43
0
0
0
1 65
1 51
1 21
1 43
1 47
1 49
0
0
0
0
0
0
0
0
3 65 23 63
1 68
1 66
1 49
1 8
1 64
1 52
0
2 41 61
0
0
1 75
0
2 5 34
0
1 45
1 40
0
1 62
0
1 85
0
0
0
0
0
0
0
2 11 100
1 45
3 51 51 92
1 43
0
1 66
0
1 47
0
0
1 46
0
1 48
0
2 40 56
3 36 43 57
0
0
0
0
0
0
0
1 56
0
0
1 100
1 69
1 87
0
0
0
2 21 75
0
0
0
2 30 33
1 72
0
0
0
0
2 70 47
0
0
2 70 38
0
1 42
0
2 9 28
0
0
0
0
0
0
0
2 41 59
0
0
0
0
2 63 21
1 57
0
0
1 62
1 37
1 32
1 67
0
2 91 43
0
1 45
0
0
0
0
0
0
0
0
1 27
1 74
1 46
2 77 54
0
1 63
1 47
2 65 49
0
0
0
1 89
1 53
1 36
0
0
1 75
0
2 69 42
1 45
0
0
0
0
0
0
1 51
1 50
0
0
1 88
0
0
1 98
0
2 51 37
0
0
1 41
1 56
0
0
1 37
0
0
1 32
0
1 71
1 9
0
1 51
0
0
1 75
1 41
1 19
1 51
1 70
0
0
0
1 55
2 67 67
0
1 42
0
1 44
1 31
0
1 81
0
0
0
0
0
0
0
1 84
3 68 45 69
0
1 59
1 54
0
1 17
2 59 54
0
1 64
2 61 74
0
0
0
0
0
1 32
0
1 49
0
1 49
1 59
0
0
0
0
1 63
0
0
0
0
0
0
0
0
0
1 55
1 54
1 29
1 74
0
2 30 64
1 49
1 73
0
3 64 22 49
0
1 52
0
0
2 42 43
2 28 31
0
1 92
0
0
0
0
0
1 35
1 76
1 31
1 43
0
0
0
0
0
2 3 83
0
0
0
0
0
0
0
0
0
1 64
0
0
2 52 41
1 86
0
0
1 65
1 25
0
2 57 73
0
0
0
1 55
1 87
1 49
1 52
1 15
0
0
1 28
1 57
0
0
1 84
0
0
0
1 43
0
0
2 66 45
1 57
0
0
0
0
0
1 28
0
2 13 39
0
0
0
0
2 28 24
0
0
0
2 65 34
0
0
2 35 37
0
1 34
0
0
3 62 52 51
1 41
0
0
0
1 45
0
0
0
0
4 51 35 57 53
1 76
1 58
0
0
0
0
1 51
0
1 29
0
0
1 36
0
0
0
0
0
1 38
0
1 40
1 52
1 51
1 86
0
0
0
1 66
1 47
1 78
2 38 48
1 75
0
3 62 46 58
3 33 50 47
0
0
0
1 73
0
0
0
0
0
0
1 48
0
1 18
0
1 57
1 39
1 57
0
0
0
2 67 22
0
0
0
0
0
1 21
0
1 46
2 25 49
0
0
0
0
0
0
1 46
2 24 37
1 31
0
0
0
0
0
0
1 40
1 53
0
1 67
0
1 47
0
0
0
1 48
0
1 53
3 20 37 61
1 81
1 71
0
1 40
1 22
1 46
0
1 80
0
1 66
1 33
0
0
0
1 34
0
0
0
0
0
0
2 18 56
0
0
0
0
1 31
1 39
1 29
0
1 58
0
0
0
1 54
0
1 40
0
2 18 27
1 22
0
0
0
1 66
0
0
0
1 14
0
1 55
0
0
1 72
1 49
0
0
0
1 86
0
1 47
2 41 16
1 46
1 9
0
0
2 16 40
1 31
2 54 45
0
1 69
0
3 69 24 55
1 53
0
1 52
0
1 20
0
1 80
0
2 60 63
0
2 41 53
0
0
0
0
1 51
0
0
1 88
3 50 75 44
0
0
0
2 76 65
0
1 21
2 59 20
1 60
1 34
1 61
0
0
0
1 81
1 65
0
0
1 44
0
0
0
0
2 39 79
1 36
0
0
0
1 68
0
0
1 65
1 51
0
0
0
0
0
1 38
1 74
0
0
1 75
2 57 79
1 32
2 50 50
0
1 40
0
1 50
1 54
0
0
0
1 44
1 89
3 15 38 70
1 45
0
1 39
1 34
1 21
0
0
1 71
0
0
2 25 39
1 49
0
1 20
1 35
0
0
1 34
0
0
0
1 54
1 75
0
1 43
2 70 28
1 55
0
1 42
2 45 19
0
0
0
0
0
0
2 13 68
1 32
0
0
0
2 51 30
0
1 29
2 71 57
0
0
2 80 48
1 13
2 31 28
0
0
0
2 51 43
1 48
0
0
0
0
2 43 47
0
2 45 24
0
0
0
1 77
2 50 64
0
1 66
0
0
0
0
1 47
0
1 40
1 28
2 22 38
2 56 61
1 38
0
0
1 39
2 44 27
1 86
2 100 50
4 65 3 71 73
0
0
1 31
0
0
1 39
0
0
0
0
0
1 45
1 41
2 78 66
0
1 74
2 52 56
2 60 28
0
0
1 38
0
0
1 62
1 71
1 55
1 35
1 68
0
2 61 46
0
2 26 52
2 52 54
0
1 50
0
1 17
0
0
0
2 65 86
0
0
0
2 17 62
1 56
0
0
0
1 57
1 53
2 45 69
0
0
2 47 67
2 61 52
0
1 51
1 61
0
2 64 19
1 40
1 44
0
0
0
0
1 44
0
0
3 75 32 25
1 71
1 66
0
1 44
1 51
1 29
2 57 14
1 50
1 69
0
0
0
1 52
0
1 58
0
0
1 83
0
1 45
0
0
0
2 68 37
3 49 39 47
3 29 47 27
3 16 56 61
2 42 44
0
0
0
1 44
2 78 66
0
0
0
2 51 27
1 36
0
1 65
0
1 8
0
3 47 59 51
0
1 54
3 22 29 94
2 66 58
1 49
1 61
0
3 69 79 66
2 22 77
1 61
1 26
0
1 63
0
0
0
0
0
1 73
2 38 73
1 26
3 69 40 45
0
0
2 53 50
0
2 42 75
1 54
1 72
0
1 67
1 74
0
0
0
1 68
0
0
0
0
3 30 46 41
2 24 71
1 78
0
0
1 41
2 60 75
1 31
1 16
1 60
3 64 37 59
0
1 61
1 64
1 67
0
1 71
4 27 64 38 32
1 58
1 43
1 63
1 27
0
0
1 47
1 62
2 57 79
1 86
2 45 16
2 31 59
1 60
0
2 83 10
1 9
0
1 56
1 82
0
0
1 70
1 59
0
2 35 9
0
0
1 12
2 64 43
0
0
2 46 40
0
0
1 72
0
2 70 59
1 66
0
0
0
2 29 69
1 49
1 20
1 42
1 37
2 43 56
0
3 27 28 38
2 62 6
1 53
2 73 44
0
0
0
3 48 57 42
1 55
1 53
0
3 57 65 16
1 76
2 51 80
1 35
0
2 54 41
0
0
1 17
0
0
1 29
2 66 54
0
2 39 86
2 55 13
2 35 40
1 67
0
1 50
1 59
0
0
1 38
1 46
3 41 5 16
2 58 61
1 33
2 44 54
2 31 47
1 44
3 49 71 47
2 37 59
1 54
0
0
0
0
2 48 38
0
2 92 58
1 17
1 65
3 65 39 56
1 38
1 21
1 51
0
1 51
1 28
0
2 70 31
1 29
0
0
1 36
0
1 74
3 45 56 23
2 11 62
0
1 63
0
2 16 7
1 26
1 74
1 89
1 59
1 68
2 43 15
0
1 8
2 26 99
1 70
3 62 41 78
0
0
1 56
3 79 53 46
1 35
1 38
3 51 96 66
0
1 48
1 66
0
1 67
2 43 78
1 26
1 70
1 26
1 20
1 59
2 31 36
0
2 83 36
1 69
0
0
2 66 31
1 46
1 40
2 34 93
2 11 22
2 50 47
4 69 34 75 59
1 62
0
3 20 64 75
1 50
1 18
1 39
1 36
1 27
0
1 52
2 47 84
2 71 31
0
1 64
1 37
0
1 52
0
1 65
0
1 87
2 73 77
0
0
2 15 67
2 52 18
4 44 54 54 66
0
2 19 40
5 33 33 77 77 8
0
2 54 32
1 64
2 23 59
1 73
4 53 31 91 62
0
2 52 57
2 56 76
0
2 67 30
1 22
2 87 59
2 32 50
1 62
0
1 79
1 51
2 57 44
1 50
2 12 45
4 39 54 70 40
1 43
2 37 63
0
0
1 36
2 55 55
1 75
1 16
2 73 32
1 22
0
3 41 61 40
1 47
1 95
1 31
0
0
1 62
2 39 59
2 59 77
1 38
2 33 59
4 45 15 51 43
2 42 25
3 67 56 30
0
1 65
0
0
1 22
0
1 23
1 70
2 53 66
0
0
0
2 31 43
2 35 46
1 25
2 38 49
0
2 65 11
1 33
2 68 41
3 19 51 35
3 40 44 84
0
2 65 60
1 36
4 22 46 53 9
2 25 68
0
1 43
3 50 54 31
0
0
0
0
0
1 49
1 66
2 48 48
2 36 73
0
1 22
2 56 68
1 35
0
3 32 46 21
1 56
0
1 35
1 21
0
3 67 40 82
1 46
3 25 23 50
1 52
2 58 67
3 56 44 38
1 3
2 85 59
0
1 79
1 35
0
2 36 43
3 76 25 26
2 45 34
1 69
0
5 58 28 55 50 57
1 83
1 27
2 63 70
0
2 65 56
2 60 51
1 7
4 66 55 38 47
3 38 82 82
1 41
0
1 43
4 48 54 94 32
2 66 13
2 59 38
2 37 53
2 47 65
1 29
0
2 69 56
2 52 41
0
0
0
2 24 48
1 60
2 40 58
0
1 67
2 31 24
4 31 64 50 73
2 77 77
4 26 45 63 50
1 57
1 77
2 64 54
2 37 13
2 43 25
2 54 59
1 55
3 90 49 46
3 77 31 35
2 57 55
1 48
2 81 75
1 21
0
1 89
3 10 78 47
0
2 62 44
1 35
1 53
1 28
0
0
4 69 9 52 56
1 79
1 23
1 45
0
2 77 64
0
0
2 44 36
3 72 46 30
2 39 64
4 51 80 19 32
0
4 31 87 41 69
3 67 6 91
0
0
1 34
3 57 96 56
2 51 38
2 56 82
1 76
2 63 21
3 18 59 65
1 51
2 70 38
1 33
1 78
2 51 24
2 57 53
0
4 46 97 38 26
1 44
1 44
0
2 54 50
0
2 53 63
2 76 20
0
1 27
1 39
1 40
2 47 9
2 34 52
3 51 48 34
2 38 89
1 50
3 44 40 41
3 64 60 53
1 44
5 82 70 96 7 37
2 72 39
1 62
0
0
4 75 39 67 48
2 55 42
1 35
1 29
1 77
1 82
2 20 26
2 63 24
0
2 42 43
0
3 58 75 28
0
2 50 60
1 58
3 57 64 60
2 42 2
1 64
2 56 52
1 27
2 55 54
0
1 59
0
1 61
2 85 65
1 49
2 90 73
4 49 49 67 28
4 41 72 46 75
3 51 29 45
2 63 73
0
5 58 31 39 32 15
2 88 82
4 66 30 52 34
0
3 46 47 54
1 35
1 54
4 50 33 59 49
1 59
1 27
4 73 60 51 29
3 60 45 44
0
4 51 54 46 54
0
1 90
1 61
2 62 30
1 46
2 24 64
3 80 38 64
1 59
4 53 93 62 39
0
0
0
1 67
1 42
1 24
0
1 35
2 12 84
4 77 66 25 92
1 14
0
4 24 74 47 46
3 45 61 52
1 90
1 73
1 56
1 18
3 35 50 62
2 28 55
1 62
3 69 66 49
1 56
3 27 20 1
1 23
0
1 19
1 54
0
0
0
2 43 60
2 36 60
2 50 6
1 27
3 67 66 44
3 26 23 62
2 83 24
3 61 44 38
5 51 32 35 78 71
4 44 83 23 54
4 45 81 27 52
1 70
2 41 9
1 63
0
3 85 64 15
2 72 69
1 26
1 74
3 75 62 62
1 40
2 2 69
0
0
1 69
3 57 51 78
0
3 28 93 29
3 7 19 50
2 67 76
6 65 29 42 53 45 59
1 47
1 14
3 48 53 38
2 35 17
2 46 56
5 53 63 56 52 37
2 60 53
3 21 61 56
3 25 41 59
0
1 47
2 90 67
3 40 77 60
2 58 69
2 63 51
1 43
2 42 54
1 47
1 8
2 29 39
0
1 63
0
4 37 59 36 35
1 65
3 44 58 48
0
0
1 99
2 45 64
3 21 42 69
1 59
3 65 46 49
2 73 87
1 40
1 91
2 42 65
2 49 58
0
1 50
3 42 28 17
2 76 55
2 26 58
1 37
1 77
0
1 89
3 49 76 39
3 20 80 30
2 43 57
2 58 75
3 69 59 35
2 75 59
3 37 57 46
3 51 33 64
3 45 36 23
2 57 28
0
5 89 56 83 54 34
1 60
3 51 42 55
3 27 64 20
1 36
0
3 74 48 79
2 44 26
2 50 64
1 50
1 54
3 92 21 62
2 52 79
2 18 56
2 54 48
3 39 32 33
3 10 66 55
3 72 37 14
2 41 52
4 68 20 4 97
2 49 62
0
0
2 90 77
3 54 20 85
1 50
2 68 53
2 59 19
3 35 65 54
3 63 36 60
2 45 62
1 19
5 85 61 47 45 44
4 35 39 89 57
2 42 61
2 39 66
1 40
4 29 25 48 32
2 59 50
1 48
3 24 80 81
1 37
1 60
3 29 51 62
2 53 52
2 92 66
1 51
3 56 56 47
0
4 44 40 49 32
4 33 71 57 66
1 67
2 43 38
2 42 39
1 51
3 37 70 28
2 48 45
0
2 87 52
1 64
3 76 37 15
3 26 96 51
1 70
1 32
2 61 21
0
1 51
3 44 53 49
1 60
1 42
1 60
2 55 61
2 25 63
3 36 44 34
2 75 44
4 93 35 60 46
2 29 87
2 65 52
2 56 57
1 29
2 55 72
4 81 84 35 31
4 21 56 63 41
3 23 79 0
3 61 54 33
2 51 23
3 47 35 49
2 55 47
1 12
1 94
2 62 47
2 74 72
0
1 59
4 56 44 60 71
3 53 71 13
5 62 24 41 44 39
2 60 38
2 45 84
2 10 88
1 48
1 43
0
0
2 55 35
1 38
1 35
3 60 33 38
2 52 42
3 70 14 99
1 59
1 60
4 73 49 54 46
2 43 31
0
5 42 36 91 56 59
2 87 34
1 44
5 56 17 49 69 55
1 43
1 44
1 29
1 40
2 69 27
3 53 62 66
3 50 68 82
2 17 43
6 40 60 59 38 19 59
2 78 58
2 44 65
0
1 48
0
4 24 47 30 15
2 65 37
2 44 59
3 50 43 44
1 40
1 47
1 62
1 40
2 51 17
2 60 66
3 46 37 42
1 43
2 30 46
4 55 29 35 98
5 71 29 36 53 57
1 21
1 50
5 44 71 58 68 32
2 49 39
3 55 18 59
4 33 51 36 65
4 59 15 24 67
1 48
1 91
1 62
0
0
2 21 48
0
3 12 39 53
4 35 67 71 64
0
4 51 72 75 81
2 64 12
1 61
1 60
3 59 15 53
0
3 82 27 71
3 29 28 61
3 20 73 48
2 23 41
0
3 66 45 37
5 61 21 37 93 44
5 66 39 62 75 51
2 72 78
5 45 59 59 23 84
3 35 42 50
1 31
4 77 62 43 47
2 42 73
3 56 73 42
5 33 54 69 72 68
3 57 70 23
1 35
2 32 79
6 62 39 49 87 57 0
1 87
1 59
1 6
2 42 42
3 65 51 27
2 31 55
3 69 49 46
2 41 49
3 63 69 54
1 37
1 56
2 53 38
1 4
2 46 31
0
2 46 38
1 21
1 28
2 94 45
3 71 52 18
2 43 20
2 46 23
0
2 62 47
4 26 61 30 51
2 15 71
2 24 84
1 36
4 35 38 59 43
5 66 57 7 59 67
2 57 68
2 56 49
2 65 47
3 14 63 58
3 35 36 33
0
1 46
4 80 42 22 56
1 27
1 77
3 61 80 54
4 49 68 65 48
2 64 43
0
2 59 56
3 32 62 64
0
1 69
5 60 58 46 31 55
2 6 49
2 46 13
5 63 40 59 3 50
2 23 46
0
1 38
2 55 61
1 75
4 45 47 33 26
3 38 42 48
2 37 79
0
4 81 31 37 70
4 78 54 2 62
2 26 56
1 52
0
4 84 80 35 22
3 37 53 47
3 50 73 61
2 53 22
3 36 83 50
4 58 20 66 54
1 62
2 95 57
3 65 45 58
2 52 58
2 47 53
4 49 60 68 65
3 49 49 51
2 36 17
1 60
1 23
1 70
4 30 21 81 50
3 31 52 54
5 50 69 59 63 39
1 9
2 44 33
1 79
1 52
2 51 50
1 45
2 36 29
3 32 43 69
2 46 33
2 46 40
4 74 94 23 82
3 16 80 31
1 46
2 38 29
4 29 69 48 39
3 53 87 43
2 86 56
2 55 10
1 41
1 55
1 63
7 69 50 76 76 20 56 57
1 53
8 26 32 26 64 41 43 57 33
2 78 44
3 41 53 46
4 58 36 50 82
3 80 52 59
0
4 59 50 88 46
3 42 60 64
4 41 39 78 47
0
1 35
1 59
0
1 50
1 58
5 29 36 50 44 23
1 44
0
3 62 70 74
4 47 41 32 41
2 72 61
1 53
1 73
3 8 46 45
3 42 40 67
1 22
1 50
2 70 5
1 70
6 49 2 75 61 39 49
2 8 55
2 61 46
2 66 52
2 51 60
2 45 49
2 70 71
2 63 85
2 58 64
3 9 71 47
1 62
3 84 68 52
6 1 75 67 58 15 38
2 34 50
5 54 31 35 57 69
5 50 55 51 57 45
2 49 49
4 29 56 62 60
7 47 52 50 35 71 40 14
1 58
2 0 48
1 58
2 72 46
4 72 60 51 71
2 69 42
0
4 17 76 57 53
3 53 18 52
5 69 17 59 31 45
4 51 54 37 52
0
1 83
1 74
1 65
2 76 75
2 63 75
2 25 87
3 43 32 58
2 57 51
1 49
1 60
3 93 53 29
2 52 21
4 38 11 48 23
5 59 67 42 38 58
0
5 77 35 62 30 15
4 39 56 29 84
4 49 71 63 19
1 50
2 43 34
2 48 42
1 46
3 10 80 37
3 72 43 64
4 17 29 49 41
1 57
5 49 59 72 15 25
5 61 80 74 61 52
0
3 30 46 52
0
3 71 17 52
2 57 84
0
1 54
3 52 33 71
2 32 62
0
2 56 54
1 52
2 64 54
1 78
2 31 63
0
4 39 44 54 53
1 62
4 39 27 52 81
1 66
3 47 44 80
3 54 54 37
3 54 51 49
2 66 42
5 48 34 62 62 39
4 36 26 29 1
4 68 94 31 75
7 38 68 55 73 90 48 52
2 52 41
4 25 55 50 18
0
5 33 77 10 59 40
4 52 53 53 29
2 73 61
3 75 75 73
1 93
4 72 51 70 26
1 45
1 36
0
4 38 47 40 56
1 56
4 68 39 54 87
0
1 51
2 70 47
2 30 73
2 55 90
1 43
1 75
3 28 47 56
4 37 51 41 20
2 64 16
4 44 48 38 57
2 50 80
3 39 67 49
4 50 48 44 44
1 53
5 56 64 38 61 60
2 48 52
2 53 55
1 41
2 21 63
2 40 63
4 70 32 57 61
1 46
2 33 52
1 33
6 47 26 28 45 43 61
3 62 32 47
1 65
6 42 35 28 84 35 57
3 59 15 60
4 77 40 84 36
2 24 67
2 54 42
2 39 86
2 49 59
1 91
1 33
2 53 25
1 64
3 65 53 0
1 27
0
4 81 65 36 45
0
2 39 44
2 38 87
3 43 77 52
2 45 42
2 53 72
1 74
0
5 36 47 33 29 76
3 65 76 32
5 62 85 81 53 86
2 9 64
3 41 59 21
0
1 10
3 17 58 39
6 34 39 32 6 60 45
4 70 46 61 59
4 69 40 60 56
2 74 71
8 70 32 32 58 58 76 60 48
4 38 65 35 68
1 55
5 30 38 56 52 41
4 61 57 31 81
0
3 46 59 55
3 60 56 25
0
6 48 79 48 66 47 22
5 89 2 26 76 80
4 57 42 59 75
1 54
0
3 72 68 72
3 76 35 46
4 77 39 21 30
0
3 48 65 63
2 47 29
2 26 36
2 82 18
1 50
2 44 59
1 48
2 67 71
3 1 67 50
3 86 31 94
3 34 29 26
3 51 18 74
0
1 56
4 58 41 74 63
2 37 58
2 66 50
2 71 50
1 68
2 36 75
3 28 69 50
1 70
1 40
3 52 40 18
0
3 61 26 51
3 51 47 85
3 46 47 30
2 44 59
4 22 65 43 40
2 51 26
3 69 70 50
1 9
6 61 57 76 54 61 62
1 50
3 40 58 81
4 39 28 54 75
3 54 36 62
1 21
2 45 37
3 48 14 33
1 37
5 29 53 56 61 7
3 56 66 16
1 36
2 99 26
2 55 59
1 45
3 34 60 49
3 55 30 90
4 18 58 56 31
0
4 25 54 30 21
4 62 53 13 44
2 11 26
1 43
2 66 72
3 28 78 43
4 71 21 29 60
1 65
5 51 43 6 67 29
3 60 40 70
4 72 11 56 43
2 42 26
3 59 59 65
0
1 62
1 85
3 44 42 46
3 35 8 65
0
2 44 53
8 35 58 59 45 60 42 67 33
4 49 52 57 19
3 19 67 38
3 36 65 78
1 46
3 34 44 54
1 21
2 22 35
2 50 42
6 53 77 56 10 55 25
4 71 39 53 60
3 38 36 53
1 40
1 60
1 31
4 56 43 20 44
1 45
3 49 57 44
2 60 27
2 58 81
1 78
2 55 65
1 74
4 35 65 58 11
2 42 56
0
3 66 40 26
4 54 47 63 64
3 43 50 95
3 50 49 67
1 67
1 33
4 62 47 4 60
2 28 33
2 33 56
5 51 71 48 42 75
1 31
3 69 42 51
6 58 40 59 48 30 60
3 32 33 22
1 37
4 27 43 61 38
2 54 74
1 69
3 79 29 40
2 24 17
3 83 81 46
7 36 48 13 75 63 47 48
2 55 8
1 86
1 63
4 36 51 51 53
3 49 30 27
3 35 66 64
1 61
2 46 69
2 51 37
4 53 32 69 71
3 55 40 81
2 53 16
2 47 65
1 84
1 43
3 69 43 41
2 59 53
2 46 52
4 39 79 60 50
1 68
0
2 40 35
5 19 47 59 49 16
3 63 42 34
3 53 40 28
4 69 77 46 42
8 69 8 93 46 49 56 12 52
1 52
0
0
3 44 18 42
2 41 55
5 65 8 51 36 35
0
4 44 26 43 67
3 5 65 55
4 51 52 42 55
0
5 74 47 40 10 73
3 46 40 60
1 47
2 72 25
2 44 72
1 7
1 40
4 86 59 65 29
1 51
4 50 87 42 61
4 40 62 39 40
1 42
1 74
3 53 67 59
8 38 42 61 60 62 17 82 39
4 44 44 66 71
1 45
4 34 66 40 57
2 41 4
3 80 75 72
1 61
2 65 53
5 7 32 67 46 57
2 59 45
2 51 15
1 48
3 83 49 59
2 54 62
0
0
1 36
3 51 43 80
2 41 31
2 16 52
3 42 28 42
3 16 36 83
1 21
1 51
1 35
4 59 65 50 73
1 33
1 30
4 77 83 19 69
6 23 58 71 48 30 27
2 54 70
3 55 83 35
4 87 58 69 48
0
2 43 56
0
5 34 86 74 58 37
1 35
2 46 27
1 42
3 4 80 57
1 83
2 35 77
8 61 60 52 60 82 96 28 54
3 83 47 31
4 94 46 59 42
2 50 70
3 7 80 77
1 26
2 33 36
6 56 2 40 83 62 36
2 50 61
2 53 57
6 64 26 72 31 81 47
3 46 40 65
2 41 66
1 89
5 26 3 45 56 37
3 69 67 17
1 70
2 44 39
1 41
3 61 56 39
0
2 34 29
2 25 31
1 12
2 52 18
0
3 32 56 24
2 63 67
1 52
4 78 40 36 47
4 37 51 49 21
4 14 29 49 99
2 53 63
3 47 32 40
6 62 35 66 45 36 64
3 2 47 55
3 73 63 36
1 32
3 70 60 70
2 46 77
2 5 69
4 26 67 26 34
3 31 78 49
4 27 24 14 61
5 62 93 46 14 54
2 58 56
2 90 39
3 41 38 46
2 57 69
3 31 48 48
1 30
3 37 43 26
0
3 73 29 58
3 77 48 55
2 37 22
1 42
2 32 37
1 40
3 63 17 35
3 35 48 40
2 84 38
3 23 22 48
3 91 37 52
2 43 67
2 66 46
2 45 58
1 67
2 38 45
3 16 60 57
1 81
2 51 68
3 46 62 74
2 46 43
4 65 37 46 52
3 38 47 47
2 73 68
4 48 16 48 73
4 49 59 70 38
0
2 52 35
5 63 53 54 82 32
4 55 47 61 65
3 82 27 78
2 55 9
3 23 78 54
1 74
3 87 42 79
1 61
1 13
1 47
3 71 36 39
2 48 55
1 64
1 28
3 48 18 62
4 86 70 83 71
4 33 56 63 43
3 28 53 77
2 74 57
1 19
1 49
2 27 67
3 42 35 69
3 57 51 76
5 53 31 59 57 65
3 47 60 29
3 52 10 28
2 27 72
6 55 71 70 39 17 21
1 46
1 85
3 23 79 65
2 57 40
0
4 51 46 59 63
1 23
3 63 43 46
1 30
4 58 64 39 83
0
3 15 61 88
1 50
2 52 74
2 17 41
4 63 69 66 47
5 67 57 81 46 61
0
2 36 40
4 20 68 62 60
3 63 48 84
3 96 54 30
3 39 57 52
4 79 74 31 78
5 57 68 52 41 92
2 52 48
2 66 46
0
5 55 50 38 61 38
2 56 42
0
3 16 39 56
1 36
3 28 56 55
4 63 61 92 41
5 37 43 42 54 53
2 28 59
0
2 41 39
2 44 55
0
5 45 84 76 42 50
2 83 14
3 51 37 25
3 72 55 31
5 36 54 21 50 78
2 85 80
3 24 39 65
1 45
3 52 64 21
4 43 51 59 29
1 64
1 76
2 43 95
3 34 44 86
3 40 38 43
3 54 65 50
3 47 69 46
9 53 85 64 26 64 85 77 54 64
1 57
4 49 70 85 48
0
1 79
1 48
0
4 15 25 61 51
2 56 57
0
3 58 73 20
3 32 40 30
3 78 31 31
1 51
2 49 57
3 75 25 45
3 45 70 87
3 64 37 34
2 13 78
4 26 84 69 62
1 84
4 32 22 60 45
3 34 39 46
2 63 40
0
1 69
1 38
1 67
1 53
3 34 37 54
3 47 81 38
1 80
1 47
2 74 76
0
6 36 50 48 68 51 50
1 66
1 5
2 65 49
3 53 71 75
3 43 45 36
3 45 56 72
4 57 28 66 63
3 73 46 36
1 65
3 86 42 47
4 32 10 60 32
4 20 15 76 56
3 63 64 73
3 27 45 36
4 60 46 84 38
2 47 39
3 31 17 21
3 62 61 21
1 79
3 77 78 71
1 56
1 25
6 50 19 61 75 3 50
1 42
2 37 82
1 21
1 55
1 62
6 51 48 47 53 85 25
0
2 61 43
2 68 75
2 53 34
6 68 57 22 51 27 72
1 31
3 58 9 45
0
0
1 60
2 43 34
2 90 71
3 33 71 54
3 34 8 28
4 31 46 42 65
2 47 58
0
3 67 25 37
4 22 40 93 63
1 34
3 30 60 43
3 26 80 33
1 30
4 12 46 11 66
2 94 42
2 75 60
2 29 27
1 25
2 53 50
2 67 35
4 32 68 43 23
3 63 72 44
4 22 50 45 53
4 70 87 51 53
1 64
7 53 44 83 40 48 37 29
1 41
2 65 79
1 62
4 55 48 94 70
6 58 24 44 46 51 30
1 34
2 77 67
1 47
7 78 21 59 16 39 71 88
2 52 75
1 73
2 25 92
2 68 75
3 29 70 47
2 40 68
0
1 71
0
4 53 40 63 86
1 49
4 44 12 85 23
2 50 53
1 19
2 56 60
5 79 62 66 82 69
2 59 82
2 39 50
2 65 73
2 70 24
2 55 33
2 81 53
1 44
2 61 48
3 44 72 65
2 37 79
3 51 24 32
4 54 54 48 34
2 61 44
5 28 48 83 45 42
1 45
3 41 70 42
1 26
4 80 52 86 7
1 58
2 72 23
3 95 44 65
2 36 36
0
2 23 80
2 30 52
2 64 75
2 48 51
4 81 30 50 30
0
1 34
1 48
2 38 57
2 67 32
4 36 36 73 60
1 24
0
4 55 63 26 42
2 75 46
2 55 37
1 22
1 47
1 27
2 69 54
3 45 57 77
4 39 27 47 60
2 24 29
5 60 55 47 24 57
3 43 58 75
4 49 24 46 36
3 36 45 56
7 27 31 31 59 45 69 24
0
2 38 33
4 8 38 28 37
3 43 33 39
3 66 28 51
1 26
4 50 32 40 55
2 25 59
3 51 49 45
2 68 13
1 78
2 47 52
1 95
1 63
1 33
3 38 63 68
3 84 68 57
1 71
2 25 23
0
1 36
5 35 66 55 81 54
1 46
2 39 59
1 20
2 62 34
3 41 59 34
7 86 55 52 51 29 40 86
3 21 28 37
3 56 51 35
1 60
2 29 30
2 70 73
3 42 47 53
3 18 41 58
1 59
2 80 67
1 61
2 78 49
1 20
4 48 63 54 57
2 31 82
2 5 37
4 49 69 64 37
2 54 71
4 68 22 7 36
4 57 36 59 24
1 81
2 80 49
4 43 57 15 99
2 34 22
2 32 62
2 54 86
1 53
3 62 62 71
0
0
2 30 55
2 24 63
4 81 78 59 30
1 80
5 50 9 46 34 73
2 61 53
1 30
3 52 58 32
2 61 62
4 67 71 34 39
1 49
1 42
1 81
0
1 73
2 68 65
3 24 45 44
2 61 47
6 71 28 80 84 62 71
3 26 0 84
2 43 51
1 41
1 55
2 41 27
3 58 76 69
3 44 43 43
2 88 76
1 87
1 54
4 50 39 56 26
0
5 31 33 35 35 50
1 62
0
1 56
1 63
5 92 36 65 92 80
2 87 60
2 75 23
2 69 43
1 48
3 74 89 40
0
0
2 79 90
0
3 20 24 62
3 58 38 93
3 64 70 80
4 30 49 39 93
2 69 53
2 55 42
2 60 85
0
1 46
4 46 28 52 16
2 68 39
2 73 54
1 57
2 93 40
2 3 51
1 35
3 36 61 39
5 46 37 70 58 49
3 70 45 49
4 47 42 76 65
1 72
3 77 46 55
2 31 27
3 41 37 28
2 22 75
2 50 0
3 31 53 48
1 18
2 0 60
2 65 31
1 62
1 83
3 49 64 47
2 34 68
2 87 45
3 54 76 27
1 51
0
3 12 73 43
1 59
3 38 26 40
1 49
3 58 43 40
2 68 65
6 23 88 73 66 27 60
3 15 65 83
1 64
2 64 67
3 47 52 60
1 71
0
2 80 56
2 42 38
0
2 64 64
3 47 16 41
3 54 84 40
2 57 66
3 53 56 45
1 26
1 55
0
2 26 8
5 30 75 38 46 32
2 73 61
1 71
4 40 65 64 81
3 49 24 56
1 38
1 86
1 22
3 14 44 70
1 68
1 36
1 33
1 37
3 83 30 51
2 58 43
2 62 48
0
2 49 33
2 54 59
1 45
0
3 20 32 27
4 51 13 45 26
2 61 35
1 26
1 46
2 44 35
3 41 25 67
2 93 79
5 20 78 52 49 49
0
0
2 45 89
2 23 26
5 24 68 37 39 28
0
4 35 53 68 33
2 20 75
4 48 59 50 45
4 77 60 37 27
2 33 68
3 65 71 6
2 43 42
3 30 25 62
2 68 46
1 61
2 56 44
0
1 45
4 66 56 95 63
1 56
0
5 66 53 19 44 35
2 28 19
2 65 53
1 94
2 76 23
1 88
1 26
1 31
3 22 28 42
3 38 51 55
1 26
1 22
2 33 50
3 15 41 15
1 64
2 73 27
1 30
3 61 48 56
3 55 46 49
1 57
1 18
0
1 59
1 54
2 62 79
3 42 70 38
3 55 88 56
3 70 75 62
1 74
4 54 49 44 44
4 32 31 61 47
1 36
3 26 17 68
1 76
2 42 67
4 59 39 17 38
0
1 48
4 82 43 56 24
2 73 45
1 43
2 40 41
3 77 56 65
0
2 47 59
2 53 30
2 56 41
3 67 52 25
1 33
1 32
0
3 43 95 57
1 27
0
5 15 68 15 49 46
2 57 27
1 36
0
2 33 36
3 58 65 42
3 37 24 55
2 24 46
2 20 60
0
3 43 62 88
1 33
2 63 56
2 23 69
0
1 54
2 34 36
1 78
2 43 45
0
0
3 42 39 32
4 15 60 83 67
2 43 56
1 71
1 90
0
6 37 27 14 71 73 28
2 22 53
0
4 63 39 82 35
4 50 43 25 20
0
2 83 30
1 83
2 56 71
1 58
1 35
4 62 29 58 21
1 50
3 53 57 46
1 65
2 40 20
1 17
2 69 35
0
0
1 37
1 61
4 71 49 55 64
3 55 75 56
1 49
6 66 37 73 65 55 42
2 27 49
2 25 52
2 52 88
2 57 40
3 24 53 46
2 66 40
1 61
0
2 56 62
4 58 52 24 58
1 66
0
0
1 49
1 50
0
1 48
2 36 30
4 48 27 12 56
0
3 60 24 68
1 32
2 41 63
4 69 61 87 78
4 47 55 61 64
2 67 96
1 40
0
2 33 68
1 61
2 45 23
0
1 46
3 33 42 88
0
3 74 56 79
5 22 44 73 15 67
1 59
2 38 47
1 26
1 28
2 54 27
1 41
3 97 51 70
0
2 35 35
0
2 29 36
3 40 43 62
2 26 64
0
2 32 80
2 63 80
1 61
1 52
1 64
3 57 80 19
2 59 47
0
2 38 97
2 49 30
1 33
1 54
3 42 44 38
2 42 65
3 43 48 35
3 33 67 78
2 59 69
0
3 34 38 59
0
2 26 72
0
3 53 67 22
1 49
2 29 72
1 48
2 39 73
1 43
2 39 65
1 50
2 54 81
2 18 75
2 71 30
1 38
2 21 11
2 65 64
1 63
0
0
1 47
1 39
3 81 55 40
2 54 56
5 43 14 79 19 44
3 27 51 42
3 41 63 23
0
0
2 71 31
5 37 87 37 56 99
1 38
3 39 44 46
3 24 42 20
1 35
0
0
2 36 50
1 30
1 49
2 42 79
4 48 39 43 56
0
1 60
1 57
1 72
1 14
2 52 21
0
4 36 7 51 57
2 20 48
3 44 68 76
4 39 68 71 43
0
2 54 20
1 52
2 44 60
2 43 26
3 47 36 74
0
1 94
1 77
0
2 67 23
3 19 70 36
1 53
1 59
1 61
2 90 39
1 61
1 54
1 33
3 83 42 15
1 90
3 31 37 39
1 57
5 27 58 50 49 33
0
1 43
1 36
3 41 100 55
1 71
1 82
1 27
0
1 42
1 54
0
1 68
3 49 35 41
2 41 45
2 68 28
1 58
0
4 47 53 71 68
2 67 64
1 80
1 78
2 45 47
0
1 52
3 41 70 75
2 89 37
0
4 48 84 99 43
2 36 30
1 76
1 54
2 54 43
2 11 29
0
0
0
2 51 43
0
1 21
2 41 76
2 57 47
1 68
2 37 51
2 48 52
1 55
3 51 56 44
3 42 68 40
1 56
3 30 63 30
3 19 65 85
2 56 47
0
0
2 78 24
0
3 24 43 30
2 47 75
1 66
0
0
0
0
0
1 43
1 45
1 42
3 59 62 77
1 41
3 39 75 56
4 33 79 59 47
1 97
2 44 64
3 72 38 68
2 53 47
0
3 63 83 59
0
0
3 52 3 40
1 66
1 39
0
1 51
0
1 66
2 36 50
0
2 8 14
1 10
0
1 27
3 44 69 30
1 74
3 67 40 65
2 45 43
0
0
2 63 37
0
0
2 82 66
0
1 41
1 47
1 29
4 28 60 32 50
5 66 30 54 43 21
0
1 37
1 53
1 44
1 50
1 19
3 40 66 30
1 53
0
1 30
2 74 75
3 35 30 14
1 22
2 73 44
0
2 37 51
2 39 48
2 36 51
6 42 37 21 67 26 52
0
1 48
1 66
3 43 83 56
3 54 60 60
1 33
1 54
1 80
0
1 50
1 51
2 70 74
0
1 76
3 52 79 47
0
1 32
4 41 91 49 34
1 52
0
1 65
2 59 67
4 59 28 72 48
1 51
1 45
0
2 69 74
0
0
0
1 55
1 31
0
1 46
2 24 48
1 70
0
2 72 54
0
3 71 56 68
2 48 49
1 52
2 11 50
1 41
2 41 76
0
0
1 77
0
3 47 32 10
2 10 72
1 43
0
0
3 53 46 62
1 87
0
1 71
3 53 27 43
1 42
0
1 42
3 63 29 56
1 32
0
1 68
0
3 70 59 42
0
0
0
2 24 43
2 87 26
0
0
2 40 26
0
1 78
1 61
1 81
2 40 41
1 53
1 51
1 38
2 53 59
0
1 35
1 41
0
3 33 57 54
3 12 6 46
1 73
0
2 37 66
0
2 60 21
2 34 77
1 83
1 43
0
1 50
1 38
1 95
3 50 52 72
3 29 41 38
0
0
0
0
1 36
1 50
2 72 45
1 60
2 49 70
1 57
2 80 36
1 56
3 66 14 50
1 81
1 35
0
2 42 47
3 34 31 65
0
2 32 67
1 38
1 53
2 39 17
1 13
1 32
0
1 70
2 64 55
0
1 70
2 18 78
1 11
1 65
1 19
1 45
0
1 35
1 79
0
0
0
0
0
3 55 67 58
2 80 39
0
0
2 22 38
1 56
3 43 71 75
2 77 72
0
3 39 61 23
0
2 80 17
1 53
0
1 84
4 41 40 31 15
2 27 69
1 23
0
0
0
1 23
2 23 41
1 28
0
0
0
2 84 65
1 56
1 46
2 76 21
1 52
1 50
2 49 54
2 62 50
0
0
1 84
0
1 60
0
2 32 67
0
1 18
2 52 45
0
3 8 48 35
1 25
0
1 33
1 77
1 59
1 39
1 39
0
2 61 42
3 30 74 77
0
3 38 34 22
0
1 17
1 95
0
0
2 49 45
2 79 36
0
2 55 38
1 35
3 48 14 31
2 64 33
0
0
2 18 43
0
1 78
0
1 43
1 22
0
1 76
0
0
2 92 52
1 62
1 12
0
1 38
0
1 79
1 86
0
1 40
