3600 4
1 66
2 21 75
2 50 48
3 50 55 39
2 60 29
1 55
2 57 54
1 46
2 18 59
4 54 81 79 72
4 31 52 23 52
2 22 48
2 47 55
0
3 76 40 70
2 47 60
2 52 38
2 58 66
4 63 20 22 43
0
6 1 55 24 59 21 63
2 18 51
4 41 36 47 41
3 15 37 57
2 50 66
1 21
4 72 64 72 18
2 41 34
2 62 31
1 86
3 32 57 57
0
0
3 46 26 32
3 53 43 58
2 74 54
6 80 41 25 61 26 46
0
0
1 33
4 16 43 33 58
2 30 77
4 48 41 93 60
1 65
4 48 14 53 39
3 60 33 41
3 52 47 16
1 11
2 57 37
5 60 55 82 32 44
2 31 44
9 5 35 53 31 37 35 7 45 66
1 49
2 41 88
2 28 85
2 64 86
3 33 55 37
2 70 56
1 100
0
2 27 78
2 76 36
3 68 82 37
3 74 54 51
2 19 68
3 48 63 53
2 67 20
2 69 51
0
5 10 43 59 75 41
0
4 65 36 41 62
1 37
2 31 79
4 37 64 50 14
3 69 82 39
3 55 78 42
1 71
1 42
3 32 38 35
5 84 93 35 79 87
2 71 66
0
2 41 42
3 38 20 32
3 35 51 30
3 60 74 59
3 82 26 94
2 51 75
3 80 60 75
0
3 57 68 69
2 51 65
0
2 26 41
3 75 52 13
5 20 47 46 63 64
0
1 33
2 82 30
1 66
3 61 46 54
1 24
3 57 57 62
3 37 38 52
1 86
3 21 11 12
1 67
2 45 47
2 36 59
4 58 25 61 70
6 11 35 78 53 43 1
2 45 56
2 74 84
4 47 47 51 41
0
0
6 27 50 37 86 46 73
4 23 31 31 52
4 90 54 26 36
3 69 67 57
3 31 70 3
6 84 38 62 46 35 35
4 51 51 48 26
6 65 38 30 32 9 53
2 34 69
1 46
1 30
1 64
4 82 93 61 55
5 33 80 75 60 58
3 42 77 62
1 59
4 42 45 64 31
1 57
3 79 28 51
2 47 32
2 42 55
5 31 39 88 56 77
1 64
3 78 35 17
1 11
4 61 82 30 79
4 47 30 47 54
6 42 27 95 69 58 62
3 13 58 55
1 38
1 55
0
3 46 13 55
5 49 73 47 90 30
1 67
1 55
1 76
4 22 63 53 59
2 60 79
1 50
3 26 30 78
2 50 92
0
4 70 15 74 74
1 55
3 51 61 53
1 72
2 60 47
1 55
4 43 28 45 48
3 37 21 67
1 53
0
2 64 34
4 44 49 68 47
1 45
1 23
3 45 78 75
2 86 44
3 45 65 24
3 26 55 23
3 23 78 12
3 78 60 49
0
7 36 37 39 42 64 37 72
5 52 28 28 61 68
2 52 65
2 43 57
3 56 53 33
0
2 30 56
0
3 79 34 38
1 82
2 37 44
1 49
3 53 42 49
2 49 25
5 81 49 53 66 34
3 73 1 39
3 45 61 54
6 67 6 59 64 67 40
3 47 58 42
5 46 85 60 44 41
6 56 97 61 69 57 40
1 60
2 27 35
4 68 65 59 66
0
1 47
1 42
3 53 84 63
2 64 77
6 51 46 75 65 75 50
0
1 77
1 53
2 54 53
3 67 54 57
7 12 19 42 47 62 37 65
4 60 18 64 62
3 29 49 28
2 50 53
1 72
1 75
1 69
3 41 45 85
2 51 30
2 37 70
2 27 71
2 83 47
1 45
0
1 29
1 30
2 42 20
1 74
5 46 34 67 51 76
1 77
3 29 37 79
4 77 43 18 37
4 54 44 49 38
3 40 82 90
2 69 62
2 65 45
2 64 57
4 22 67 59 25
2 23 49
1 49
4 28 44 62 84
3 25 46 37
2 56 19
5 66 20 15 36 37
2 90 78
4 59 47 50 55
4 47 43 41 47
2 60 36
2 62 17
0
1 56
1 35
3 63 29 50
7 61 34 33 36 31 38 68
2 26 48
3 43 26 35
3 29 71 31
3 61 55 66
1 27
4 75 53 39 55
4 58 41 82 53
2 36 44
1 100
1 69
4 46 62 57 43
1 32
3 55 22 87
2 79 36
2 50 67
0
2 49 43
3 45 85 54
4 31 44 33 63
1 54
4 43 74 77 36
0
2 88 57
7 27 92 24 50 45 51 51
5 39 22 48 53 45
1 37
2 28 58
3 65 35 23
4 61 29 76 63
4 25 73 55 69
5 86 34 63 23 57
1 36
0
2 46 67
3 93 37 95
0
2 56 79
2 84 54
5 55 43 67 32 52
3 59 66 95
3 67 62 57
2 79 27
5 58 29 71 93 42
5 12 40 76 75 50
2 69 59
2 84 53
1 77
2 44 29
4 71 81 50 47
2 74 45
3 69 31 58
0
2 47 43
5 7 30 76 57 67
2 25 55
2 51 14
2 19 13
3 77 44 43
3 61 83 59
5 26 42 43 72 6
4 33 36 63 7
1 31
2 25 69
6 62 77 48 48 53 34
2 47 48
2 59 63
3 47 61 63
0
0
4 87 75 28 54
3 42 56 66
1 4
1 92
7 24 46 63 36 79 83 65
2 60 96
2 25 40
2 60 37
1 42
5 71 58 40 38 44
2 55 50
0
1 30
3 48 47 68
2 54 18
5 60 69 56 64 48
2 63 60
5 65 38 25 55 57
3 45 98 33
3 52 59 57
4 69 17 53 72
2 53 50
3 61 54 68
2 35 86
2 39 80
1 12
4 32 60 49 67
0
1 72
1 70
0
3 49 75 55
2 51 40
4 68 34 70 13
3 41 45 58
1 37
3 42 77 42
4 53 88 43 56
4 30 53 68 11
2 23 39
1 18
1 26
0
5 38 57 56 41 48
3 31 48 7
2 70 90
3 51 1 72
2 53 6
1 23
3 15 6 37
5 43 36 38 28 55
1 77
3 44 20 19
1 74
2 42 46
1 41
2 16 45
1 59
2 22 70
0
4 39 63 88 55
3 68 72 55
3 58 63 32
2 44 66
2 20 39
6 35 72 50 36 33 43
3 88 86 36
3 54 29 89
4 73 39 75 51
1 35
3 52 30 36
1 69
1 31
4 50 26 38 54
1 33
7 12 68 60 30 15 62 7
4 86 32 63 58
3 53 76 72
5 33 55 51 57 63
4 10 43 57 69
3 34 66 46
1 38
1 25
4 36 52 80 50
2 75 63
2 41 16
2 21 77
2 55 85
2 20 42
0
3 57 60 82
1 65
1 40
5 35 53 45 22 28
1 44
3 45 76 35
6 48 45 42 55 49 50
1 27
2 49 44
2 48 68
2 86 51
0
7 39 74 48 31 71 45 75
3 56 50 79
2 81 72
1 57
1 56
4 61 48 30 46
3 65 64 56
4 51 85 19 32
2 66 60
1 44
5 40 51 23 60 63
4 28 76 95 62
2 49 10
1 63
2 41 73
2 44 95
2 41 50
2 13 47
2 30 39
3 44 85 41
5 25 29 45 65 60
1 37
2 78 56
0
4 46 63 95 44
2 65 17
0
6 67 38 40 17 8 67
2 18 53
2 38 72
3 67 36 57
2 48 44
4 54 44 39 66
4 43 52 62 41
3 12 75 65
1 44
3 68 12 69
4 51 72 78 84
0
3 64 79 65
2 27 79
4 37 62 17 60
3 51 56 34
2 44 90
1 39
2 43 57
2 52 46
0
4 30 50 45 74
5 32 82 63 67 17
0
0
1 63
5 28 34 40 37 25
5 72 76 64 23 46
2 44 54
3 43 10 39
0
4 46 37 55 10
2 42 44
2 86 33
2 59 70
1 60
4 52 78 49 49
2 54 61
2 11 96
2 75 59
3 19 31 87
3 50 68 74
1 68
2 53 50
3 62 58 71
4 76 56 39 68
4 77 55 90 28
4 10 58 97 51
1 74
3 32 25 47
1 37
2 53 31
2 57 52
2 40 46
1 37
1 37
0
2 55 57
4 44 61 34 30
0
4 37 63 44 43
3 56 54 61
2 22 22
2 26 60
4 57 46 70 49
2 52 78
3 46 60 33
3 57 15 50
3 43 50 49
3 49 44 70
2 35 41
1 70
3 36 46 16
5 55 24 61 55 53
3 66 44 41
3 20 45 69
2 35 51
3 69 77 71
4 45 51 46 26
3 55 19 48
0
2 43 57
1 56
3 43 55 44
3 33 28 88
4 69 50 31 42
3 37 51 70
4 14 67 35 64
2 87 78
3 65 79 99
3 90 20 95
4 69 44 58 77
1 83
2 64 52
1 29
3 56 78 54
2 46 77
5 46 47 44 74 48
2 42 13
0
1 50
4 71 50 75 33
1 67
3 25 46 82
0
5 59 5 74 41 41
1 64
2 37 39
1 25
3 29 60 49
6 28 62 46 96 59 34
2 79 10
1 39
2 60 34
2 77 66
5 59 50 51 60 57
2 59 11
4 41 90 28 61
2 57 11
0
2 69 55
3 43 39 87
2 33 72
4 46 36 31 71
1 41
4 64 54 10 42
3 25 53 72
2 51 48
3 43 43 35
1 3
4 58 29 54 26
2 63 44
2 38 61
3 41 56 57
3 54 35 41
0
0
3 15 40 34
2 56 84
3 30 68 64
2 32 29
3 71 49 12
3 68 57 52
3 78 28 16
2 66 44
0
4 78 30 54 80
2 98 66
3 86 92 46
2 21 91
4 6 75 73 60
2 70 27
2 66 17
4 73 28 33 82
2 45 44
1 78
3 33 83 40
1 58
1 32
5 33 63 67 37 60
2 59 32
3 76 22 70
3 23 77 6
2 62 97
2 68 15
1 57
4 50 74 47 63
0
4 54 56 47 69
2 47 86
1 58
4 51 53 70 67
1 46
4 83 77 59 34
1 57
0
1 41
2 55 23
0
2 73 42
2 65 17
4 47 38 92 22
1 74
2 22 52
6 58 68 47 56 52 47
2 31 53
2 46 44
1 36
3 80 45 51
4 55 51 44 71
2 56 63
1 92
2 55 8
4 87 46 11 59
7 47 48 47 81 52 37 57
5 28 10 82 57 54
3 62 67 62
2 35 4
3 73 42 69
3 79 63 43
1 48
0
1 43
3 51 18 67
1 42
2 71 78
2 43 37
2 59 40
2 53 53
1 74
2 38 35
4 41 78 46 45
3 59 74 26
2 45 43
5 57 80 75 33 47
0
2 33 50
2 60 65
1 63
5 24 79 58 51 55
0
2 37 59
2 48 55
1 20
3 41 19 57
3 61 62 45
1 73
2 41 68
7 41 28 39 62 20 39 80
5 48 71 27 69 61
2 65 62
0
3 28 15 39
2 44 24
0
3 41 74 52
1 47
0
5 81 63 65 67 34
2 39 40
2 45 61
1 32
1 28
1 54
3 42 60 65
3 49 60 54
4 51 47 27 89
1 37
4 61 55 90 16
3 57 57 37
1 31
2 59 43
1 37
2 29 62
0
1 75
2 36 18
6 65 65 57 17 32 60
2 54 63
2 73 59
3 48 33 36
5 58 11 49 65 76
1 34
1 32
5 70 10 37 81 51
0
4 56 44 29 39
1 96
1 61
5 85 65 39 37 61
1 44
2 92 60
3 52 39 55
0
1 38
2 58 72
3 35 60 43
1 33
1 46
0
0
5 69 58 56 41 21
3 38 32 42
1 78
5 36 14 26 29 61
4 78 62 58 65
1 20
4 8 21 31 79
5 25 26 44 46 34
3 64 63 67
2 56 30
2 65 33
2 57 45
3 30 49 29
4 54 54 71 56
5 70 29 68 11 57
2 84 51
1 46
0
3 29 40 67
1 62
3 41 63 56
2 28 44
3 28 41 41
3 65 51 9
1 43
2 28 63
2 52 53
0
5 63 52 40 5 33
2 57 67
1 33
2 52 73
1 92
1 84
3 55 41 36
1 40
0
3 76 38 74
1 44
2 41 51
2 43 51
4 64 74 40 40
3 14 30 11
2 82 23
2 53 40
3 42 76 45
5 58 34 33 7 66
2 66 27
1 26
3 61 56 0
2 42 31
4 74 54 26 47
2 56 20
3 70 42 57
1 67
3 85 56 60
3 57 38 53
2 50 60
1 51
4 40 70 50 51
1 78
3 47 14 48
0
2 36 74
1 30
0
3 65 81 33
5 55 30 45 66 63
2 59 34
1 71
1 54
3 63 36 65
2 45 44
1 21
3 51 40 54
2 29 17
1 14
1 28
1 42
2 63 42
1 6
1 44
2 72 29
3 56 64 35
1 57
4 57 53 65 40
3 52 40 71
4 74 37 36 57
3 35 45 59
2 16 46
4 99 27 67 18
2 50 25
1 75
2 51 77
3 28 74 24
1 15
3 55 29 83
2 23 51
2 51 70
3 62 35 18
5 22 59 52 5 58
1 74
2 32 72
2 37 62
1 72
2 75 50
0
0
0
1 16
4 70 36 99 39
0
1 7
1 49
2 59 76
6 16 43 51 55 85 32
4 22 23 53 4
5 30 41 50 55 96
3 91 12 82
0
2 33 60
2 45 55
4 53 57 44 59
2 59 28
1 77
2 27 64
1 78
2 59 55
1 45
0
1 24
3 76 51 53
1 79
1 80
4 62 64 61 54
3 22 75 18
3 44 16 52
0
2 30 35
2 72 66
1 48
4 59 50 44 67
2 17 50
3 35 66 41
1 40
3 50 29 41
1 77
2 42 67
1 38
3 37 53 69
3 73 29 42
5 10 36 64 38 58
1 49
1 62
4 22 76 37 77
2 25 62
2 15 82
5 55 51 54 47 60
0
1 4
1 55
1 54
3 68 51 70
3 91 58 13
1 72
3 54 64 62
1 35
3 17 34 41
1 38
0
0
4 24 62 52 79
0
1 39
3 79 27 62
1 56
1 57
4 34 52 52 39
1 25
1 43
2 37 51
1 72
3 58 41 44
2 74 65
2 73 34
2 50 46
3 32 35 39
2 54 44
2 73 40
2 56 89
2 76 44
3 32 59 42
5 48 38 25 37 17
3 53 65 48
0
3 55 47 20
3 65 45 56
2 71 97
3 59 85 72
1 49
3 51 71 28
2 68 34
1 51
3 54 12 50
3 68 32 57
0
1 41
2 57 19
3 60 42 38
1 45
4 65 53 49 45
2 37 51
2 42 48
1 25
2 29 49
0
5 8 39 64 76 77
1 67
2 29 38
4 85 48 35 28
2 46 40
2 30 42
4 33 80 81 68
3 78 32 42
2 75 79
0
1 50
0
0
2 55 60
3 61 26 13
1 76
3 27 38 68
2 46 60
1 25
0
3 77 54 49
0
2 23 22
0
1 60
2 21 30
4 63 36 52 46
0
3 74 61 41
5 45 54 17 38 87
0
1 80
1 47
2 39 43
2 36 53
1 76
0
3 41 54 71
4 76 61 42 31
1 43
0
2 25 47
2 49 34
2 75 72
2 40 45
4 34 51 80 76
1 50
3 18 22 53
1 97
1 49
1 53
3 25 43 59
1 11
6 42 54 64 52 83 38
3 47 45 72
2 63 44
1 61
1 57
4 75 42 24 39
1 29
1 55
0
3 80 36 17
0
0
5 15 89 30 34 73
3 33 73 6
1 68
1 71
2 52 62
0
3 49 53 61
2 29 50
1 64
4 42 9 67 75
2 40 22
4 75 50 86 53
2 70 58
1 44
4 29 35 44 83
5 77 48 43 28 31
2 58 56
1 42
1 61
0
0
1 78
1 19
1 48
3 63 68 45
1 72
2 56 26
1 44
1 50
3 45 49 29
1 46
2 45 38
5 67 24 55 46 31
1 62
2 82 34
3 40 65 65
0
2 31 39
1 71
1 52
2 47 20
3 66 45 70
0
0
2 33 64
1 69
1 54
3 63 61 56
3 20 78 52
0
0
1 88
4 45 55 70 38
1 35
0
0
2 66 19
0
2 84 27
0
4 51 41 80 100
1 49
2 51 42
5 55 73 53 56 51
3 43 54 61
2 76 60
1 41
4 56 55 37 80
1 75
0
2 80 49
1 24
2 15 50
1 26
1 66
1 26
0
4 39 54 64 78
2 70 73
2 35 89
3 69 17 27
1 50
0
2 30 31
1 53
3 42 30 42
2 30 34
0
1 18
2 56 29
0
3 39 68 57
2 45 50
1 48
1 57
3 57 28 44
2 83 37
2 39 11
2 56 73
2 50 31
4 33 32 73 34
1 61
1 81
0
0
2 58 39
2 69 74
1 42
3 77 51 59
4 58 37 84 48
1 33
1 42
1 70
1 45
1 26
1 16
2 48 47
1 26
1 31
4 73 45 47 14
3 81 69 46
1 55
0
2 37 33
4 51 36 90 25
0
1 30
6 61 62 61 24 85 57
3 34 36 43
1 70
0
1 76
5 39 40 30 58 91
1 12
2 37 48
1 28
3 41 1 75
1 76
2 29 60
1 44
2 50 53
0
0
1 37
1 47
1 56
1 47
1 84
3 49 69 56
3 83 88 61
0
2 60 33
1 44
2 68 25
2 32 76
0
2 42 34
1 68
0
4 47 50 20 54
2 64 36
0
2 48 30
0
4 48 47 53 44
0
2 83 72
1 41
4 13 49 83 65
1 17
1 67
1 93
0
2 7 35
1 48
0
3 68 60 11
1 56
3 50 21 60
3 50 53 84
1 57
0
1 70
2 44 38
1 64
0
0
1 31
2 87 20
2 17 9
3 40 30 71
1 19
4 15 48 55 67
2 53 28
3 67 71 47
0
3 81 37 73
0
1 48
2 37 57
5 71 51 80 70 35
1 0
1 67
0
3 29 40 14
0
1 37
2 34 43
2 38 48
1 79
2 66 81
4 62 49 81 62
0
2 39 49
2 52 71
0
1 57
0
0
1 88
2 51 20
2 56 78
3 63 23 35
2 59 68
1 73
2 39 50
2 52 27
2 54 16
1 69
3 43 27 37
1 55
0
1 51
3 73 63 23
2 46 7
2 47 21
1 52
3 53 57 65
1 58
2 48 44
1 61
0
1 9
5 52 73 62 52 81
1 45
0
2 67 56
2 60 48
1 54
2 40 67
2 46 60
0
0
2 54 80
0
1 63
0
2 74 95
2 77 21
1 15
1 56
1 47
1 43
1 58
0
1 67
1 67
1 30
2 26 16
1 25
1 32
2 40 42
2 67 39
2 42 40
2 64 26
3 75 55 32
0
0
1 49
1 56
2 38 76
1 49
2 66 53
1 49
3 54 25 69
0
2 12 68
0
0
2 77 31
2 17 37
1 50
0
3 49 69 66
2 45 28
2 17 43
0
0
1 37
2 94 61
1 59
1 50
0
0
0
2 63 66
1 56
0
1 54
0
1 85
2 51 49
6 51 42 10 71 73 51
0
1 58
3 20 60 90
2 70 66
2 60 45
2 69 54
2 44 70
0
0
2 25 39
1 46
1 67
1 56
4 36 45 21 43
2 72 43
1 29
1 63
1 47
0
0
2 46 19
1 73
0
0
0
0
2 41 31
1 57
2 32 63
1 55
3 68 35 45
4 73 42 41 94
1 64
2 2 62
0
1 64
2 51 42
3 39 49 53
1 81
1 60
0
1 44
1 53
1 63
1 50
0
1 36
1 46
1 57
0
1 38
1 77
1 48
4 73 72 60 69
3 5 34 14
0
0
1 31
1 40
1 52
3 44 75 61
2 44 66
4 61 72 30 34
0
0
1 44
1 57
1 63
2 32 79
3 36 56 26
3 31 38 100
1 51
1 37
1 48
1 39
0
0
0
1 66
3 51 22 75
0
1 36
1 26
2 75 24
1 51
0
2 60 44
1 46
3 42 83 48
0
0
0
3 41 45 59
1 73
1 71
0
1 30
0
1 41
2 33 55
1 77
1 48
3 79 43 55
0
3 36 96 48
2 43 35
0
0
2 5 89
1 63
4 42 59 15 50
1 38
1 60
0
3 56 44 79
2 54 59
2 59 49
2 48 43
0
1 47
0
1 61
0
1 1
1 62
1 22
2 32 33
0
1 82
0
1 42
2 31 95
0
0
0
1 38
1 49
0
2 41 38
2 85 43
1 72
1 70
2 63 78
1 46
1 54
2 48 41
1 49
1 55
0
0
0
1 29
0
0
0
2 77 81
0
2 88 39
1 74
2 50 47
1 54
1 52
1 63
0
2 40 39
0
1 36
1 38
2 46 53
2 20 64
1 66
1 73
1 57
1 76
1 53
1 42
1 71
1 62
1 44
0
2 36 29
1 63
2 47 32
1 53
1 88
1 74
1 61
1 45
0
2 31 23
2 22 65
2 74 46
1 90
1 22
1 48
2 62 72
0
1 56
2 74 43
1 36
1 45
1 62
1 78
2 64 50
0
1 48
0
1 54
0
1 40
3 65 49 92
1 44
0
0
1 61
0
1 63
0
0
2 32 49
2 18 58
1 75
0
0
1 33
0
0
2 38 89
1 23
0
1 37
3 31 25 48
1 45
0
1 41
0
0
0
1 72
2 18 34
1 38
0
0
3 38 21 66
0
1 44
1 15
1 70
0
1 12
0
2 71 46
1 88
1 71
1 37
0
3 43 26 44
0
1 85
1 15
2 56 39
1 73
1 26
1 51
1 64
2 41 44
0
1 39
0
2 36 65
3 51 64 79
0
2 61 63
0
1 60
0
0
2 58 34
1 46
1 44
1 37
0
0
0
0
0
1 68
0
1 36
0
0
1 40
1 53
1 41
1 32
1 65
1 77
0
1 26
0
2 40 88
3 61 51 75
2 70 31
0
2 61 44
3 58 72 97
0
1 90
1 85
1 45
0
0
2 98 39
1 48
0
1 69
0
0
2 40 80
1 80
0
0
1 24
0
0
1 66
1 72
1 34
0
2 52 14
1 96
1 64
0
2 48 29
0
1 67
2 69 50
2 43 47
1 63
0
1 49
0
0
1 45
1 69
0
1 48
0
1 51
0
0
2 35 52
0
0
0
1 58
1 88
3 52 64 33
2 38 73
1 48
1 46
0
1 44
0
1 68
3 54 64 29
0
1 46
1 41
0
0
0
0
0
0
0
3 72 41 84
1 20
1 56
0
0
0
2 78 76
0
0
0
0
0
1 37
1 53
1 78
1 42
1 28
3 73 67 64
2 58 71
1 63
1 52
0
1 85
1 50
1 47
1 48
0
1 51
0
0
1 43
0
1 58
0
1 93
0
0
2 68 47
0
0
1 89
0
0
1 41
3 49 69 45
2 63 47
1 70
1 50
1 51
1 47
1 35
0
0
0
1 18
0
1 41
3 26 46 63
1 41
1 3
1 63
0
0
1 78
0
1 34
0
0
2 65 50
1 67
1 72
1 55
0
0
0
0
1 72
1 43
0
1 41
1 32
0
1 26
0
0
0
1 54
1 64
0
0
1 32
1 46
2 54 32
1 65
0
0
1 62
2 46 44
0
2 49 90
0
1 40
0
0
0
0
0
2 23 70
0
0
0
2 25 33
2 23 53
0
0
0
0
0
1 59
2 52 60
1 60
0
1 47
1 13
0
0
0
1 76
1 24
0
1 42
0
0
2 36 65
1 67
0
1 49
1 39
0
0
0
0
0
2 73 65
0
0
1 66
0
1 23
1 85
1 32
0
1 22
2 50 48
0
1 53
1 72
1 30
0
0
0
1 33
0
0
2 38 48
2 32 18
0
2 33 42
2 55 61
0
1 39
1 34
0
1 60
2 52 32
1 41
0
0
1 68
2 59 59
0
0
0
0
0
1 41
0
0
0
0
0
0
1 31
0
1 68
0
0
1 72
1 75
0
0
0
0
3 45 69 57
2 50 44
0
0
1 20
0
1 55
0
0
0
1 28
0
0
0
0
0
3 21 75 29
2 79 32
1 37
0
0
1 74
0
2 62 8
1 34
1 62
0
0
0
0
0
1 67
0
1 58
0
0
0
0
0
1 39
0
0
0
1 48
0
0
0
0
0
0
0
2 41 23
3 66 38 69
1 64
1 46
1 39
2 38 51
4 61 39 48 13
0
0
0
0
0
0
0
1 62
2 30 65
0
0
0
0
0
1 55
1 38
0
1 51
0
0
3 56 79 48
0
3 62 53 40
0
0
0
1 16
1 74
1 81
1 25
1 54
1 35
0
0
0
0
3 49 41 71
0
1 56
0
0
0
1 19
0
1 27
1 17
0
0
0
0
0
0
1 35
0
0
0
1 62
0
0
0
0
1 81
0
0
0
2 18 57
0
0
0
2 52 45
0
0
0
0
1 40
0
0
0
0
0
1 18
0
1 46
1 64
2 49 48
0
0
1 40
1 56
1 22
1 10
0
0
0
1 54
0
0
0
1 64
1 54
0
2 65 79
1 58
1 56
0
0
0
1 73
0
1 49
0
0
0
0
2 58 66
2 77 52
0
1 67
0
0
0
0
1 74
1 47
1 86
1 36
0
0
1 26
0
0
1 27
0
0
0
0
0
2 77 36
1 69
0
3 50 69 44
2 60 52
2 32 69
2 53 61
0
0
0
0
0
1 74
0
1 60
0
0
0
1 58
0
0
0
0
1 80
0
0
1 55
0
0
0
1 57
3 70 85 59
0
2 74 58
0
0
1 42
1 38
0
0
1 28
1 82
0
1 66
0
0
1 37
0
0
0
0
0
0
0
0
0
0
0
1 46
0
1 53
2 25 42
1 58
0
1 54
1 46
1 43
0
1 71
2 41 63
1 47
1 84
0
1 55
1 84
0
0
0
1 60
2 59 53
1 51
0
0
1 49
0
0
0
1 48
2 32 81
0
0
0
0
1 35
1 60
1 80
0
0
0
1 58
0
0
0
0
1 75
1 49
0
1 66
0
0
1 22
0
1 59
0
0
1 54
0
2 68 21
2 81 78
0
0
1 37
1 19
1 50
0
1 49
0
0
0
0
2 29 51
1 45
0
0
0
2 79 53
0
0
1 24
0
2 72 61
0
1 70
1 8
0
2 52 45
0
0
0
1 66
1 35
0
0
0
0
0
0
1 83
1 75
1 60
0
0
1 74
1 50
1 73
0
0
0
0
1 26
0
0
0
1 35
0
1 38
1 61
0
0
0
1 52
2 57 46
2 52 1
1 48
1 2
0
0
0
0
0
0
2 22 59
1 78
0
1 44
1 40
1 16
1 38
1 7
0
0
0
0
1 51
1 58
1 71
1 62
2 43 71
0
0
1 37
0
0
1 65
0
1 24
0
0
1 82
0
0
2 57 94
2 38 81
2 62 41
1 52
0
0
0
1 23
1 44
0
0
0
1 73
0
0
0
0
0
0
2 50 31
0
2 48 70
0
0
1 54
1 36
1 31
0
1 35
1 57
0
1 56
3 54 61 24
1 24
0
1 97
1 7
0
0
0
0
2 69 39
0
0
0
0
0
0
0
0
0
0
1 47
3 50 66 28
0
0
0
1 41
3 22 25 19
0
2 49 46
3 47 35 82
0
0
2 38 18
1 58
1 51
0
1 1
0
2 29 23
2 39 49
0
1 54
0
0
0
0
0
0
0
0
0
0
0
1 45
1 63
2 32 66
0
0
1 25
0
0
1 41
0
1 41
0
1 36
1 68
0
0
0
0
1 45
1 74
0
2 64 28
0
0
2 33 22
1 81
2 54 41
0
1 59
0
3 30 16 22
2 45 72
0
0
2 46 47
1 70
0
1 20
0
1 28
2 67 60
0
0
0
1 38
1 45
1 69
1 64
0
0
0
1 77
1 44
0
0
1 47
1 69
0
0
0
2 68 32
1 51
2 59 50
0
0
0
1 79
1 25
0
0
1 65
2 55 47
0
0
2 73 45
3 13 30 60
0
0
1 39
0
0
1 71
0
1 21
1 72
0
0
1 58
0
0
1 56
1 64
0
1 44
0
1 39
0
1 58
1 93
3 49 46 81
0
2 56 64
0
1 25
1 51
0
1 30
0
2 83 33
1 57
1 44
0
0
1 47
1 59
0
0
2 44 95
0
5 51 43 15 41 50
0
0
1 49
2 56 53
2 43 54
1 41
0
0
0
2 31 35
1 42
1 37
2 38 20
1 60
1 57
2 44 66
0
1 47
2 50 79
0
1 23
1 4
0
2 55 48
0
1 66
0
0
3 30 98 41
0
0
1 28
1 81
1 73
1 80
0
0
0
0
2 27 53
2 39 79
1 46
0
0
0
1 34
0
1 78
1 41
0
0
1 37
1 52
2 68 65
0
0
1 39
1 43
1 41
0
1 13
2 58 29
0
0
1 26
3 61 58 51
1 9
0
1 37
2 56 78
0
1 63
0
0
1 49
1 27
0
1 63
1 33
3 49 55 61
1 82
2 49 45
0
3 54 56 32
1 46
0
2 61 51
0
1 77
0
0
1 47
2 64 34
1 6
1 40
0
1 51
2 35 74
1 49
4 32 46 56 96
0
1 74
0
0
0
1 43
1 26
0
1 13
0
2 18 69
0
2 64 31
0
2 48 40
1 28
1 49
2 58 76
1 73
1 53
0
0
2 59 37
2 50 56
2 49 19
0
0
0
0
0
2 27 53
0
1 37
1 49
1 43
0
0
2 57 91
2 50 76
1 76
1 19
1 20
2 59 30
0
0
2 49 49
0
0
1 36
0
0
0
0
1 33
1 54
1 43
1 29
1 56
0
2 45 65
0
1 65
0
1 55
2 20 46
2 32 61
3 53 57 32
1 82
1 54
2 56 40
0
1 66
0
1 51
1 39
1 49
1 52
1 34
3 94 66 25
1 33
1 68
0
2 73 50
0
1 25
1 48
1 77
2 71 56
0
4 56 43 23 68
0
3 37 16 82
1 44
1 83
3 60 32 65
0
0
2 52 84
2 61 10
2 29 25
1 52
1 52
2 47 22
1 25
0
1 42
2 83 66
0
1 38
1 66
0
0
0
1 66
1 59
0
1 54
1 24
1 55
1 60
1 57
1 49
1 44
1 77
1 27
3 50 42 63
2 41 49
2 59 7
2 68 49
1 42
1 87
0
1 35
0
0
0
1 60
1 85
3 49 70 54
0
4 62 53 59 39
1 75
1 24
1 31
1 39
0
2 17 71
1 60
0
0
1 61
1 74
1 43
1 61
1 48
1 50
1 69
2 47 52
1 50
3 62 55 60
2 12 32
3 49 67 68
1 54
2 51 46
1 75
3 73 52 79
0
0
1 67
2 41 78
0
2 66 49
3 36 5 68
2 43 38
1 24
0
1 91
2 58 20
0
1 51
1 63
0
0
0
0
1 15
1 73
2 49 40
2 77 24
1 49
0
3 43 45 54
2 58 61
0
0
2 42 37
2 10 71
1 33
1 63
0
2 53 90
0
0
1 65
2 39 35
2 48 70
3 59 75 39
2 57 45
0
1 46
1 68
1 60
1 40
2 66 27
2 44 51
2 38 69
1 56
3 39 56 40
0
0
1 48
0
3 95 52 49
0
1 50
0
2 39 100
0
3 39 64 31
2 54 52
0
0
3 13 63 59
2 37 46
1 45
0
1 43
2 33 49
1 40
5 60 60 56 60 28
1 74
1 30
0
0
1 45
2 44 31
1 53
0
2 49 57
0
0
2 60 24
1 11
2 29 55
1 43
1 73
1 62
1 47
2 69 68
1 27
4 51 74 59 39
3 64 24 53
2 44 16
0
0
1 22
1 54
1 57
4 66 14 45 34
0
3 60 21 56
2 76 41
0
3 57 68 62
2 63 66
0
1 40
1 61
2 58 71
1 27
0
0
0
3 34 52 53
1 60
0
2 61 55
1 65
1 71
0
2 28 44
1 29
2 51 42
1 44
3 37 42 63
1 62
1 70
0
4 81 75 67 70
3 37 22 35
1 44
1 39
1 74
4 21 48 22 31
3 65 70 61
1 60
3 36 64 32
1 30
3 73 50 41
2 68 54
2 46 34
2 18 87
2 68 78
1 62
2 56 53
2 24 64
0
3 32 77 91
0
0
1 42
1 65
1 73
1 44
1 37
0
1 34
0
2 47 90
2 55 58
2 68 59
1 28
2 27 38
1 38
2 44 33
1 52
1 47
1 31
1 57
1 39
0
2 20 77
1 79
2 90 60
1 57
0
2 25 40
3 47 63 43
2 22 73
2 35 56
0
2 41 63
1 12
2 14 76
4 43 34 41 80
1 41
0
1 61
3 29 51 45
1 38
2 57 24
1 24
3 24 51 68
2 83 52
2 64 53
3 15 64 53
1 28
1 36
1 48
1 55
0
3 53 66 21
0
1 39
1 82
3 40 37 40
1 66
0
0
2 26 41
2 36 68
1 36
0
1 45
1 37
2 20 19
0
1 52
1 50
4 91 56 27 29
1 68
1 84
2 49 22
1 52
2 46 41
3 50 51 32
1 71
1 30
3 85 8 51
0
0
2 68 53
2 71 18
1 35
2 47 49
6 83 79 34 5 37 55
2 41 76
0
3 43 58 35
2 26 73
1 53
3 60 62 63
2 31 53
2 44 49
2 43 75
2 48 53
3 30 24 51
0
1 46
3 43 51 68
2 37 39
0
2 78 69
3 53 70 72
1 79
1 61
2 38 49
1 57
2 39 45
3 52 42 64
2 37 32
1 85
2 56 56
2 54 51
3 93 20 68
1 34
3 1 73 58
0
0
3 8 43 81
0
1 45
1 74
0
3 29 33 50
3 34 56 68
1 42
0
2 89 13
0
3 83 25 62
1 94
0
1 45
3 57 78 89
0
1 23
2 93 85
2 65 42
3 33 24 54
2 45 66
2 13 26
0
0
2 33 15
0
5 50 57 52 57 36
0
2 72 53
1 58
1 38
0
1 90
2 55 29
3 29 69 35
1 62
2 53 79
2 44 56
2 36 43
1 17
1 41
3 67 85 56
4 71 48 81 49
1 23
1 64
2 75 64
2 86 53
1 64
5 84 61 88 35 54
2 45 82
1 85
0
1 23
1 34
5 52 19 37 78 69
0
1 30
0
3 48 65 35
4 52 56 53 61
0
0
2 35 27
2 47 36
0
3 67 83 57
2 43 51
2 56 36
3 13 30 42
2 78 60
7 35 46 32 33 42 64 49
1 51
0
2 91 21
1 57
2 33 39
1 69
1 47
1 38
3 46 40 16
0
1 27
0
4 71 58 82 34
3 73 63 85
2 53 51
3 31 57 35
1 49
1 64
0
5 45 10 87 21 50
3 24 42 34
2 36 89
1 70
2 66 81
2 56 75
0
4 56 47 38 46
2 52 41
1 44
2 59 69
1 73
1 43
4 33 44 20 94
1 54
4 69 58 74 51
0
1 56
1 47
4 39 53 46 15
2 77 49
3 31 22 70
2 55 43
0
0
1 50
2 34 38
3 28 52 70
3 73 64 55
4 33 63 46 30
2 70 38
1 72
2 59 76
0
2 81 37
2 38 53
1 47
1 60
1 55
3 56 46 20
1 40
0
2 63 65
3 44 27 58
1 55
1 67
3 39 39 56
1 51
0
1 50
0
3 40 63 45
1 41
0
2 61 41
2 92 76
3 41 50 53
4 48 31 71 60
2 63 48
0
0
3 76 98 45
2 68 21
3 75 38 13
3 50 23 76
0
2 66 95
3 23 76 22
3 41 41 78
2 27 14
0
1 57
3 46 8 33
5 53 55 79 34 31
0
1 60
3 21 33 50
2 90 30
2 67 27
2 52 44
5 27 58 80 36 35
1 47
2 59 46
2 63 37
3 60 77 81
3 31 35 97
0
1 43
1 56
3 79 6 53
1 41
3 31 30 21
3 22 49 73
1 46
2 62 28
1 55
1 38
2 25 59
0
0
5 52 65 38 35 70
0
4 56 69 14 64
3 63 41 5
2 67 73
2 34 30
1 45
2 50 41
0
0
3 57 69 75
1 61
3 71 48 84
0
3 85 17 53
2 63 54
3 27 49 81
2 53 68
3 24 33 34
4 90 47 35 62
4 75 68 43 50
1 28
0
3 80 94 8
3 32 34 43
0
3 84 50 31
2 49 56
3 51 26 57
2 57 35
1 25
3 36 75 78
6 83 44 31 40 65 23
2 74 24
3 43 33 53
1 81
1 54
5 53 26 57 43 40
1 44
3 60 59 31
1 34
1 73
2 44 71
2 51 68
0
1 60
0
3 40 47 38
4 77 35 69 60
2 33 79
6 47 31 65 19 44 57
2 77 51
1 66
2 63 65
1 53
3 65 59 58
1 38
1 29
2 75 56
2 38 36
5 41 26 14 65 43
0
4 40 2 15 45
3 55 75 24
3 73 76 40
1 35
3 35 43 37
0
0
2 31 62
4 69 26 20 86
2 33 88
1 56
4 59 44 48 66
2 53 62
2 35 19
2 25 54
3 67 19 55
4 50 45 47 73
0
1 46
1 52
2 40 31
2 94 38
2 46 58
3 63 34 51
3 58 79 32
1 75
0
1 64
1 40
3 64 33 85
5 37 49 84 55 47
3 27 22 33
1 37
1 78
2 40 38
2 57 63
2 42 12
0
4 19 65 45 53
3 62 67 74
1 81
1 52
4 81 49 74 91
2 23 59
1 52
4 44 63 69 31
1 34
1 43
1 56
1 32
3 42 70 45
3 83 44 74
0
3 64 45 26
1 63
2 32 29
0
3 63 33 40
2 29 67
3 54 58 71
1 22
4 41 49 37 63
2 43 44
3 16 17 79
1 95
2 29 83
2 48 77
2 71 67
3 37 74 57
7 75 34 67 76 29 62 39
5 61 34 49 24 47
4 47 28 53 44
3 74 17 30
4 71 44 54 63
4 59 35 26 6
2 65 14
2 67 88
1 57
2 60 61
2 34 49
1 24
1 73
2 63 26
3 84 58 19
1 51
4 42 23 83 71
0
2 53 76
2 32 60
0
1 46
3 47 60 66
0
2 57 66
3 49 38 54
0
2 43 33
3 44 51 42
1 53
0
1 24
1 59
2 63 84
3 65 22 49
2 5 19
1 39
2 74 77
5 32 34 69 49 45
0
3 41 27 70
0
0
0
5 46 22 44 40 27
4 87 36 52 24
1 72
2 81 30
1 40
3 38 25 53
2 54 50
2 88 41
1 56
1 77
1 24
2 22 53
3 10 52 46
4 80 36 63 39
3 47 23 27
4 55 54 17 24
5 30 32 25 68 46
1 57
0
0
2 32 47
4 69 48 70 36
2 44 54
2 24 64
6 57 55 67 58 92 52
3 46 50 54
3 69 74 31
3 63 97 13
2 43 55
4 33 36 60 18
3 44 72 38
1 75
2 66 26
3 38 28 58
2 49 74
1 18
1 28
1 52
1 56
3 48 44 59
1 54
6 21 29 11 43 77 48
0
1 20
1 46
5 51 69 52 61 45
3 28 95 66
5 59 30 38 58 34
3 36 43 65
5 70 64 38 7 42
3 71 41 16
2 57 55
0
2 52 70
0
1 37
3 51 43 45
3 73 73 6
2 47 67
4 45 50 31 68
1 42
3 43 57 31
1 54
1 75
0
3 9 56 40
3 42 34 29
0
2 56 42
3 53 17 65
2 64 8
2 53 41
0
2 40 60
5 50 43 16 63 51
3 19 77 28
1 41
2 60 57
0
3 71 54 92
2 13 46
0
9 59 15 50 27 34 63 76 16 36
2 30 46
4 22 68 44 11
5 60 47 39 24 66
3 54 63 71
0
4 66 56 62 32
0
3 70 41 48
3 55 60 60
1 31
5 38 49 52 32 57
4 39 41 28 19
1 71
3 86 62 17
1 51
0
2 60 33
3 30 64 52
0
4 43 43 99 70
2 83 54
1 0
0
5 4 25 72 76 47
3 87 41 64
3 76 71 46
1 58
4 57 16 16 56
4 65 46 68 76
2 75 46
5 58 27 50 58 69
3 71 64 85
7 65 54 35 50 52 39 64
4 5 73 24 56
0
2 83 15
4 43 36 48 60
2 26 43
0
7 33 84 48 19 65 62 30
2 35 78
2 3 56
5 44 36 73 50 49
1 29
4 65 51 74 55
1 60
2 33 70
1 84
0
3 76 27 46
1 38
2 73 36
4 38 71 49 35
1 41
1 62
3 59 79 35
2 36 81
3 61 50 73
3 65 82 40
2 29 39
1 42
2 53 27
1 41
2 57 71
4 46 78 25 89
2 73 40
8 17 59 33 32 59 24 31 28
2 68 45
0
2 10 86
3 42 59 20
2 40 70
3 78 60 46
1 67
4 86 46 50 63
3 41 50 42
1 81
1 43
1 55
