3600 4
1 65
3 65 72 60
2 42 56
1 25
2 42 52
1 29
5 52 58 30 66 53
3 44 20 36
1 44
1 57
4 31 52 14 91
1 34
2 20 43
5 19 43 43 34 36
1 65
4 78 24 74 36
1 48
3 23 67 60
2 58 29
0
1 43
0
5 62 67 55 29 30
4 62 81 75 72
2 34 45
1 77
3 89 41 26
2 34 46
3 18 67 35
1 46
2 16 22
1 74
5 51 54 18 56 51
2 76 43
4 50 61 34 64
2 51 63
4 66 32 82 10
1 66
1 61
0
6 73 59 73 34 59 39
2 66 31
5 43 29 53 68 52
2 44 49
3 75 71 45
6 45 68 82 71 35 46
2 38 74
1 71
2 74 20
2 6 34
3 43 47 18
3 53 59 64
4 40 33 43 33
1 35
4 44 71 53 60
1 83
7 22 82 13 32 26 6 44
3 70 33 56
0
5 60 12 57 41 38
2 33 34
1 44
1 35
2 40 65
3 53 54 56
1 41
1 40
3 25 54 83
4 59 31 50 44
3 57 34 48
5 57 29 9 60 39
3 24 39 67
4 31 26 54 31
5 70 53 28 56 69
2 11 46
2 76 59
5 38 39 65 52 62
4 40 18 53 77
0
3 77 43 73
2 54 77
5 40 22 55 42 11
2 53 61
0
3 44 65 59
2 75 74
2 67 22
1 70
0
2 75 63
2 57 30
0
3 45 40 36
5 22 72 68 37 73
1 65
3 56 48 63
1 92
1 85
1 79
2 30 38
0
3 54 54 64
1 47
5 25 36 56 50 54
0
2 88 87
4 78 63 21 35
3 64 80 67
3 72 77 49
2 67 87
2 9 45
2 28 82
3 65 73 40
4 94 43 54 73
3 47 84 50
4 18 17 48 33
1 66
1 74
4 21 63 50 51
2 74 47
2 16 62
1 13
1 30
0
2 71 68
3 61 65 29
5 47 38 64 39 70
3 51 18 49
2 87 30
4 80 43 55 31
4 65 59 55 38
2 43 27
2 80 29
2 76 34
4 82 80 67 36
2 65 76
4 75 35 48 68
4 40 66 60 37
5 52 52 54 59 81
2 22 81
3 13 51 34
1 52
2 68 46
1 15
3 86 62 28
2 70 36
4 43 35 53 55
1 41
3 90 32 81
1 49
1 5
3 68 36 8
1 45
0
3 28 61 42
8 36 52 44 57 51 37 35 49
2 53 53
3 44 35 45
1 4
0
2 48 37
0
1 38
2 30 53
5 25 75 63 53 69
4 44 54 66 47
2 13 36
6 73 12 52 68 44 50
3 56 51 18
2 73 53
1 49
3 72 56 30
0
2 46 84
3 42 23 86
3 86 31 65
7 76 87 56 69 21 56 38
2 34 56
2 59 62
4 77 58 73 80
1 22
2 65 21
4 62 71 74 27
5 68 18 45 18 42
4 0 51 34 47
2 39 49
1 58
1 49
2 70 58
1 42
1 61
5 65 77 28 16 43
4 38 18 57 35
1 33
3 22 40 45
2 37 35
2 29 24
2 66 60
2 64 67
4 57 40 29 79
3 61 66 65
6 29 50 53 38 23 28
2 71 36
1 77
3 53 37 46
5 83 86 65 13 19
6 46 70 35 65 62 22
1 60
2 48 56
5 30 40 46 25 60
2 68 47
7 85 46 46 98 56 28 48
5 63 84 28 37 41
2 67 63
5 31 29 43 51 59
2 53 32
1 44
2 50 86
1 73
2 22 43
2 38 40
0
0
2 40 47
1 49
1 56
2 49 41
1 38
0
4 39 24 91 52
6 54 33 44 41 52 12
0
3 69 32 66
3 52 35 56
2 35 60
0
2 43 54
6 40 54 50 50 62 36
5 75 54 34 60 53
1 29
8 49 66 43 31 63 23 67 41
2 46 77
1 57
3 20 50 98
2 51 59
2 66 48
1 25
1 21
0
0
5 19 57 74 18 87
3 55 72 51
1 44
2 56 53
2 66 1
4 73 72 85 36
2 55 41
3 56 54 29
3 38 42 65
0
6 59 74 43 30 34 56
3 78 36 43
2 51 58
3 50 67 47
2 50 39
3 74 22 51
1 69
5 53 32 66 64 42
2 24 62
5 83 23 55 31 37
4 51 40 25 43
3 59 38 47
2 55 32
1 19
3 56 70 25
2 49 79
2 54 42
4 94 15 29 54
1 42
2 72 21
2 36 30
4 43 74 39 44
1 55
4 76 66 60 56
3 36 62 46
3 63 36 46
3 60 63 65
2 49 56
0
3 41 56 23
1 42
1 72
5 21 27 50 75 43
3 74 56 36
2 9 62
0
1 72
3 43 60 15
3 58 54 52
3 12 65 99
3 47 15 32
3 34 90 15
2 36 37
7 15 83 65 79 50 57 86
3 53 64 42
1 65
0
1 54
2 16 58
2 56 33
3 45 50 91
1 64
4 75 53 21 67
2 71 41
1 51
1 22
4 42 40 61 75
5 31 52 35 66 23
2 25 69
1 54
5 63 63 56 38 62
1 57
3 50 38 37
1 34
0
3 69 68 43
1 39
4 49 16 75 73
1 42
2 32 38
2 48 33
4 70 57 24 25
3 31 53 57
2 63 60
1 63
4 38 44 64 60
5 54 56 43 91 49
2 45 62
4 67 60 42 41
4 39 58 38 51
1 59
2 38 58
1 68
3 58 72 57
1 5
3 29 10 46
2 58 69
4 64 9 35 55
2 28 55
3 51 53 63
2 28 35
2 61 42
1 48
5 27 56 25 54 91
4 54 23 73 42
3 52 44 49
2 76 21
2 53 32
5 25 48 62 38 60
2 31 31
1 20
2 46 67
4 43 52 50 47
3 44 82 39
4 39 57 54 5
4 44 35 38 68
2 59 74
0
1 24
4 53 78 50 53
4 65 33 31 59
2 50 50
2 57 50
2 36 48
1 40
3 50 46 69
2 21 62
2 20 33
1 52
4 51 80 25 54
2 35 14
5 64 58 88 22 79
1 68
2 74 35
2 37 45
1 10
4 79 70 30 42
1 34
3 72 39 47
1 32
4 14 44 81 39
2 44 63
1 59
3 54 41 35
3 57 73 55
5 22 25 71 64 20
0
2 36 76
1 36
3 53 30 61
4 32 15 42 32
4 5 60 40 47
1 76
3 63 48 32
3 43 32 74
5 84 39 29 56 27
2 79 36
2 46 39
5 81 39 15 49 71
2 45 61
1 47
5 98 67 8 41 62
3 33 61 37
2 60 72
1 78
3 36 30 55
0
2 84 41
3 76 18 40
1 51
1 38
4 30 79 74 23
2 56 41
1 39
1 32
3 43 54 13
1 68
3 27 44 90
4 36 42 87 51
9 62 59 4 85 39 61 27 53 30
3 87 30 78
1 75
1 46
1 56
5 23 57 59 86 14
2 63 76
5 51 94 69 54 16
2 48 45
3 61 61 13
3 43 34 56
3 48 62 37
1 63
2 55 40
4 64 57 61 33
0
0
3 72 39 58
2 23 34
2 74 23
3 30 28 16
3 51 44 34
4 40 20 33 64
3 34 76 55
3 61 59 81
2 61 22
1 44
1 44
1 14
3 50 66 67
2 32 51
3 83 76 37
2 49 66
3 61 64 54
0
2 62 60
1 36
2 79 25
1 8
1 47
0
3 49 43 60
3 33 42 43
4 33 24 80 54
2 34 60
7 53 51 33 52 64 56 66
4 23 54 62 77
5 81 25 59 81 20
2 50 65
6 28 44 44 79 51 61
2 46 30
3 86 26 75
1 58
3 28 28 49
0
3 67 35 15
5 74 30 45 67 65
3 73 37 29
1 37
0
2 81 34
3 14 49 45
1 68
5 59 59 54 45 73
1 47
2 58 25
3 33 29 65
1 37
2 89 64
1 45
0
2 34 75
0
4 96 61 43 5
4 54 17 22 22
2 21 50
3 72 49 48
2 34 30
2 33 54
1 40
1 62
4 77 3 31 70
0
4 61 49 41 50
4 80 60 83 78
2 41 50
1 34
3 70 39 23
3 70 37 83
5 27 32 85 51 45
1 46
3 51 66 20
4 47 42 45 35
2 74 35
2 30 43
3 68 56 81
1 26
1 36
2 44 48
3 42 10 68
2 42 21
3 47 42 73
2 57 29
0
7 60 41 44 87 54 57 28
1 13
1 44
3 87 52 56
6 98 36 54 47 51 18
3 73 39 59
1 0
3 71 58 13
2 35 67
4 47 61 12 44
3 22 53 43
4 63 31 59 59
3 59 38 44
1 48
2 36 27
3 61 33 77
0
2 37 58
1 47
2 62 34
2 59 50
1 46
3 87 54 57
0
0
3 72 42 39
3 28 60 42
1 57
3 34 32 60
1 25
4 40 43 42 69
4 44 67 68 31
5 65 37 58 56 33
3 40 44 39
3 50 56 58
3 48 55 32
2 55 84
2 52 8
0
2 20 65
0
1 17
4 53 40 17 26
1 63
5 66 31 79 47 77
1 57
2 31 38
3 42 10 53
3 37 69 65
3 45 66 63
2 58 63
7 57 43 80 26 54 67 65
3 52 46 41
2 67 58
3 53 68 56
4 68 69 10 34
0
3 15 65 67
2 73 75
2 66 68
0
4 32 75 47 43
0
4 35 68 32 70
2 28 69
2 45 20
0
2 54 40
0
2 58 68
3 41 73 24
3 66 31 21
4 40 68 79 16
2 85 21
5 51 51 69 66 65
1 41
0
3 52 85 62
2 31 58
3 51 39 53
0
5 27 61 49 18 52
2 14 2
2 55 68
3 68 63 31
4 48 35 8 84
2 61 39
3 49 90 22
2 68 64
1 41
3 44 73 45
2 36 64
3 65 54 55
3 54 51 49
5 44 23 76 52 57
2 34 39
2 80 82
0
6 46 65 65 52 63 64
3 39 59 54
2 51 75
1 50
2 65 68
2 34 43
4 50 55 31 35
2 35 77
4 46 27 19 73
2 35 47
0
3 28 48 36
4 45 73 60 46
3 68 42 45
2 39 1
0
4 68 62 73 38
1 58
6 54 44 22 81 37 61
2 60 77
0
2 78 78
3 68 55 86
1 61
4 20 68 53 55
2 77 27
1 51
1 50
2 26 23
2 70 46
3 52 69 34
0
1 6
0
2 56 27
2 61 47
0
2 34 37
0
3 37 48 36
3 33 59 59
1 48
3 62 71 80
2 71 31
3 47 39 39
4 51 27 19 33
0
0
3 36 35 69
2 42 85
2 82 55
0
3 70 70 58
4 30 68 42 35
0
8 23 70 61 51 57 58 62 49
1 55
1 45
3 64 47 85
2 75 69
2 33 58
1 41
5 68 35 49 56 42
0
1 40
0
1 70
0
3 68 69 52
3 82 39 34
4 42 43 47 46
7 61 26 38 33 53 74 11
2 78 55
3 40 26 62
3 45 40 42
3 16 25 78
1 47
0
1 44
2 45 45
2 56 37
3 89 65 35
4 76 30 20 69
4 49 31 36 51
3 44 42 55
1 49
1 30
1 48
3 65 71 19
1 36
2 32 45
3 39 42 57
4 45 43 89 73
2 40 55
3 54 36 58
1 26
1 66
5 44 54 46 55 52
2 42 57
2 53 31
0
2 62 34
1 34
1 42
4 64 48 49 36
2 60 66
1 39
1 58
2 63 61
0
0
4 40 51 86 35
2 44 57
5 12 76 56 67 22
2 68 71
1 60
5 87 34 37 3 48
1 59
3 46 45 56
1 75
4 42 62 17 75
3 69 69 71
2 68 87
1 79
2 32 48
1 12
1 45
4 65 64 51 57
3 6 74 45
3 67 62 48
2 42 76
2 79 73
1 45
0
1 87
3 67 40 22
3 58 38 76
1 52
1 40
3 41 93 41
4 42 61 75 47
2 38 57
2 32 61
3 34 72 37
2 40 76
0
0
2 56 35
0
4 74 32 26 24
1 81
2 59 85
4 62 55 50 51
0
4 75 61 49 60
2 95 18
2 79 52
1 43
4 62 58 61 21
5 49 76 41 10 56
4 79 71 70 25
0
1 65
4 41 40 27 25
1 52
5 38 56 35 20 34
2 55 17
2 62 53
2 57 42
2 36 64
1 47
1 34
2 64 70
5 47 86 23 20 80
0
3 40 73 9
1 9
3 21 43 65
0
1 37
1 36
1 83
2 18 70
4 37 36 26 41
2 72 78
8 83 33 50 33 50 67 46 70
2 74 31
2 53 46
3 48 62 66
2 50 63
0
2 40 21
1 29
2 37 55
5 53 56 10 50 77
4 54 35 56 48
0
4 44 64 31 22
2 58 60
0
1 80
0
3 64 46 55
2 62 58
3 83 54 53
1 59
2 74 46
2 58 69
0
2 49 55
0
3 70 42 33
4 34 57 31 33
1 71
3 76 32 100
4 34 53 39 18
2 24 53
2 55 34
0
1 48
1 60
2 78 49
1 35
1 59
5 75 17 80 67 42
2 65 47
1 87
4 24 84 35 49
2 34 75
1 46
3 63 36 69
0
0
0
2 62 80
2 29 51
1 78
3 40 52 81
2 48 59
2 50 16
1 37
2 45 19
3 83 56 77
3 33 81 77
1 26
5 78 60 39 45 82
1 89
2 48 34
1 12
1 47
1 52
4 21 56 75 49
2 33 51
1 38
0
1 33
0
0
1 63
2 37 56
0
3 63 80 94
3 55 40 49
4 46 60 60 32
1 32
1 51
2 53 17
1 48
3 54 31 20
6 79 63 55 66 51 25
2 51 63
4 51 47 27 35
2 72 33
1 0
2 47 35
0
2 39 19
2 77 42
2 50 73
0
5 49 60 2 46 61
3 7 82 37
3 33 38 62
1 28
5 48 48 73 58 46
2 72 70
7 58 28 52 71 48 78 54
2 55 25
1 66
2 89 39
1 94
4 73 35 77 37
3 67 29 45
1 33
4 73 48 25 74
1 65
0
0
1 60
0
1 19
1 50
2 68 7
4 38 52 52 43
5 43 12 55 86 28
2 73 71
2 57 56
0
2 36 52
4 55 62 59 45
2 73 51
3 53 49 42
1 49
2 73 33
0
0
3 8 45 58
0
1 30
2 83 37
0
1 50
3 25 49 47
0
2 46 41
4 20 28 31 40
1 36
1 64
2 86 13
1 66
1 36
3 48 46 75
2 31 70
3 59 74 74
2 18 49
0
1 80
0
1 57
2 70 31
1 49
2 42 67
3 62 44 53
2 55 36
2 37 77
1 28
4 22 18 60 63
3 72 71 69
1 71
2 18 42
3 55 14 23
0
2 30 55
0
1 34
3 34 34 38
2 0 22
4 29 19 42 32
1 34
4 34 44 18 27
2 58 39
5 67 46 57 88 23
1 58
1 48
2 57 48
1 43
3 37 41 75
1 50
1 72
0
3 53 50 54
0
1 71
0
4 8 92 67 50
3 41 53 27
0
2 61 39
3 33 43 42
1 75
0
2 59 57
1 6
0
1 31
1 28
1 46
4 66 87 51 11
1 44
3 40 82 57
1 26
2 73 55
4 33 29 23 44
0
3 8 55 38
0
1 38
1 27
3 72 40 73
3 55 63 67
1 30
1 52
2 73 75
0
2 76 75
2 64 46
0
0
2 28 38
3 87 62 45
4 41 59 48 49
2 39 27
2 37 61
2 78 63
0
1 40
4 67 46 38 34
0
2 35 60
2 58 52
1 59
2 92 22
1 57
4 40 46 74 62
3 16 37 31
1 41
0
0
3 26 64 43
0
2 30 45
1 26
0
1 42
1 65
1 92
0
0
5 39 42 46 61 48
1 29
0
1 59
4 43 68 51 57
3 63 47 58
3 60 44 81
2 68 26
4 48 35 29 60
0
2 70 53
1 41
2 38 57
4 41 40 37 54
1 68
2 71 14
3 24 43 80
0
5 68 34 52 51 51
0
2 22 40
0
1 43
1 32
0
1 53
1 63
3 33 85 46
0
2 26 55
3 53 79 44
1 47
4 22 50 51 68
1 83
3 53 64 46
1 61
2 45 40
2 40 38
2 74 52
1 88
2 21 85
3 40 38 60
1 51
1 30
1 31
0
4 44 51 62 31
2 28 54
1 26
1 64
1 16
0
3 23 30 67
3 27 57 68
1 45
0
3 68 54 41
3 62 62 40
0
0
2 24 34
1 54
3 19 49 28
1 27
0
1 56
1 82
2 43 81
4 46 61 63 42
2 40 90
0
2 68 58
1 38
1 34
1 17
3 28 29 73
2 34 30
0
0
1 51
3 30 64 74
2 75 47
2 53 36
2 50 49
1 48
1 58
2 21 20
2 56 59
1 70
2 32 29
2 52 54
0
1 46
2 97 72
3 36 36 60
1 45
1 24
2 33 59
1 24
1 48
2 72 1
1 85
3 85 79 59
0
0
1 41
1 33
0
1 44
0
0
4 69 17 36 62
0
0
1 67
1 75
2 48 66
0
0
2 50 50
3 47 57 46
0
1 27
1 45
3 63 45 54
2 67 42
1 44
2 34 39
0
2 81 34
0
0
3 86 52 41
1 47
1 9
0
0
4 38 54 49 72
3 77 64 51
1 31
4 42 67 38 52
1 33
1 34
1 31
0
2 58 84
1 61
3 36 41 34
2 58 63
5 44 69 68 32 30
3 85 32 49
4 41 47 76 67
3 72 94 50
1 52
3 59 30 38
1 37
1 48
1 57
0
0
0
2 40 58
2 47 65
0
0
0
4 86 35 61 59
2 66 4
1 38
0
1 15
0
0
5 36 54 64 69 22
0
1 59
0
0
0
2 77 41
1 54
2 37 56
2 54 33
2 38 26
2 28 29
0
1 37
1 34
2 24 34
2 42 49
0
1 60
1 62
0
0
2 45 66
2 56 76
1 50
2 46 68
1 22
1 41
1 79
0
0
2 40 38
1 48
3 38 41 71
1 70
0
2 24 56
3 59 53 21
1 61
3 47 35 68
1 53
2 75 60
2 53 36
1 67
1 66
1 90
3 41 56 36
2 20 43
1 31
0
0
3 67 64 9
2 75 28
1 26
2 73 64
0
2 58 7
2 81 50
2 45 69
0
1 46
2 56 61
0
0
1 44
1 57
0
3 70 62 50
2 58 43
2 57 46
0
0
2 32 44
2 51 51
2 50 55
0
1 53
0
0
1 47
0
0
0
2 91 19
3 62 32 77
3 61 43 74
0
0
0
1 60
2 74 72
0
1 81
0
2 67 70
0
2 73 37
2 56 62
1 49
0
2 34 53
1 56
1 46
0
3 53 61 50
0
1 69
1 53
1 66
1 37
0
1 53
1 29
4 28 20 22 41
0
1 68
0
5 66 39 41 21 38
2 33 27
1 37
0
1 35
2 48 26
1 48
1 31
0
0
2 14 98
3 58 35 12
2 37 39
0
0
1 54
2 44 77
0
1 54
0
0
3 58 20 52
1 38
0
0
0
4 67 71 68 31
1 28
1 80
1 19
1 12
3 76 23 55
0
0
2 49 60
3 52 43 66
1 56
1 65
0
0
1 48
1 42
1 42
2 33 39
2 78 48
1 51
2 58 40
0
0
0
0
1 16
2 35 50
2 30 53
1 57
2 35 45
0
2 74 28
1 33
7 75 68 28 33 80 36 74
1 45
0
1 63
1 32
0
0
1 76
0
1 67
2 94 75
0
1 39
1 51
2 35 68
2 86 52
0
0
2 10 55
1 55
2 23 74
0
0
2 54 64
2 68 75
1 52
0
0
1 54
0
1 42
1 67
0
0
0
0
3 29 75 42
0
2 75 71
1 54
1 32
0
5 29 86 93 86 26
2 74 48
1 49
0
3 68 52 52
0
0
1 55
0
1 38
0
2 62 67
2 50 50
0
0
1 53
3 66 72 57
0
0
1 66
0
0
1 59
1 36
0
0
2 59 35
1 58
1 49
0
0
1 56
0
1 83
2 70 41
0
0
0
1 41
3 67 69 52
1 37
0
0
1 48
0
1 54
0
1 71
1 42
0
1 57
1 81
0
1 56
3 44 53 25
4 59 56 31 86
1 37
0
0
0
0
0
1 44
1 11
2 67 30
0
1 49
2 14 23
0
0
1 52
0
1 26
1 91
0
1 45
1 58
3 38 24 76
2 34 76
1 50
2 34 37
1 63
2 73 39
1 31
2 35 26
2 39 38
1 45
1 70
0
0
0
0
1 42
2 21 67
1 68
0
1 48
0
1 31
0
0
0
0
0
1 26
2 23 65
1 75
1 35
1 58
0
0
1 55
2 26 66
0
1 62
1 21
0
0
1 63
1 79
2 35 60
1 37
0
1 60
0
0
1 65
2 47 79
1 35
2 37 54
1 70
1 48
0
0
0
2 44 42
1 1
1 49
0
0
1 34
1 25
0
1 67
0
0
1 15
2 33 70
0
2 64 42
4 41 58 56 65
0
1 39
3 87 56 15
2 42 83
0
0
0
0
0
1 8
1 28
0
0
1 85
0
0
2 34 52
1 93
2 52 47
1 36
2 72 44
0
1 8
0
0
0
0
1 41
0
1 84
0
0
2 61 46
1 7
1 63
0
0
1 49
1 54
1 80
0
1 54
0
1 40
0
1 76
0
0
0
1 38
0
2 67 36
0
1 100
0
2 74 76
1 12
0
1 19
2 38 44
0
2 17 66
1 32
0
1 72
1 35
1 59
1 33
1 54
1 29
1 38
1 77
1 48
1 54
0
1 21
1 42
2 7 55
0
0
0
1 85
0
0
0
0
3 53 41 32
0
0
0
2 35 63
1 22
0
0
0
0
0
1 21
1 66
0
1 59
1 55
2 45 33
1 22
0
1 69
0
1 37
0
0
0
1 48
1 57
1 18
0
1 67
0
0
0
3 21 69 55
1 71
0
1 40
0
0
2 21 18
0
1 66
1 48
0
1 40
1 13
1 90
0
0
1 55
0
0
1 70
0
1 23
1 64
1 83
2 70 72
0
0
0
1 90
1 56
0
1 11
0
2 28 66
3 48 37 24
1 23
1 66
0
1 47
0
0
0
0
2 34 63
0
0
0
0
1 72
2 50 30
0
0
1 57
2 33 55
0
1 56
1 77
1 67
2 74 20
0
1 24
0
0
0
0
0
0
0
0
1 40
1 64
0
1 73
1 44
1 78
2 51 57
0
1 39
0
0
0
0
0
0
1 67
1 30
0
3 34 30 44
0
0
2 54 99
0
0
2 28 34
0
3 20 54 82
1 62
0
2 45 29
1 53
0
0
1 78
0
0
1 30
0
1 54
0
0
0
1 39
1 31
0
0
0
0
0
0
0
1 77
2 42 47
0
1 28
0
0
0
0
1 68
0
0
3 73 34 60
2 63 43
0
1 41
0
1 86
0
0
1 57
0
0
0
0
0
1 63
1 24
1 17
0
0
0
2 37 38
0
1 59
1 32
1 52
0
0
0
0
2 26 39
2 20 41
0
0
2 52 17
0
1 33
0
1 63
0
2 33 46
0
1 84
0
0
2 32 11
0
0
0
0
0
1 49
1 41
1 20
0
0
1 86
1 60
0
0
0
0
1 74
0
0
0
0
0
0
1 42
0
0
2 16 65
1 57
0
0
1 23
0
0
0
0
1 55
0
0
2 52 33
2 42 39
2 32 76
0
0
0
2 47 22
1 74
1 49
1 39
0
0
1 19
0
0
0
1 79
0
3 43 43 58
0
2 41 10
1 55
1 43
1 15
0
0
0
0
0
1 76
0
0
1 81
1 68
0
0
1 51
0
0
0
0
0
0
0
1 61
0
1 51
1 31
0
1 56
0
0
1 41
2 53 64
1 53
1 51
1 11
0
1 78
0
1 61
0
0
0
0
0
0
2 32 68
0
1 29
0
0
1 54
1 83
0
0
3 57 16 55
0
0
1 61
0
0
0
0
0
0
0
1 38
0
2 68 82
0
1 26
1 41
1 66
1 28
0
0
1 44
0
0
0
0
1 36
1 70
0
0
2 53 53
1 72
0
1 67
1 40
0
1 72
1 81
0
0
1 62
0
0
0
0
0
0
1 57
0
2 42 48
1 73
0
1 40
3 87 70 80
0
1 56
0
0
1 47
0
0
0
1 30
0
1 76
1 42
0
0
2 44 29
1 33
0
1 40
0
0
1 72
0
0
1 60
0
0
1 61
0
1 83
0
0
1 63
1 52
0
1 21
1 49
0
1 55
1 10
0
0
0
0
1 31
0
0
0
0
1 62
1 45
1 36
2 61 46
0
0
0
0
1 46
1 49
0
1 67
2 35 52
0
0
0
1 16
0
1 21
1 57
1 20
0
1 62
0
1 81
1 57
0
1 20
0
0
0
0
1 46
0
0
0
0
0
2 44 27
0
0
1 17
0
0
0
1 29
0
2 56 61
1 89
1 68
0
1 27
0
1 44
0
2 19 61
1 61
1 43
1 38
1 26
0
0
0
1 31
0
0
0
0
0
0
0
1 54
0
0
2 55 39
0
1 50
0
0
1 56
0
0
0
1 56
0
0
2 36 35
2 67 36
3 19 12 25
0
1 42
0
1 77
1 77
0
0
2 39 49
1 46
1 36
0
2 13 98
0
1 5
0
1 77
0
0
0
1 54
1 24
0
0
0
1 68
0
2 66 81
0
1 82
0
1 55
0
2 31 54
1 64
1 69
0
3 81 59 91
1 17
1 67
0
0
1 44
0
0
1 52
1 50
0
0
1 41
0
2 30 27
1 59
1 59
1 51
1 59
0
0
0
1 57
0
1 54
1 28
0
0
0
0
1 82
1 72
1 52
1 48
1 71
0
0
0
0
0
0
1 57
0
1 74
1 47
1 65
0
0
1 34
2 53 37
0
0
0
0
0
0
0
0
2 73 71
0
1 64
1 32
0
2 31 51
1 63
0
3 37 39 39
0
2 41 93
0
1 53
0
0
0
0
0
0
1 52
1 56
0
0
0
0
1 51
2 53 89
1 31
0
3 73 41 53
0
1 60
0
0
1 79
2 53 47
0
0
1 26
1 73
0
1 36
2 70 63
1 42
1 70
0
1 57
0
0
0
1 52
1 41
1 18
0
1 32
3 66 41 92
0
1 52
1 62
1 89
1 88
1 34
0
0
0
0
0
0
2 63 45
0
0
1 50
0
0
0
1 38
1 44
0
0
0
1 54
0
0
0
0
2 68 44
2 28 49
2 44 87
2 32 45
1 23
1 56
0
1 35
2 49 71
0
2 69 54
2 76 62
0
0
0
0
0
0
3 28 46 48
0
1 78
1 74
0
1 30
0
1 28
1 56
1 48
0
1 40
2 81 43
2 43 47
0
1 51
0
3 75 36 20
1 33
0
0
1 42
0
0
0
1 39
0
2 38 57
0
0
2 60 43
0
1 34
0
3 23 78 35
0
0
1 41
0
2 14 23
2 19 49
0
0
1 68
0
0
3 38 27 46
0
2 16 71
0
3 34 78 35
0
0
1 62
1 37
1 59
1 40
0
1 64
0
0
0
1 15
0
3 56 70 77
1 74
2 47 46
1 76
0
0
2 55 64
1 60
0
2 43 38
2 38 48
0
1 43
0
0
0
2 91 40
0
1 31
2 61 45
0
0
1 47
2 44 29
0
0
1 52
2 41 37
0
2 15 33
0
1 60
2 53 42
0
2 79 43
1 61
2 70 13
0
0
1 46
1 29
0
1 54
1 60
1 34
1 54
0
1 63
1 55
0
2 65 44
0
0
3 69 74 18
0
0
0
2 4 34
0
2 33 24
2 57 35
1 33
0
0
0
0
0
0
1 45
1 42
2 60 85
2 50 25
0
0
0
1 13
2 26 55
1 35
0
1 63
2 96 35
0
1 31
2 39 46
3 72 20 47
0
1 59
1 49
0
0
0
3 43 67 50
3 47 64 34
0
1 79
0
0
0
2 13 68
1 22
0
0
2 80 86
2 38 16
2 80 44
2 54 60
0
2 38 21
0
1 59
1 18
1 40
0
0
1 41
1 24
1 26
0
0
1 24
1 30
0
1 37
1 54
3 58 19 51
2 49 73
3 94 93 15
1 63
1 72
0
1 24
0
1 25
0
1 39
0
1 34
2 71 15
2 71 44
1 31
3 27 72 39
0
1 43
0
0
0
1 67
1 81
2 53 69
2 52 56
1 47
2 34 20
1 51
0
1 95
2 57 49
0
1 51
1 29
0
1 12
1 38
2 63 72
1 28
1 13
3 12 37 36
1 24
0
1 71
2 78 43
1 48
2 53 29
1 90
2 62 58
0
0
2 9 50
1 24
1 45
1 23
2 45 88
0
1 48
0
1 49
1 30
1 69
1 42
1 47
0
1 40
1 45
1 29
1 58
1 50
1 51
0
0
0
1 49
0
1 79
1 61
0
0
2 60 44
1 43
1 81
0
1 50
3 74 52 70
3 41 26 70
2 33 28
1 71
4 15 64 25 51
2 49 66
1 70
1 37
0
2 34 14
0
2 14 67
1 32
0
1 25
2 23 81
1 55
2 67 80
2 70 49
0
1 61
1 58
0
1 39
2 34 51
0
1 83
2 34 24
0
2 43 34
1 42
2 45 22
1 39
1 89
1 23
0
1 63
2 39 40
1 35
1 46
0
2 98 52
1 64
1 30
1 50
3 67 40 53
0
1 59
2 41 75
1 19
0
0
1 13
1 7
0
2 63 87
2 12 62
0
0
2 36 94
2 67 54
0
1 36
1 62
2 42 28
2 77 31
2 86 47
3 38 69 45
2 51 38
1 54
0
2 39 58
3 39 42 59
1 64
2 71 16
3 78 73 35
2 64 67
0
1 36
0
0
1 85
0
2 27 18
0
0
2 42 56
2 44 15
1 78
2 37 31
0
0
2 61 90
1 76
1 36
0
4 62 47 25 52
0
0
4 45 55 35 34
2 80 44
2 57 70
2 87 28
1 48
1 83
0
0
2 53 60
0
3 68 22 46
3 31 47 59
0
2 45 65
2 44 46
1 32
0
1 55
2 61 43
1 79
0
1 61
1 28
2 53 35
1 59
0
4 47 27 74 63
1 66
2 51 34
1 13
1 46
0
2 20 44
2 67 36
1 44
0
0
0
1 56
2 42 46
2 50 28
3 34 7 60
1 63
1 34
1 52
2 40 66
2 1 51
2 84 69
4 71 68 47 40
0
1 70
2 68 31
0
1 20
4 73 93 76 51
0
2 62 52
0
1 42
2 51 69
1 41
0
0
2 74 74
5 55 89 46 46 49
1 47
3 29 46 47
1 48
1 42
3 75 70 55
2 55 57
2 27 44
0
1 20
0
2 12 44
2 49 51
1 45
3 53 83 35
1 50
1 70
1 64
3 32 67 39
0
1 85
1 45
0
0
1 27
3 44 60 53
1 11
1 79
1 59
0
3 13 45 70
0
2 16 73
0
1 19
2 43 48
0
2 34 45
0
3 62 53 31
1 49
3 35 59 49
0
1 82
3 68 52 87
4 80 54 84 68
1 54
1 29
1 67
0
2 53 33
2 39 73
2 81 62
2 25 29
3 57 49 77
1 57
0
2 70 46
0
5 72 27 36 38 51
1 48
1 45
1 58
3 13 84 33
2 29 14
1 75
2 30 41
0
1 59
1 55
0
3 70 45 52
3 74 36 66
2 14 70
0
1 17
0
1 37
0
0
0
2 40 46
1 72
2 70 34
3 32 60 52
2 33 26
1 91
0
1 52
2 31 46
2 54 63
1 60
3 66 29 49
2 55 65
1 90
2 63 42
1 72
3 44 47 55
2 74 65
0
1 38
3 50 44 45
0
1 60
3 45 56 74
4 73 36 45 27
0
2 78 90
3 83 55 36
1 58
0
4 71 59 52 44
2 60 57
1 76
2 40 40
1 43
3 31 46 58
1 57
1 29
1 62
1 32
0
2 62 47
2 53 43
2 32 6
2 41 49
0
1 54
3 47 47 63
1 87
2 30 57
1 45
2 83 70
2 24 57
1 37
0
0
4 45 82 51 31
4 18 68 33 18
3 52 43 60
2 36 46
0
2 34 56
3 45 56 58
3 15 44 45
4 64 0 56 25
0
2 53 57
2 29 72
1 52
2 46 58
1 71
0
2 72 64
2 56 41
2 27 64
1 41
3 24 41 29
1 21
1 53
2 51 42
3 68 71 36
0
1 67
0
1 41
1 61
0
0
1 39
3 46 65 43
2 23 79
1 23
1 58
3 34 33 74
1 20
2 51 55
1 47
1 54
1 29
2 54 60
3 43 36 51
3 74 57 17
0
0
3 59 90 52
0
3 25 59 32
2 51 45
3 33 37 4
2 58 55
0
1 46
2 42 43
4 45 67 70 81
1 94
3 44 48 65
1 52
2 29 41
1 43
2 78 59
2 18 50
1 42
2 57 28
0
2 35 57
1 71
4 42 72 66 54
2 25 44
3 40 35 65
2 25 13
2 29 53
3 57 96 56
1 82
2 33 55
2 44 39
1 39
0
1 4
2 48 58
0
3 39 37 70
2 75 50
2 66 65
0
5 59 43 49 41 62
2 62 56
1 25
1 65
0
1 56
1 41
1 55
3 84 33 50
2 44 75
2 47 58
2 7 73
3 27 31 83
2 60 54
0
0
1 84
2 60 71
2 75 68
1 31
3 29 61 62
3 74 11 33
0
1 16
1 69
3 57 47 12
0
4 31 67 29 74
3 45 52 63
1 12
2 60 52
1 87
1 56
2 58 38
4 36 57 25 51
2 35 40
2 56 58
2 86 60
4 25 63 26 63
1 28
1 81
1 71
3 38 51 38
0
3 36 59 29
1 64
3 64 2 68
3 66 74 43
2 35 46
2 61 46
5 78 37 51 55 25
2 43 51
1 59
4 72 35 79 43
2 80 25
2 60 64
3 66 76 40
2 53 51
3 49 36 52
0
1 26
3 49 58 66
2 53 16
1 80
3 70 61 50
0
0
3 59 95 76
2 36 46
2 82 61
2 40 18
0
2 52 48
0
1 42
1 32
1 22
1 40
0
4 42 70 49 36
0
1 37
3 76 87 51
1 67
3 35 27 82
2 10 86
2 35 20
1 62
0
1 44
1 45
2 57 56
3 35 37 35
3 51 54 54
3 31 40 27
3 62 50 57
2 76 62
1 57
3 48 65 50
3 56 29 64
4 23 22 68 80
6 49 68 48 55 49 44
5 61 55 40 30 58
3 39 5 37
0
2 40 56
4 40 81 55 29
3 23 61 60
2 78 63
3 50 17 76
1 66
0
3 51 26 86
3 77 23 78
1 44
1 74
1 41
1 42
2 27 30
2 45 43
0
1 62
2 41 42
2 25 47
3 49 79 46
1 84
2 47 40
4 53 37 67 5
0
1 77
1 87
4 35 40 43 65
1 94
3 91 76 50
1 75
1 71
3 35 49 66
1 73
1 63
5 50 59 20 43 66
5 84 55 64 22 61
0
0
4 39 22 48 50
0
0
1 62
2 75 55
2 48 61
5 36 76 34 29 66
3 43 51 47
3 38 19 51
3 75 52 80
2 47 36
1 19
3 35 46 75
0
0
4 33 31 59 33
0
2 44 45
6 39 54 49 30 33 36
0
1 47
1 39
2 50 49
2 22 57
4 35 70 66 61
0
0
1 55
1 67
4 56 54 28 35
2 46 38
1 46
1 44
1 44
5 61 45 76 47 49
2 52 25
1 43
4 62 0 11 69
5 19 35 64 58 60
1 59
4 75 52 55 45
2 76 30
1 48
4 73 49 97 79
3 17 38 73
1 19
1 16
0
1 25
4 63 71 44 57
3 38 75 62
1 47
3 44 44 43
2 48 31
5 47 77 79 48 46
0
2 25 43
0
2 42 46
4 57 77 48 48
2 65 41
2 53 40
0
2 47 71
3 44 51 44
5 42 85 68 48 35
0
3 90 39 30
3 17 55 49
3 54 46 66
2 49 57
2 62 27
1 77
2 46 61
1 86
3 65 49 73
3 39 70 60
1 46
2 68 54
1 58
4 18 69 62 59
2 36 93
4 67 50 71 62
0
2 57 64
3 36 54 63
2 72 54
6 71 27 40 51 50 78
3 40 30 16
0
2 36 57
3 12 40 65
2 35 51
1 73
2 38 35
2 50 65
1 33
6 59 32 34 42 69 45
2 34 65
0
5 24 32 75 37 83
3 28 36 66
2 44 39
0
2 43 60
2 58 34
2 75 40
2 69 26
0
0
2 56 43
2 81 50
3 58 82 52
2 51 61
2 62 32
3 12 81 88
1 26
2 43 27
2 52 25
1 37
1 51
1 59
2 45 54
1 50
0
1 75
1 58
3 82 45 50
1 54
1 28
1 13
4 47 47 32 88
4 48 69 14 42
4 43 45 18 68
4 63 43 44 34
4 81 39 43 30
2 53 48
1 50
3 87 49 39
6 50 54 38 37 52 66
3 54 68 38
3 27 42 21
2 58 50
2 56 18
1 40
3 25 69 64
2 57 53
2 56 41
2 16 23
1 19
1 74
1 40
3 63 72 35
3 79 32 46
4 71 66 54 84
0
3 71 44 56
0
3 19 43 37
1 38
0
1 45
1 81
4 42 62 53 41
3 24 48 24
5 50 61 55 35 52
1 57
3 64 49 46
4 55 73 62 70
4 13 57 80 42
4 25 63 32 57
2 39 53
3 61 47 48
4 81 74 26 45
2 45 50
0
3 90 84 46
3 62 46 17
2 59 54
0
3 63 32 27
1 53
3 39 33 40
1 69
1 44
1 42
2 39 55
3 54 50 27
2 68 27
3 40 39 42
4 62 63 42 81
1 38
4 52 76 32 66
1 43
3 49 56 92
2 70 53
2 61 62
1 65
0
1 76
1 59
4 82 59 43 59
3 40 66 50
3 39 31 53
1 47
2 66 24
5 53 47 76 44 52
0
3 61 42 65
2 50 56
6 93 33 48 74 71 31
2 61 76
1 37
2 47 30
2 62 38
1 49
1 28
3 50 50 60
5 60 35 90 78 49
2 36 32
2 29 35
4 52 53 64 9
1 38
3 1 40 29
1 45
1 47
3 75 42 39
4 32 54 20 15
2 61 69
1 34
0
0
4 40 59 62 77
1 56
1 48
3 55 40 54
4 54 13 39 33
3 76 6 33
2 89 41
2 75 37
1 61
6 22 61 66 48 80 48
4 83 55 60 63
3 59 5 69
3 28 79 40
1 50
1 67
1 27
1 57
5 31 35 23 29 16
5 55 31 66 56 21
2 83 84
1 72
2 31 52
6 58 68 21 16 52 60
0
1 49
1 65
3 48 45 66
0
0
2 32 78
4 61 36 39 37
0
4 38 52 80 81
1 55
1 83
3 40 64 61
2 41 44
3 39 65 27
2 25 75
5 18 23 5 62 66
2 41 35
1 31
2 63 52
2 77 25
1 29
3 67 54 78
6 55 70 28 56 66 31
2 74 35
4 54 64 47 20
3 28 15 67
1 58
0
2 61 23
1 35
0
5 51 70 56 48 34
2 50 18
3 31 50 56
3 73 40 48
3 28 59 55
1 65
3 24 87 43
2 57 59
2 61 33
6 52 41 42 52 30 24
1 54
2 43 49
0
0
2 80 38
6 67 59 59 66 85 29
2 69 41
3 69 61 78
1 38
1 28
0
1 20
4 53 35 40 31
2 35 58
3 52 30 70
3 38 43 53
6 46 4 31 66 26 37
3 70 57 70
4 65 27 72 37
3 54 50 15
1 32
1 15
1 38
4 60 42 36 49
2 57 19
4 22 48 43 9
1 97
1 28
3 24 57 90
3 30 58 17
1 53
6 46 55 49 67 47 56
2 45 59
1 60
2 58 26
1 48
2 36 48
4 82 52 27 78
5 33 73 58 67 56
3 59 28 59
2 77 36
1 71
4 67 47 51 35
0
3 62 32 34
2 54 65
1 54
1 53
2 20 32
0
0
0
4 51 30 37 66
1 87
0
4 59 28 41 63
4 40 52 57 56
3 58 45 51
5 35 44 46 66 62
3 74 25 48
7 29 43 31 37 72 33 45
3 55 32 68
2 30 57
2 38 53
3 59 80 32
2 51 38
5 60 57 38 6 57
3 54 72 56
1 88
5 73 59 47 40 72
2 24 58
2 26 35
3 37 80 39
4 34 82 47 50
6 64 28 55 34 40 29
0
1 34
3 76 72 66
2 56 66
1 24
1 55
6 77 29 63 49 30 51
2 40 44
5 30 31 78 46 53
1 36
3 82 45 29
2 37 66
1 23
3 46 79 45
0
