3600 4
0
0
1 25
0
0
0
2 37 71
2 69 58
0
0
1 62
0
0
1 29
1 13
1 13
4 70 52 75 22
0
0
1 61
0
2 69 59
3 30 78 43
0
0
1 87
0
2 42 56
1 57
1 20
1 40
0
1 30
0
2 70 56
1 49
2 54 45
2 13 53
0
2 50 60
1 19
0
1 45
0
1 43
1 53
0
1 24
1 43
1 40
1 46
1 4
0
1 54
0
0
0
1 41
1 41
1 77
0
0
0
1 35
1 51
0
0
3 75 53 27
0
0
1 70
3 47 31 65
0
2 23 41
0
0
0
1 61
1 51
2 2 47
0
1 78
2 38 35
1 81
0
0
2 60 77
2 53 67
0
0
0
0
0
2 86 49
0
1 19
0
0
2 18 43
0
1 33
0
0
3 48 60 54
2 52 44
0
0
0
0
1 84
0
1 58
1 43
0
1 30
1 67
0
1 80
1 12
0
4 67 48 59 41
1 45
1 8
0
1 37
1 23
0
0
1 33
0
0
0
0
0
0
1 35
2 75 77
1 48
2 26 19
0
1 53
4 47 63 48 58
2 56 45
1 13
1 59
1 66
0
2 48 53
0
0
0
0
0
0
0
2 71 46
3 67 66 69
1 29
0
0
2 38 40
2 37 33
1 47
1 62
0
0
0
1 59
0
0
1 83
0
1 69
0
0
0
1 54
1 32
1 20
0
0
0
3 46 49 89
1 46
0
0
0
1 24
0
0
0
0
2 68 59
0
4 79 65 35 69
0
0
0
0
0
1 85
2 48 58
0
0
2 67 70
1 46
0
0
1 20
2 48 47
0
0
0
0
1 83
0
0
1 42
1 45
0
2 77 46
0
0
0
1 45
0
0
2 56 70
0
0
0
1 51
0
1 38
0
1 44
2 24 60
1 90
0
0
0
0
1 83
1 27
1 27
1 48
1 28
0
0
2 62 43
2 49 9
1 52
2 78 100
2 36 36
2 60 67
0
0
0
0
2 85 85
1 42
0
0
0
1 75
0
2 63 32
1 79
1 56
1 40
0
1 32
0
0
0
1 41
0
0
0
0
0
1 14
2 49 20
0
0
3 63 48 38
0
0
1 30
0
0
1 91
0
0
0
0
0
0
0
0
0
0
0
2 42 26
0
0
1 95
0
2 54 49
0
2 53 28
1 44
1 57
2 70 54
1 39
1 28
0
0
0
1 44
2 14 72
1 43
0
1 57
1 34
0
1 66
0
0
0
1 71
1 62
1 23
1 20
1 80
2 47 45
0
0
0
0
1 40
1 42
0
1 39
0
0
0
0
0
0
0
0
0
0
0
0
1 76
0
1 34
1 54
0
0
0
3 36 55 40
0
1 63
0
2 35 55
0
3 8 66 61
0
0
1 68
0
1 52
1 48
2 70 90
1 4
1 76
0
0
0
0
0
0
2 10 55
2 26 33
0
2 29 45
1 73
1 48
0
1 42
0
0
1 39
0
0
0
0
0
0
1 62
1 43
0
0
0
0
2 63 65
0
0
1 68
0
1 67
0
0
0
1 25
1 60
0
0
0
0
1 74
0
1 70
0
2 41 35
0
0
1 71
0
0
0
1 57
1 44
1 61
0
1 84
1 59
0
1 44
1 35
0
1 62
3 36 49 54
0
0
0
0
1 79
1 78
0
0
1 37
3 41 43 52
0
0
1 25
0
1 46
0
0
0
0
0
0
0
1 54
1 86
0
0
1 54
0
0
1 45
1 26
1 44
1 40
1 23
1 63
0
0
0
1 79
2 52 57
1 60
1 63
0
0
0
0
1 51
2 16 94
0
2 67 67
0
0
0
0
1 23
1 62
0
0
1 66
0
0
0
1 52
0
1 54
1 77
0
0
0
0
0
0
0
0
1 60
0
0
0
1 39
0
0
0
1 29
0
1 14
0
0
0
2 63 45
1 45
3 53 62 52
1 40
1 42
0
0
1 37
0
1 86
0
0
0
0
0
2 67 58
1 74
0
0
1 54
3 79 29 28
2 18 41
1 59
0
1 64
0
0
0
1 35
0
1 36
1 61
0
1 50
0
0
0
0
0
1 73
0
0
0
2 84 73
0
1 39
1 87
1 29
2 82 56
1 64
0
0
0
0
0
2 18 72
0
0
0
0
0
0
0
1 60
2 53 54
0
0
1 26
0
0
0
0
1 90
0
1 51
0
1 50
1 32
0
0
2 17 99
0
0
0
2 40 65
0
0
0
0
2 11 45
2 31 32
0
1 23
1 24
0
0
0
0
0
0
0
0
2 23 85
0
1 89
2 51 56
0
0
0
0
0
1 23
1 65
0
1 36
0
0
0
1 64
1 19
3 41 67 40
1 34
1 65
1 29
0
1 31
0
0
1 35
0
2 47 76
0
0
0
0
1 60
0
0
0
1 37
3 79 73 96
0
1 45
1 50
1 53
0
0
0
2 27 65
0
1 96
0
0
0
2 57 61
0
1 29
1 34
2 35 11
1 15
0
0
1 73
1 30
1 42
0
0
0
0
1 70
1 55
0
0
1 28
0
1 76
2 6 76
0
0
0
1 31
1 45
0
0
1 45
0
0
1 59
0
1 66
1 65
0
1 34
0
1 48
0
1 59
0
3 48 52 65
0
0
1 27
1 30
0
0
0
1 18
0
0
0
1 58
0
0
1 57
0
0
0
0
3 49 57 32
1 49
1 53
0
0
0
2 25 31
1 53
1 35
0
2 25 28
1 86
0
0
1 1
1 60
0
1 37
0
2 44 69
1 54
0
0
1 30
0
2 51 49
0
0
0
2 59 44
0
0
2 39 51
0
0
1 43
1 15
0
1 47
1 54
0
0
0
1 79
1 38
0
2 74 70
1 99
0
1 15
0
1 55
0
0
0
2 53 56
0
0
1 51
1 50
1 41
1 60
0
0
0
1 84
0
0
1 32
1 22
0
0
1 77
0
1 33
0
0
0
0
0
2 54 63
0
2 49 57
0
1 76
1 53
1 71
1 62
1 77
1 36
1 93
0
0
2 42 66
3 44 51 38
1 51
0
0
2 66 51
1 21
1 55
0
0
1 54
1 72
0
0
0
0
1 29
0
0
3 21 19 7
1 35
2 79 55
1 59
0
1 54
0
0
0
0
2 67 55
0
0
1 49
1 57
0
1 75
1 68
2 55 38
1 92
1 50
1 55
1 19
0
0
0
1 52
2 48 40
2 46 24
1 36
0
1 56
0
1 81
1 58
0
0
1 80
1 41
0
1 75
0
0
1 41
1 70
2 78 50
0
0
1 41
2 61 49
1 35
0
1 36
0
2 22 75
1 0
1 81
0
2 63 41
1 79
0
0
1 35
0
0
0
0
0
1 78
1 29
1 53
0
1 67
0
0
1 46
3 45 44 32
0
0
2 49 55
2 45 54
1 79
1 72
0
1 57
0
1 42
0
1 42
1 1
3 46 64 74
0
3 24 42 80
0
0
0
1 32
1 73
0
3 45 65 51
2 38 26
0
1 68
1 49
0
1 42
1 44
0
2 32 85
2 39 39
1 80
0
1 66
0
1 35
0
1 73
0
0
1 19
0
2 53 80
1 31
1 51
2 56 74
0
0
3 45 57 65
0
0
0
1 42
2 39 48
1 42
0
1 56
3 61 58 66
1 41
0
1 30
0
1 55
0
0
1 57
1 62
3 85 24 72
0
1 37
0
0
0
2 49 46
1 88
1 51
0
1 65
0
4 45 63 45 45
0
3 51 63 70
0
0
0
1 27
3 54 30 32
3 66 73 56
0
0
2 52 74
2 54 61
3 33 76 54
0
0
2 52 59
1 31
1 45
0
3 45 25 60
0
2 54 35
3 33 71 37
2 52 57
0
0
0
1 31
0
0
0
0
0
0
0
1 29
1 71
0
0
0
0
1 68
0
0
1 88
2 44 69
1 25
2 57 45
0
1 34
2 23 64
0
3 69 79 42
0
1 79
1 55
1 30
2 57 34
2 48 71
2 48 50
0
1 47
1 63
1 51
0
0
1 26
1 24
1 45
2 24 55
1 45
1 47
1 24
2 74 72
1 86
2 56 11
2 15 64
1 52
2 23 63
0
0
2 63 52
0
0
0
2 47 41
1 43
3 51 34 43
1 64
0
2 27 48
1 31
0
1 24
1 66
0
1 66
3 62 44 28
2 50 81
1 56
1 83
0
1 47
1 81
1 71
1 77
3 78 60 54
0
1 54
3 88 30 50
1 38
1 31
1 24
0
1 44
0
2 62 52
0
0
1 67
0
1 55
0
1 45
1 46
2 74 43
0
2 44 76
0
0
2 52 81
2 39 67
1 51
2 22 32
2 44 49
2 39 10
1 41
1 60
2 1 60
3 72 52 33
0
0
2 55 49
1 77
0
3 59 89 38
2 47 68
2 47 78
0
0
0
0
1 55
1 79
0
0
1 59
1 30
2 60 43
1 32
2 36 29
1 43
2 51 83
1 42
1 64
1 76
0
1 44
2 23 37
1 28
0
0
2 54 82
2 43 77
1 57
1 74
2 44 38
0
3 58 55 33
2 32 5
0
1 59
0
0
0
2 33 66
1 34
1 49
1 33
0
3 63 41 54
1 52
2 30 24
1 46
1 66
2 62 22
0
4 45 75 48 85
1 49
0
1 63
2 32 43
1 36
1 64
1 60
3 43 35 16
1 56
0
2 50 14
0
3 67 55 72
5 66 42 53 80 33
1 81
2 51 46
1 60
0
2 36 51
1 44
1 31
2 17 28
3 39 66 52
1 72
1 29
1 19
0
0
3 36 36 37
0
2 58 21
4 17 68 44 20
0
1 22
1 48
0
1 47
0
1 60
0
4 22 52 71 61
0
1 60
0
2 48 15
0
2 90 22
1 44
1 40
0
0
4 70 32 62 78
0
1 48
0
3 18 26 62
1 2
2 49 19
0
2 36 19
2 45 20
0
0
1 64
1 62
1 32
1 80
3 53 62 29
3 38 85 51
3 42 51 70
1 52
1 65
1 38
0
2 41 62
0
3 24 18 24
1 61
1 34
2 53 72
1 60
1 30
1 48
0
0
1 81
1 48
2 65 30
1 83
1 43
0
0
1 65
0
3 62 43 59
0
2 65 26
2 87 41
2 44 50
1 52
3 76 53 30
0
3 53 51 53
2 40 41
1 49
2 50 84
3 37 98 75
1 58
1 36
2 42 57
5 44 21 52 35 44
1 61
0
3 67 29 40
0
2 41 63
1 61
0
0
2 54 63
2 45 65
0
1 17
0
0
2 50 69
2 37 16
1 46
3 64 91 72
2 69 34
4 57 72 44 40
0
1 47
2 54 50
2 61 68
4 71 38 40 48
2 48 61
4 56 43 55 60
4 40 25 65 43
2 57 54
0
1 31
0
0
1 77
1 88
2 55 61
1 63
3 44 48 46
0
1 70
1 34
0
2 42 57
1 40
1 60
3 12 66 42
2 37 67
1 33
1 38
2 46 65
1 11
3 28 57 63
0
0
1 55
0
3 82 68 52
3 6 23 37
2 55 29
1 82
1 40
3 25 65 74
0
3 28 51 45
0
0
1 56
2 30 59
2 58 18
0
2 55 78
1 57
2 78 48
1 30
2 58 58
2 54 49
1 43
4 25 73 75 88
1 14
1 37
3 90 61 51
2 68 56
1 43
2 57 70
4 22 81 74 12
1 83
3 96 27 50
2 44 65
1 67
2 46 2
1 22
0
2 34 70
2 48 32
1 59
1 54
1 76
2 43 29
1 48
1 71
1 53
3 53 63 79
0
2 38 47
2 42 26
1 63
2 33 44
3 57 31 47
3 27 22 70
2 69 35
1 87
0
2 48 48
0
2 57 36
2 46 46
3 85 43 36
0
0
0
0
3 66 45 46
2 36 64
1 65
1 13
1 45
6 11 27 60 77 59 40
1 36
1 53
4 18 47 58 62
2 72 49
2 63 51
3 65 71 41
3 69 22 34
0
2 31 48
1 29
0
3 44 64 67
0
2 58 16
0
0
1 43
1 71
2 45 43
2 37 73
1 43
0
0
3 48 73 56
0
1 71
3 34 42 35
1 44
1 44
3 34 38 52
3 13 16 53
1 39
1 36
1 56
2 58 61
1 63
3 79 62 23
0
4 77 50 38 42
2 66 66
1 32
4 57 50 50 26
7 27 42 61 41 61 57 19
6 65 62 58 40 91 42
3 33 56 28
1 46
1 62
1 79
2 59 32
2 33 52
1 44
1 84
2 15 56
1 66
2 42 38
2 44 55
1 90
0
0
1 65
2 28 39
1 54
1 92
1 31
2 51 38
0
0
0
2 58 45
0
0
3 60 66 89
3 48 44 56
1 63
3 63 33 47
2 36 33
0
1 48
3 42 72 60
1 46
2 81 78
2 47 19
3 38 64 49
2 34 61
2 69 51
3 26 51 45
1 74
1 39
2 12 50
3 42 16 46
1 86
1 44
0
2 50 65
1 23
2 69 8
3 34 74 30
1 82
3 78 48 34
0
2 32 28
4 19 33 48 54
1 26
4 58 58 70 46
2 38 35
1 88
3 62 49 60
2 37 60
0
2 62 90
0
3 60 60 50
2 43 23
3 46 56 51
2 31 41
4 31 10 12 57
3 58 63 68
1 41
2 57 59
2 75 44
2 45 65
2 53 55
1 66
3 34 46 44
1 38
1 46
2 46 30
3 73 36 51
1 28
2 64 87
0
1 32
2 42 65
1 18
2 4 43
2 78 43
4 29 48 33 81
0
3 49 31 83
1 76
3 67 95 54
2 59 53
2 43 23
1 25
3 44 20 60
1 72
2 43 75
1 63
1 41
3 32 38 75
1 47
3 43 68 55
1 51
1 66
2 70 18
1 51
2 85 32
3 29 43 27
4 72 84 65 55
3 6 79 72
2 26 54
2 29 46
0
1 72
2 51 67
0
3 60 61 61
2 44 67
0
2 24 66
7 45 27 64 42 20 54 45
4 60 60 79 76
4 84 41 38 2
0
0
3 40 65 61
1 28
3 61 52 6
1 36
4 57 57 44 65
4 39 44 42 36
0
0
2 48 47
1 89
1 24
0
2 67 59
1 21
2 22 76
1 64
2 89 56
1 51
1 83
0
4 35 50 48 19
3 69 68 62
3 60 89 51
4 52 52 71 66
0
1 79
2 22 49
1 48
1 34
1 60
2 45 55
1 62
4 65 67 33 42
2 46 81
1 38
2 21 36
4 52 71 58 64
1 62
2 86 56
1 40
2 28 14
1 85
2 89 60
2 31 27
2 52 57
2 54 4
2 54 52
0
2 14 44
0
1 58
5 28 71 31 70 27
3 23 78 49
1 48
3 67 20 52
5 63 54 49 68 41
0
1 45
3 37 36 69
1 38
3 45 48 53
2 45 76
4 52 31 75 69
3 65 61 70
0
2 48 26
2 51 55
4 38 28 55 22
4 65 37 44 30
3 71 37 61
1 64
2 16 36
0
1 63
1 69
1 44
2 39 60
2 36 45
5 57 78 28 55 52
2 56 35
3 38 63 28
1 70
2 30 41
2 46 39
2 21 45
1 70
5 32 68 63 98 63
3 42 51 13
4 64 47 72 93
2 56 85
2 49 46
0
1 53
3 70 22 32
1 85
2 75 78
2 39 43
1 54
2 60 44
2 76 93
3 43 39 98
1 42
1 61
2 91 40
3 27 16 73
1 71
3 37 64 37
1 69
2 65 69
0
2 56 84
5 46 43 38 70 31
2 87 44
3 25 28 51
1 36
1 66
6 62 29 88 36 62 65
1 59
2 39 29
5 42 61 67 74 60
1 48
4 22 43 92 52
2 58 44
3 8 9 40
2 68 47
0
0
1 54
2 14 36
0
3 40 37 43
4 38 62 6 38
4 18 74 47 51
2 30 34
0
4 68 69 42 49
2 76 47
4 48 49 24 47
0
1 6
2 85 37
2 69 32
1 51
1 32
1 62
3 33 44 44
1 64
3 53 83 11
2 30 72
1 32
1 62
0
1 50
2 43 27
3 45 42 49
1 41
3 52 61 63
3 30 31 33
5 57 8 43 40 34
2 63 57
2 31 60
3 40 47 44
1 45
1 42
2 48 61
2 25 58
3 52 69 48
2 52 62
4 49 41 35 60
2 51 32
3 56 58 56
2 55 87
2 38 49
1 32
2 43 56
4 58 58 52 22
0
0
0
3 70 58 65
4 31 59 67 41
0
4 57 62 47 53
2 48 58
3 75 54 53
4 43 93 45 60
2 80 6
0
0
3 18 86 61
2 48 31
3 29 49 39
3 53 27 54
2 18 36
4 32 33 63 60
3 25 22 73
3 20 44 49
2 80 52
1 70
4 74 54 50 10
4 42 77 97 38
1 32
2 45 51
1 37
5 50 56 37 58 31
1 46
1 83
3 50 58 19
2 41 51
1 14
1 71
2 39 38
3 69 57 57
0
3 55 57 35
4 78 50 85 48
3 75 30 65
0
2 64 14
2 51 34
3 68 83 33
3 40 67 61
3 34 20 60
5 51 25 69 38 14
3 55 56 61
3 38 92 55
2 54 86
1 43
1 17
4 16 85 60 23
2 23 72
0
5 35 65 70 69 71
0
4 52 55 67 58
3 63 70 38
5 62 49 91 67 54
1 54
2 33 34
1 71
2 48 47
1 69
6 25 56 56 71 63 5
2 76 23
6 26 41 50 78 68 12
1 59
0
2 48 70
2 96 72
2 26 46
3 48 46 48
3 16 39 69
3 67 23 34
1 72
3 80 43 34
0
2 72 61
1 45
2 41 44
4 59 36 66 37
3 58 52 81
2 60 26
1 76
4 55 44 67 81
1 46
1 33
1 61
1 44
2 39 42
3 46 34 71
2 42 32
1 77
2 40 18
2 48 13
1 47
2 48 47
1 57
5 41 83 44 32 27
1 26
8 35 45 71 58 64 35 53 86
1 41
1 73
1 26
1 65
5 75 51 69 76 36
4 27 23 66 76
3 84 50 26
1 67
1 61
1 44
4 53 49 46 46
2 21 33
4 33 35 49 77
3 79 84 45
0
1 91
5 35 59 87 46 29
2 84 60
1 36
1 78
3 74 40 19
3 70 48 60
4 93 54 65 87
1 10
2 47 60
3 44 51 69
0
1 61
2 53 45
1 62
5 35 48 27 61 45
1 56
3 44 39 33
2 61 39
1 47
5 23 36 57 36 54
3 24 70 52
2 45 55
3 35 64 29
1 46
1 32
4 32 52 17 26
3 36 77 73
3 52 39 55
1 19
2 56 49
3 63 61 39
3 73 30 55
1 54
3 65 53 63
5 42 42 35 38 77
1 33
4 35 44 36 49
1 37
1 31
1 27
5 17 47 57 58 92
1 38
1 61
2 27 61
3 37 47 80
2 28 74
4 81 73 36 32
3 74 59 47
0
4 59 70 48 89
1 31
4 36 39 40 78
3 30 74 56
4 31 71 35 50
2 37 50
3 54 22 33
1 64
2 54 38
1 31
2 62 54
7 64 75 49 8 25 26 22
4 34 72 33 52
3 42 26 53
3 17 78 58
2 33 72
2 61 62
3 57 35 49
1 49
1 5
3 48 15 45
3 71 35 59
1 47
2 19 62
2 37 41
2 28 55
2 39 25
7 23 29 19 41 9 39 61
1 65
1 58
3 26 74 57
1 61
2 57 73
5 57 34 65 35 54
1 24
3 50 87 67
1 49
0
2 80 31
2 51 52
1 17
1 53
1 72
1 19
3 47 52 20
5 19 50 39 30 48
2 17 26
2 25 69
0
2 80 78
2 81 61
7 30 22 46 64 82 37 48
4 49 37 95 61
2 51 57
2 70 6
2 44 31
1 58
4 48 74 45 90
2 59 54
2 68 27
3 43 30 25
3 74 38 33
1 47
4 52 42 34 49
2 49 60
4 6 49 58 41
1 40
3 66 66 45
4 55 38 76 39
7 61 88 61 45 63 52 59
2 50 58
0
2 62 22
2 44 53
2 14 25
0
0
4 84 38 61 18
2 25 60
4 61 54 57 89
2 27 43
2 55 97
0
2 7 65
2 56 61
3 59 59 71
3 70 60 64
2 63 30
4 43 61 30 37
3 50 64 46
2 90 39
2 35 44
4 78 71 38 59
3 37 64 72
3 75 62 63
2 43 33
4 53 60 22 16
3 57 94 83
1 61
1 44
1 68
0
2 30 42
4 74 86 62 52
3 63 30 55
2 75 54
2 61 93
1 33
2 47 56
4 80 42 52 47
2 72 88
1 18
4 39 74 56 66
4 58 57 37 33
2 27 65
3 47 16 42
3 37 66 34
0
1 72
5 40 63 86 56 66
3 48 55 68
3 84 79 46
2 46 73
5 45 41 48 69 51
1 32
2 52 76
1 39
3 57 63 65
6 91 55 78 61 57 47
1 83
7 71 49 88 47 57 63 65
1 29
2 52 82
2 25 92
3 50 65 61
3 43 33 48
3 65 14 38
2 69 69
2 59 38
5 30 44 58 61 49
3 45 21 54
3 62 35 51
4 38 53 61 38
2 68 40
1 30
1 78
1 54
4 54 8 57 28
2 48 22
5 29 51 50 58 18
2 93 35
1 38
1 15
0
2 61 56
2 28 35
3 72 57 42
4 64 70 57 74
2 48 59
1 53
2 38 48
4 34 88 50 30
2 83 55
1 52
4 12 40 47 47
3 64 74 47
1 61
3 38 53 39
4 82 58 54 35
1 84
2 75 47
2 40 48
0
2 14 55
2 37 64
5 0 78 75 26 25
1 40
3 36 62 53
1 22
1 86
2 52 74
0
3 34 67 34
1 64
3 44 85 34
1 49
4 51 47 31 55
4 52 71 62 30
4 11 53 89 66
2 41 62
1 43
4 15 46 83 60
2 48 44
4 51 44 34 69
3 60 56 61
6 50 51 62 55 31 41
5 5 17 34 56 67
3 83 68 50
5 84 41 51 59 37
1 18
2 45 17
4 3 63 35 60
1 62
3 50 68 30
4 28 45 66 74
4 38 52 49 26
1 65
1 49
1 28
3 14 60 65
2 63 51
2 63 51
4 83 69 28 43
3 61 48 60
2 59 72
1 68
2 43 69
3 10 65 65
2 17 43
5 56 58 38 54 55
6 45 58 63 48 54 30
0
2 42 56
1 48
2 34 48
2 73 23
1 56
2 56 15
1 72
0
4 30 77 42 49
0
5 54 75 45 69 39
2 67 54
1 44
3 66 76 52
1 13
3 74 49 38
3 59 55 55
5 31 17 17 53 34
8 80 46 27 60 15 55 9 56
2 58 60
2 51 31
5 42 14 51 31 88
1 62
1 31
0
2 63 26
3 66 76 60
2 19 50
4 87 73 55 22
3 66 90 60
6 53 51 39 44 29 34
0
1 72
2 52 42
1 39
2 55 43
1 13
3 69 57 48
1 53
2 97 58
2 62 53
4 14 55 86 38
3 86 73 53
3 32 30 32
0
6 46 43 44 34 65 54
3 56 52 52
4 41 24 33 54
3 55 64 38
1 58
3 46 71 74
5 23 69 60 42 44
1 87
1 54
7 24 57 46 87 29 48 39
0
3 44 34 78
2 41 48
4 29 32 38 56
3 55 60 58
3 39 53 26
2 48 65
1 75
2 33 48
3 72 32 60
2 46 25
1 35
2 46 37
3 45 21 42
2 43 87
7 40 3 46 64 21 6 36
2 49 34
3 46 2 61
1 64
2 47 46
1 45
2 69 75
1 41
1 67
1 62
1 39
5 42 48 53 76 41
5 54 70 24 20 84
2 39 75
2 57 19
4 83 63 68 66
3 26 28 33
1 67
4 52 25 65 73
2 67 30
2 11 38
1 38
3 41 57 8
3 57 62 61
3 27 63 48
0
2 69 69
2 83 53
2 55 54
2 44 78
4 70 80 19 54
4 16 69 60 50
4 41 59 53 63
2 47 27
1 39
9 57 95 45 71 72 27 76 63 36
1 62
1 55
2 42 56
4 88 52 49 46
3 81 65 64
2 33 73
4 18 21 55 15
0
3 47 5 41
1 59
3 35 54 51
3 37 61 53
2 57 50
3 56 45 46
0
5 46 48 86 55 75
4 50 49 41 45
1 58
0
0
2 54 64
5 68 77 52 31 70
3 59 46 86
2 52 61
1 56
4 69 54 32 37
0
4 73 9 61 56
3 70 40 63
2 46 87
3 51 76 29
5 17 40 41 56 73
5 68 66 46 44 7
2 53 45
2 52 38
3 33 33 40
2 37 57
4 37 55 22 29
1 29
1 21
3 43 40 62
1 65
4 57 11 59 70
5 30 56 9 45 17
2 58 62
5 48 34 45 48 32
3 47 58 45
3 60 33 56
1 46
2 36 17
3 41 49 78
3 46 20 67
2 63 24
4 54 58 56 65
2 21 29
3 57 60 60
2 60 44
1 8
1 34
2 18 47
1 47
3 88 53 68
2 49 26
2 25 53
2 89 48
3 48 49 21
2 57 34
4 47 29 44 28
1 62
4 57 41 16 65
2 83 78
2 21 42
3 48 50 48
2 60 65
2 84 28
2 65 46
0
2 53 38
3 66 65 76
1 11
2 36 49
4 77 36 62 76
4 59 44 7 44
2 16 64
4 52 62 62 40
3 48 61 78
2 38 32
2 26 43
4 55 66 70 70
2 77 64
2 17 64
3 62 41 98
1 74
7 76 52 89 25 23 38 65
2 41 55
0
1 55
4 51 32 46 49
2 66 62
1 39
5 49 29 24 69 46
5 24 35 73 38 69
1 27
2 23 73
4 48 44 61 28
1 69
3 33 61 44
3 35 60 51
2 68 63
3 28 37 30
3 47 32 79
0
2 90 42
3 50 61 75
0
5 60 28 24 50 37
2 51 65
3 90 55 78
2 45 62
4 40 56 30 84
1 43
3 40 50 86
2 78 29
1 44
3 14 5 54
4 33 42 55 42
5 8 55 39 88 32
1 64
3 41 69 63
3 86 28 71
2 71 35
2 72 97
2 59 70
3 80 51 40
1 29
2 36 26
2 35 33
1 37
3 13 35 54
1 78
3 65 67 53
1 30
1 53
2 8 50
4 57 65 69 45
0
1 16
2 32 33
4 19 37 35 15
0
6 81 33 65 49 81 50
3 31 42 74
1 41
4 54 57 51 16
3 48 55 71
5 36 69 33 49 21
0
3 65 37 53
2 78 67
5 78 75 60 44 55
2 45 34
6 33 42 20 64 40 52
3 15 37 73
4 32 63 65 56
0
1 67
3 62 52 14
3 34 61 61
2 41 15
1 12
4 53 47 2 23
1 20
3 33 23 45
5 55 47 48 36 41
3 62 54 62
4 54 31 25 12
3 27 23 31
3 71 51 85
5 63 47 52 30 34
4 27 43 68 12
1 63
2 33 65
3 47 31 27
0
2 52 41
3 73 48 30
1 87
4 51 46 76 67
3 52 43 71
0
1 60
2 90 50
2 67 80
1 25
1 78
3 28 31 39
1 52
0
0
6 57 37 56 47 49 43
5 57 29 52 49 41
3 75 48 35
4 67 45 40 38
6 76 59 20 58 46 33
1 66
2 56 43
2 37 58
2 18 72
3 47 34 59
2 71 18
1 73
3 31 53 45
2 53 15
1 62
1 74
2 40 63
1 61
5 67 48 29 24 71
3 23 4 67
4 91 35 53 30
0
1 82
3 59 65 61
1 28
6 37 40 12 40 56 36
5 41 66 73 80 37
1 55
2 71 46
3 64 49 70
1 59
3 65 42 48
4 88 61 71 46
2 27 80
5 16 64 72 20 43
1 45
0
1 51
2 70 30
3 53 57 74
2 47 56
3 56 47 59
3 52 46 44
3 31 46 39
2 59 45
1 42
5 64 20 23 48 32
4 40 32 2 28
2 32 59
1 35
2 78 36
3 38 33 66
1 32
4 44 47 47 50
3 82 47 74
3 64 30 22
2 60 56
2 42 39
3 77 41 30
5 42 35 59 67 50
1 53
3 9 69 29
0
2 83 54
2 32 46
4 32 29 79 27
3 26 52 76
2 51 44
3 53 89 74
0
1 20
2 45 21
2 49 67
1 54
4 43 23 6 66
2 36 65
4 50 37 65 46
2 66 19
1 43
1 89
2 50 57
4 51 67 60 63
2 25 56
0
3 19 19 33
3 59 49 24
3 67 45 13
5 37 12 52 50 66
1 100
3 39 37 56
3 16 88 38
3 18 38 46
1 22
3 61 61 77
5 32 23 51 53 95
2 62 86
1 87
3 39 35 53
1 67
5 39 4 44 61 84
1 57
1 44
3 69 34 43
1 66
3 39 45 42
2 31 74
3 45 8 39
3 67 34 39
4 57 44 48 69
4 73 52 57 34
1 46
6 65 43 85 55 52 52
4 39 18 40 63
3 71 45 49
4 56 57 33 55
1 25
1 95
1 37
1 50
3 19 25 48
2 46 55
2 75 30
1 53
0
4 26 66 18 48
3 60 47 63
0
4 73 63 28 56
2 33 41
1 66
2 57 13
1 49
3 48 21 30
1 73
2 76 87
4 81 47 70 53
1 44
4 65 62 55 57
2 30 30
1 59
1 28
2 43 66
1 67
7 42 41 57 46 26 38 30
3 12 59 73
4 17 29 28 49
1 26
2 27 57
1 64
6 52 61 34 53 55 26
0
1 39
2 63 65
1 50
4 55 34 53 30
1 79
3 44 52 40
1 47
5 36 42 63 61 69
3 26 56 87
2 88 90
0
3 68 58 53
1 54
0
1 47
3 61 70 33
2 45 40
5 35 40 45 45 73
3 49 42 83
1 64
2 74 57
3 31 51 46
5 41 47 37 48 71
2 53 58
3 44 33 33
1 38
0
3 56 44 68
4 51 35 46 4
5 24 42 66 47 60
2 78 80
2 77 65
1 36
0
2 52 45
2 26 78
1 58
3 41 74 27
5 29 58 33 34 88
6 65 55 71 41 50 69
3 94 51 32
2 69 68
5 44 37 40 48 9
1 100
3 12 68 84
2 97 76
4 41 51 59 36
2 57 44
0
1 22
3 92 70 89
2 72 66
3 10 63 25
2 58 63
1 35
2 49 62
1 43
4 34 87 54 72
3 63 80 79
0
2 41 28
2 36 67
1 25
2 74 54
1 46
4 49 62 53 69
2 39 49
1 79
0
2 43 52
1 75
3 14 46 54
0
2 53 35
3 20 42 40
2 45 61
2 54 52
4 47 90 64 77
2 33 38
4 98 74 43 74
5 13 67 51 55 35
3 79 4 52
4 42 38 68 45
5 56 48 64 8 13
0
2 24 48
5 24 39 57 20 64
1 73
3 67 92 33
4 74 38 6 69
1 30
3 52 78 46
3 42 57 54
2 93 39
1 54
1 21
2 22 74
3 27 64 56
0
0
4 7 86 61 60
3 61 44 37
0
0
1 66
5 85 65 74 56 18
3 47 59 52
1 50
2 43 65
2 49 54
2 48 56
1 51
1 66
2 55 50
4 44 44 13 51
0
3 47 58 66
1 57
3 24 46 76
4 34 37 45 39
2 97 45
5 61 22 50 67 83
2 64 40
3 57 6 44
2 91 44
2 17 32
1 35
1 34
2 73 51
1 54
1 44
3 63 50 97
1 69
0
2 52 72
1 57
3 42 44 20
4 42 39 40 45
3 31 28 60
3 60 61 27
3 70 39 38
2 47 66
4 56 36 67 69
1 34
0
6 68 24 24 58 43 55
1 50
2 80 84
2 43 58
2 63 48
4 49 67 9 91
2 51 35
2 51 55
2 17 64
3 72 23 37
3 36 73 26
2 55 28
3 38 30 45
3 51 26 57
0
2 70 49
0
2 44 49
2 58 42
1 42
1 50
1 45
1 43
0
5 39 39 78 73 72
3 38 36 45
1 71
1 64
3 35 36 63
2 34 26
3 42 69 42
4 45 67 62 25
2 46 36
2 94 27
1 90
1 45
1 53
1 21
2 56 56
4 33 62 64 39
1 41
4 53 58 82 45
6 59 56 31 59 29 54
3 63 39 11
3 69 84 75
3 31 78 24
3 86 43 64
2 58 48
1 25
4 49 37 25 60
1 69
3 18 57 33
1 30
4 40 51 44 35
6 23 48 21 80 67 60
1 9
0
3 45 56 52
0
1 40
0
0
3 14 77 50
3 27 32 83
0
4 30 22 0 46
4 57 66 21 59
1 42
1 47
3 58 27 63
1 85
3 42 47 44
1 60
2 56 45
2 26 59
2 66 56
0
4 78 65 55 43
5 56 33 46 18 56
2 66 44
4 42 31 33 55
4 37 49 63 60
1 31
2 43 15
2 45 17
2 50 44
1 8
1 31
2 76 65
2 51 46
4 57 49 22 12
1 48
3 77 59 70
1 64
2 59 25
2 41 55
2 27 50
0
2 32 48
1 47
2 32 77
0
3 87 79 40
4 40 56 62 61
4 75 57 43 44
1 24
0
1 27
1 29
5 87 37 37 70 78
4 54 60 72 53
2 75 38
1 21
1 61
3 81 35 80
3 52 90 50
2 45 39
2 39 33
1 59
3 64 62 23
2 40 17
2 61 39
1 55
2 59 46
1 59
2 43 61
2 22 50
3 77 47 56
2 55 72
1 6
2 56 70
3 41 50 62
3 54 53 43
1 73
2 45 32
2 61 11
3 85 50 44
1 66
1 46
1 55
3 51 99 20
3 62 49 49
2 94 73
2 87 34
1 20
3 63 44 58
3 75 50 53
3 89 71 74
0
1 33
0
3 37 52 62
1 33
0
4 45 38 67 37
4 27 65 47 33
0
2 19 76
3 65 46 59
0
0
0
4 57 61 45 2
2 39 25
1 20
1 64
6 25 66 45 82 39 44
1 52
3 36 53 41
1 43
0
1 42
0
1 52
1 57
2 59 66
2 48 69
3 60 27 34
0
2 78 11
2 32 46
3 26 67 25
1 64
3 24 73 51
3 54 51 53
3 57 63 66
0
2 26 71
3 24 69 36
3 52 66 73
3 38 47 45
0
7 50 28 5 30 51 98 47
0
1 61
0
2 32 68
1 15
3 44 38 46
4 43 62 37 26
3 39 46 20
0
0
0
2 31 64
1 43
1 39
3 73 62 53
2 45 67
1 58
4 80 54 45 40
0
3 26 58 85
2 26 39
4 61 62 48 20
0
3 61 38 70
1 76
1 83
1 37
2 37 7
1 60
4 53 20 37 45
1 73
0
3 39 70 63
2 39 60
3 56 52 25
3 46 42 39
2 61 37
2 86 70
0
3 74 85 43
2 63 48
0
3 24 32 77
3 36 49 76
1 93
1 35
0
2 68 54
3 67 27 35
3 16 56 47
2 86 56
2 21 35
0
2 69 50
0
2 56 63
1 36
1 79
1 67
2 40 82
3 36 34 76
0
2 32 43
3 55 52 53
2 39 42
4 95 35 5 43
2 81 78
1 35
1 13
2 34 85
3 57 26 83
0
3 46 65 46
1 33
1 75
2 30 41
1 38
1 71
1 32
1 75
2 69 41
1 40
3 23 63 26
5 63 9 17 83 86
0
1 87
2 94 30
3 46 76 64
2 8 21
1 91
0
1 41
5 56 47 54 69 44
1 59
0
3 51 51 14
3 78 32 59
3 73 19 53
2 63 38
2 28 35
3 38 65 50
3 60 55 11
3 47 34 33
2 59 80
3 36 11 52
2 46 71
1 51
2 74 39
0
1 50
1 55
0
0
3 39 50 16
1 48
1 31
3 6 54 45
1 70
1 34
1 34
0
1 38
0
2 42 37
2 67 50
0
0
4 56 37 59 53
1 61
1 44
4 60 81 50 33
2 38 19
4 49 52 79 50
3 58 80 82
0
2 58 51
1 24
1 49
1 48
0
1 80
3 61 35 48
3 22 75 24
1 41
3 34 67 48
1 54
3 64 12 38
1 30
2 71 18
3 66 71 48
4 88 37 26 44
1 39
3 52 55 41
2 53 56
2 46 37
3 25 42 29
3 30 21 38
1 32
0
2 78 71
0
0
1 28
3 46 42 54
1 48
0
0
0
1 69
1 42
2 89 53
3 41 73 58
1 89
1 49
3 67 34 51
2 82 51
1 57
1 78
3 43 15 65
0
1 66
1 35
1 52
1 43
2 81 43
2 64 98
3 33 82 84
2 27 67
2 62 64
1 25
3 40 54 63
2 74 47
2 24 42
3 59 39 27
1 35
3 21 74 62
2 62 50
1 43
0
1 53
2 39 39
0
3 38 61 35
2 29 60
0
0
1 54
1 66
2 53 65
0
4 37 68 31 69
1 63
2 21 74
2 65 47
2 40 58
1 20
5 23 37 48 47 39
3 59 39 31
0
1 51
2 51 58
1 35
0
3 36 62 86
1 65
4 34 36 59 52
2 65 43
0
1 40
1 34
1 37
2 57 36
1 26
1 90
1 40
1 35
0
2 60 45
2 47 77
1 33
2 86 52
2 32 7
2 38 55
2 73 35
2 68 30
0
0
1 23
0
1 67
2 52 58
1 48
2 64 45
2 27 72
1 63
3 52 88 99
1 55
1 56
1 54
3 56 58 51
0
2 40 39
2 49 69
2 72 57
0
3 71 66 42
3 62 41 36
2 51 48
1 85
2 62 21
2 43 75
1 19
0
1 23
0
0
0
1 19
3 71 47 42
2 24 43
1 41
1 59
2 68 42
0
3 41 34 77
0
1 22
1 60
2 100 32
0
2 79 62
1 30
0
1 64
4 62 86 43 67
2 36 64
1 46
1 32
1 41
1 67
3 31 53 86
0
4 55 34 83 60
1 28
0
5 73 84 7 77 40
2 29 71
1 36
0
3 61 72 55
0
3 20 75 14
2 24 26
0
1 49
0
2 50 63
0
1 34
0
0
2 31 71
0
1 55
3 48 10 36
1 35
2 59 45
1 16
3 30 68 48
2 30 5
0
0
0
2 56 57
3 28 34 34
3 37 49 23
1 18
2 43 80
2 61 80
2 71 52
1 59
0
1 69
0
2 43 27
2 31 47
1 47
1 34
1 48
2 13 36
2 62 4
0
1 62
0
2 82 45
1 61
1 47
2 96 4
1 37
0
1 63
0
2 59 92
1 74
0
0
1 28
3 40 46 60
2 48 55
0
0
1 66
1 78
1 90
2 21 38
0
2 42 33
1 44
1 73
2 51 16
1 57
2 47 83
2 80 65
0
4 77 66 65 45
0
0
2 51 50
1 91
3 91 80 36
2 79 59
0
2 23 64
2 75 33
3 80 46 52
0
3 71 90 2
1 23
1 61
0
1 43
3 28 44 39
1 44
1 90
1 61
1 66
1 71
3 52 59 54
1 80
1 45
2 48 36
0
2 50 74
1 26
1 69
3 45 60 75
0
0
0
3 69 79 57
1 27
0
1 55
0
0
0
1 89
1 69
0
0
0
1 51
1 38
3 44 44 83
2 51 54
1 22
1 25
1 61
1 71
0
1 56
1 62
1 26
1 39
1 47
4 70 27 56 59
1 56
2 60 53
1 38
2 35 64
0
1 16
2 54 26
0
1 42
2 34 64
1 38
0
1 83
2 42 28
1 6
1 37
1 62
2 23 64
0
2 31 40
1 67
0
1 38
1 50
0
1 29
2 27 33
2 25 51
1 52
0
0
1 47
1 27
2 58 56
0
0
0
3 75 54 58
1 55
1 48
0
1 53
2 78 64
1 23
3 54 87 79
0
0
0
3 13 69 38
0
2 37 31
2 44 28
0
1 37
0
2 62 50
0
0
1 22
1 8
2 34 69
2 44 39
0
3 33 43 47
0
1 48
4 63 52 33 37
0
0
3 28 45 46
0
1 96
1 56
1 67
0
0
0
0
3 68 65 64
2 78 28
1 43
0
1 66
1 70
0
3 87 49 59
1 33
2 20 37
1 48
1 15
1 48
0
0
1 36
1 67
0
2 44 67
1 47
0
1 22
1 70
2 6 42
1 47
0
0
0
0
4 56 42 47 14
1 66
1 60
0
0
0
1 57
0
1 58
0
2 13 89
1 40
2 67 66
1 31
0
1 66
2 30 33
1 29
1 36
2 34 63
1 67
0
0
2 77 53
0
1 18
1 38
2 55 37
0
0
0
1 66
0
1 57
2 48 56
1 35
0
0
1 62
1 42
1 62
4 73 25 39 69
1 47
1 39
3 50 22 37
0
1 15
0
1 6
1 76
3 87 38 32
1 27
