3600 4
0
0
0
1 59
0
3 64 56 64
0
0
0
1 39
0
0
0
2 68 67
1 63
0
1 58
1 85
0
0
1 46
1 29
2 42 19
1 99
0
1 43
0
0
0
1 90
1 26
0
1 91
1 57
0
0
0
1 60
1 35
1 29
2 21 57
1 30
0
0
0
0
0
0
0
0
2 40 51
0
0
2 78 85
0
0
0
3 58 65 33
0
2 3 50
1 53
0
1 90
3 39 48 18
1 26
1 42
0
1 78
1 72
1 37
0
0
0
4 54 74 69 26
0
0
0
0
0
0
0
2 37 33
1 66
0
0
0
0
0
1 22
0
0
1 87
1 69
0
0
0
1 37
0
1 38
0
0
1 82
1 30
3 15 69 29
1 76
0
1 49
0
0
0
1 63
0
1 61
1 68
1 17
0
0
1 49
0
0
0
1 23
1 50
1 42
2 55 44
0
0
0
1 54
0
2 49 61
0
1 46
1 47
0
0
1 48
0
1 53
1 28
0
0
0
1 49
0
0
0
0
1 14
0
0
0
0
0
2 54 86
0
1 80
0
1 48
1 23
1 52
0
1 10
1 23
1 43
1 66
0
0
1 23
0
1 51
0
0
2 40 50
0
0
0
0
1 34
0
0
1 72
0
0
1 57
0
0
2 55 55
0
2 43 47
1 65
0
0
2 51 50
1 38
0
1 26
0
1 45
0
1 79
0
0
0
1 76
0
0
3 54 32 64
0
0
0
0
1 50
1 45
0
1 48
1 70
0
1 82
1 22
0
1 44
1 37
1 64
0
1 26
0
0
0
0
0
1 83
0
1 46
1 79
2 49 63
0
0
0
0
1 39
1 34
0
0
0
0
0
0
1 36
0
1 49
0
1 51
0
0
0
0
3 27 67 52
1 54
0
0
0
0
2 37 55
1 20
0
2 59 78
0
0
0
0
1 76
1 47
0
1 40
0
0
3 9 0 21
0
0
2 57 39
1 57
0
2 33 26
0
1 79
0
0
1 48
0
0
0
1 62
1 39
1 54
0
1 54
1 57
1 64
0
1 44
0
2 41 32
0
1 47
1 61
0
0
0
0
0
1 36
1 69
0
0
1 54
0
0
0
0
0
0
0
0
1 77
0
0
0
2 46 76
0
0
0
0
1 28
2 43 20
1 13
0
0
3 58 66 50
1 60
0
0
0
0
0
1 57
0
0
0
0
1 83
1 81
0
1 63
1 41
1 72
0
0
0
0
2 25 25
2 24 47
0
0
0
0
0
0
0
0
0
0
1 29
2 29 60
0
1 15
0
0
0
2 55 34
0
0
3 61 32 55
2 55 53
0
0
0
1 8
0
0
0
1 33
0
0
1 87
0
0
1 60
0
0
2 37 74
1 74
0
2 64 57
0
0
0
2 53 65
0
0
2 45 28
0
1 52
0
0
2 37 25
0
0
1 45
1 26
0
1 35
0
0
0
1 72
1 61
1 42
1 39
0
2 3 51
0
0
2 62 62
1 54
0
1 51
0
1 46
0
0
2 53 61
0
0
1 88
2 86 56
0
1 36
1 17
0
0
0
0
0
1 73
0
0
0
2 69 46
0
2 51 26
0
0
1 27
0
0
3 67 71 27
0
1 81
1 54
0
1 35
1 57
1 62
0
1 95
0
0
0
1 16
0
2 27 17
1 40
1 83
0
0
0
0
0
0
0
1 45
0
0
1 57
1 49
0
1 30
1 50
1 59
1 20
0
1 28
0
1 79
1 47
0
0
0
0
1 61
0
0
1 75
1 41
0
0
1 65
0
0
3 62 29 37
0
0
1 76
1 70
0
1 92
0
0
1 60
0
0
1 67
1 54
0
0
1 64
0
1 64
0
1 53
1 43
0
1 43
0
1 47
1 79
1 62
0
0
0
0
0
0
0
1 41
1 16
2 35 58
0
0
1 80
2 59 16
0
2 33 57
1 75
2 71 72
3 67 31 61
1 44
0
1 45
1 57
0
1 51
1 39
0
0
0
1 36
0
0
2 93 62
0
0
0
1 77
1 67
0
2 75 20
0
0
1 59
0
0
0
0
0
2 46 74
0
2 65 75
1 54
3 71 17 54
2 69 45
0
1 30
0
1 48
0
1 42
3 67 81 39
1 99
0
1 38
0
0
0
1 18
1 20
2 68 44
0
0
0
2 60 67
0
1 25
1 77
1 61
0
0
0
1 55
0
2 58 71
1 52
0
0
0
2 35 57
0
0
3 61 60 45
1 32
1 50
0
1 51
1 64
0
2 34 53
2 40 81
1 62
0
0
2 65 45
0
1 18
0
0
0
1 36
0
1 65
1 18
1 13
0
0
1 64
0
0
0
0
2 34 60
1 55
0
0
0
1 69
1 62
0
0
1 65
1 44
1 46
0
1 47
1 13
1 92
0
0
0
1 57
4 47 68 40 23
2 63 54
1 68
0
0
1 56
1 61
0
1 55
0
1 49
0
1 63
0
0
2 19 61
1 40
0
0
1 95
2 51 64
0
1 44
2 48 53
0
2 51 39
1 47
0
0
0
0
1 33
1 15
0
0
4 59 46 24 28
1 48
2 28 51
0
2 66 47
1 30
0
1 24
1 65
1 8
0
2 22 52
3 89 46 30
2 92 26
1 61
0
1 23
0
1 28
1 59
0
1 40
0
0
0
1 20
0
1 48
0
0
1 23
0
3 32 43 52
1 84
0
1 44
0
1 72
2 24 70
0
0
0
0
0
3 40 62 28
0
2 33 40
0
0
0
1 36
1 42
3 1 55 68
1 52
0
1 84
0
0
0
1 48
2 55 48
2 74 38
1 45
4 59 63 49 41
1 62
0
1 11
1 52
1 59
0
0
0
2 54 52
1 25
1 82
2 40 59
2 22 23
2 58 45
1 43
2 30 34
1 65
2 61 55
0
1 58
1 60
1 79
1 64
0
2 76 63
0
0
2 52 86
0
1 56
1 40
2 53 10
0
1 61
0
0
2 78 16
0
1 26
0
1 6
5 48 41 48 63 29
0
1 45
1 64
0
0
1 88
0
0
0
0
1 74
0
1 46
0
1 45
1 54
3 91 23 41
3 57 47 56
1 42
1 69
2 33 61
0
1 22
1 51
2 13 80
2 73 83
0
1 21
1 36
1 91
1 52
5 73 60 93 8 37
0
0
0
1 56
1 26
0
2 55 59
0
0
0
1 62
2 64 58
0
1 59
2 10 64
2 75 32
1 71
0
1 32
0
0
1 55
1 27
1 68
1 96
2 40 26
0
0
0
0
2 35 18
1 45
0
1 42
2 66 41
0
1 32
0
0
1 81
0
5 51 18 54 52 23
1 60
3 78 31 56
1 56
1 31
1 61
0
0
3 11 42 58
1 48
2 50 24
0
1 54
4 65 26 43 52
0
3 51 34 46
0
2 65 29
1 46
1 54
1 74
1 26
2 7 39
0
2 11 34
1 19
0
2 30 65
0
3 42 48 58
2 20 35
1 39
2 64 48
1 39
3 62 43 22
0
1 36
0
0
1 32
1 43
2 18 52
0
0
1 58
0
0
0
1 80
0
2 45 68
3 2 63 59
0
0
3 97 45 63
1 33
1 70
0
4 6 62 31 45
2 49 82
0
1 41
1 39
0
3 56 48 19
0
0
2 43 72
1 68
1 40
2 15 56
2 50 62
1 50
2 48 74
1 24
2 39 34
3 29 42 23
1 49
1 49
2 40 82
2 56 41
1 56
1 24
2 37 23
0
2 87 71
1 41
0
1 58
1 80
2 57 30
0
3 58 53 61
0
0
0
1 71
0
1 47
1 38
0
3 53 82 16
1 31
0
1 71
2 23 53
1 29
1 51
0
1 81
0
2 29 68
1 27
2 35 35
4 59 44 66 58
3 80 16 27
0
0
1 88
3 73 74 56
0
0
1 64
2 47 50
0
4 78 41 61 46
1 65
2 73 66
0
3 21 37 48
1 30
3 29 88 64
2 43 66
2 20 52
1 37
1 45
2 34 71
2 95 50
0
1 54
0
0
2 31 44
0
1 57
0
1 40
0
1 52
2 31 61
1 69
3 28 36 66
1 62
3 38 75 58
1 37
2 81 47
1 51
1 52
0
2 36 40
2 23 51
1 20
0
0
3 33 26 73
1 52
2 25 46
2 52 50
2 57 43
0
1 32
0
1 74
1 12
0
0
0
1 54
2 85 36
2 51 66
1 58
1 17
4 21 72 8 62
2 79 64
0
3 76 48 61
2 57 29
1 66
4 54 42 50 42
0
0
0
1 43
1 47
2 48 43
2 71 58
1 57
1 39
0
2 87 79
2 37 30
1 80
3 33 40 38
1 39
0
0
3 64 92 63
1 14
1 19
3 39 46 45
1 47
1 92
2 55 30
2 69 30
3 23 86 89
1 63
1 62
1 27
2 60 75
1 70
0
1 25
1 52
0
2 61 21
0
1 60
2 79 45
4 38 42 82 63
5 79 63 45 39 34
1 15
2 32 46
1 29
3 35 68 41
2 48 65
2 28 31
0
2 28 61
1 45
2 58 60
3 42 81 40
2 41 41
1 53
0
1 56
0
2 55 32
1 19
2 83 42
1 60
1 43
2 17 33
2 58 71
0
2 69 68
2 36 45
1 22
4 24 25 20 66
2 52 81
3 84 47 70
0
0
0
0
2 51 47
1 70
0
2 36 60
2 60 3
1 69
4 79 45 31 44
2 37 87
3 46 29 72
0
2 70 50
1 15
2 32 43
1 19
1 36
0
1 20
0
0
3 49 58 25
2 58 56
2 71 61
2 6 75
1 26
0
1 53
1 18
5 39 33 48 33 32
1 61
1 29
3 32 41 42
1 70
1 47
0
1 47
1 63
1 64
3 10 23 42
3 58 13 48
0
0
2 50 50
3 50 11 53
1 53
0
1 45
1 62
2 60 78
2 70 46
3 46 29 13
1 45
1 44
1 37
1 66
1 78
5 49 85 73 51 77
4 54 40 32 42
1 76
1 74
0
3 69 64 68
2 27 49
3 24 60 58
0
0
2 56 74
2 64 80
3 76 65 72
1 44
1 60
2 54 25
0
3 27 44 64
0
2 43 80
1 40
1 49
3 70 54 64
3 47 18 65
4 58 42 40 63
1 59
1 64
0
3 68 45 71
4 19 70 70 57
2 51 72
2 62 83
2 58 4
3 78 16 52
0
1 35
0
2 59 38
0
2 5 60
0
2 62 34
5 22 47 33 62 42
2 32 30
2 47 30
3 58 52 90
1 60
1 11
0
1 68
3 62 56 46
2 40 50
3 66 62 58
3 74 58 98
1 64
0
1 44
2 30 23
1 84
0
2 66 88
1 62
0
1 48
0
0
4 55 69 76 60
2 71 63
2 73 66
0
4 21 41 66 53
1 61
1 99
5 63 22 60 56 68
0
1 45
2 54 89
2 48 79
1 24
3 44 74 57
1 44
3 22 73 48
0
0
1 9
2 81 28
0
2 45 69
1 56
2 12 61
2 54 41
2 51 31
1 25
0
2 62 32
0
1 10
4 81 74 60 24
3 50 29 42
6 73 35 92 41 36 20
3 75 46 36
2 39 24
1 58
2 51 52
4 65 50 47 47
5 58 66 65 48 43
4 92 46 85 57
2 72 63
1 3
1 100
0
0
1 28
1 53
2 44 71
5 24 81 38 49 45
1 42
1 19
1 43
1 20
1 47
2 23 61
2 43 30
2 50 32
2 36 52
1 76
1 53
1 13
1 68
1 38
2 45 39
0
3 53 71 49
1 44
4 44 52 54 47
1 67
4 38 63 64 33
0
3 80 63 60
1 55
1 56
0
2 60 44
2 40 41
1 70
0
3 74 39 55
3 50 67 43
1 31
5 49 58 42 58 64
0
4 55 50 32 63
4 33 46 17 51
0
0
4 75 27 65 67
1 61
2 43 34
2 70 24
2 24 31
2 53 53
0
2 33 44
1 36
4 47 82 47 61
3 31 65 27
3 86 79 5
4 49 76 61 63
0
2 45 62
4 34 55 50 30
2 48 89
1 39
2 57 60
2 54 62
3 51 69 36
3 34 62 69
1 64
0
1 66
2 43 46
2 52 9
3 64 9 55
3 66 49 35
0
3 58 25 43
6 9 47 63 28 57 42
2 47 60
2 52 61
3 38 30 41
3 51 61 69
3 79 69 34
3 16 86 65
0
3 40 8 15
2 68 45
1 25
1 30
2 80 45
0
1 63
1 12
0
1 54
1 22
3 72 73 49
1 66
1 59
2 73 35
2 62 47
3 19 32 78
0
1 38
3 54 65 63
3 53 36 36
3 32 33 41
1 33
1 65
5 43 20 49 62 73
3 42 34 92
3 33 32 15
4 46 68 59 71
1 31
1 98
2 37 64
5 88 69 43 41 52
1 48
1 53
3 85 49 70
0
3 79 59 73
4 41 35 60 44
0
2 46 50
1 25
1 54
4 79 65 40 67
0
0
1 43
1 77
3 57 73 77
1 44
2 65 61
1 34
2 26 52
3 29 80 59
0
1 52
2 40 16
3 48 39 19
2 43 61
4 73 44 76 51
2 54 14
1 84
2 28 83
0
0
2 60 56
0
3 37 67 63
1 44
4 17 44 73 56
1 58
3 35 61 27
2 77 46
1 57
3 44 52 46
1 92
4 73 51 48 6
3 20 27 27
1 59
2 53 76
3 33 62 32
2 100 78
0
3 70 61 28
2 33 72
2 68 69
2 68 68
1 67
1 60
1 51
3 34 19 69
1 42
2 84 51
1 49
4 47 18 8 55
3 38 31 27
6 35 31 12 65 43 73
5 33 65 32 5 66
0
3 42 73 29
1 41
3 43 31 78
0
3 35 54 67
0
2 17 36
2 21 65
4 88 57 56 99
1 73
0
6 69 78 64 55 35 41
1 31
2 52 73
3 59 40 63
2 50 79
1 31
3 53 65 47
2 39 55
2 35 66
3 48 18 65
3 30 39 7
4 67 21 59 40
2 35 38
1 15
2 76 72
3 51 30 56
1 77
2 53 69
1 38
5 34 34 69 40 55
2 30 24
2 21 64
2 60 55
1 27
5 61 48 45 62 53
2 64 39
4 33 68 41 33
1 32
1 45
1 59
4 30 29 59 59
2 66 12
3 61 50 37
5 49 67 32 79 71
1 32
0
3 57 72 58
1 37
2 63 64
1 38
1 53
0
3 17 10 56
1 38
1 24
1 55
1 48
4 70 53 53 43
1 34
3 86 42 14
5 58 33 40 50 61
1 46
2 49 15
3 32 23 43
1 48
0
1 8
2 32 46
1 51
4 28 17 15 60
3 97 46 39
2 49 32
1 60
3 70 24 47
4 34 28 84 61
2 57 61
4 69 45 44 69
1 55
0
3 28 33 48
4 29 26 76 53
2 76 32
1 57
0
2 33 41
1 66
4 63 45 33 53
2 37 33
2 38 26
5 32 24 50 49 42
1 52
2 57 34
2 26 65
1 87
4 29 47 59 35
1 42
1 36
2 67 31
0
2 46 55
1 57
4 52 62 37 32
1 62
3 47 50 53
2 77 65
3 15 36 73
4 55 60 22 35
2 24 54
3 48 34 36
1 45
2 59 14
0
0
4 74 58 38 15
1 83
2 54 60
0
3 56 9 63
4 56 28 25 52
2 68 14
3 26 67 57
4 49 67 53 23
2 48 24
1 42
8 34 64 53 35 40 72 57 82
3 36 40 43
4 36 24 67 37
2 61 74
2 22 57
2 75 23
5 36 47 54 75 37
0
0
2 40 39
1 38
1 49
3 30 7 4
0
2 31 28
0
0
2 18 56
0
3 42 46 16
0
4 96 27 49 90
4 47 79 31 28
4 23 68 29 61
2 45 76
4 49 53 56 54
2 38 27
4 43 52 39 25
3 59 41 45
3 52 45 6
2 85 41
4 52 33 30 48
1 55
1 42
1 31
0
8 54 52 31 62 71 44 56 25
2 60 71
3 49 18 78
3 63 68 97
2 78 38
3 47 78 26
2 43 55
2 69 55
4 63 70 0 51
2 89 17
5 48 26 47 72 58
4 34 35 65 81
2 91 62
2 14 55
1 39
4 24 47 48 41
2 25 54
2 72 38
2 71 28
2 34 36
1 25
3 63 46 69
3 53 90 54
3 67 41 61
5 48 19 10 45 60
2 38 21
0
4 56 66 46 39
5 40 85 34 78 40
3 29 44 82
3 28 78 75
4 31 48 52 38
2 12 36
1 76
1 57
2 54 39
0
1 30
5 50 21 97 75 45
2 25 40
2 58 65
0
0
2 34 40
4 49 62 61 40
3 71 42 58
3 52 64 63
0
1 65
1 72
3 87 68 31
1 40
0
0
0
2 46 26
8 47 67 61 44 59 37 90 55
2 49 30
1 68
5 60 84 10 35 24
1 68
2 58 37
2 49 72
1 62
2 45 57
3 44 31 69
1 73
2 85 19
2 50 11
4 46 34 94 82
1 68
3 65 36 43
3 58 26 21
1 34
5 53 28 25 42 59
2 78 59
3 49 33 51
2 45 61
3 36 69 63
6 52 31 43 13 18 3
2 20 47
3 75 66 42
3 49 63 49
1 28
1 70
4 41 62 72 51
1 62
2 57 80
1 58
5 73 45 65 59 73
3 45 18 45
1 71
0
2 79 44
1 91
2 46 31
2 60 56
4 30 98 87 55
3 34 72 18
1 46
6 47 57 1 46 42 18
1 49
2 42 34
1 75
2 23 55
4 46 39 32 57
2 40 57
4 36 67 27 40
2 59 79
1 67
4 24 47 4 44
4 46 97 50 23
4 58 60 18 33
2 53 54
3 22 41 60
3 41 62 34
1 22
3 62 45 52
2 52 62
2 39 53
1 63
1 32
2 40 71
0
3 65 50 30
4 34 64 42 33
0
0
2 51 43
1 97
6 27 85 59 36 79 72
4 69 28 50 63
2 67 61
3 49 23 36
2 81 24
0
2 21 43
2 49 65
2 76 68
1 90
6 49 47 50 49 24 38
4 30 12 57 61
6 75 54 42 46 17 68
3 59 56 77
3 44 44 7
2 54 60
2 67 37
1 37
4 71 62 35 67
5 9 31 39 23 62
2 9 47
1 39
3 75 30 68
3 60 84 49
2 59 51
3 39 67 16
1 72
1 97
2 37 65
1 53
2 66 76
2 17 33
2 39 59
2 43 34
3 49 37 31
5 58 36 50 33 54
2 33 52
1 32
1 22
2 57 60
1 42
2 71 38
6 18 42 48 33 69 55
2 66 44
4 67 81 80 12
0
1 22
1 50
4 45 58 31 29
3 68 57 65
3 69 66 66
2 53 51
3 31 76 65
4 37 64 22 19
2 53 48
1 53
3 37 59 81
2 39 60
2 45 39
2 53 58
2 58 56
3 46 32 49
6 21 39 45 64 60 22
4 17 37 60 25
3 96 69 37
3 90 99 3
1 54
2 61 50
3 71 53 29
3 52 30 38
4 61 42 69 48
0
2 13 52
0
2 24 48
2 35 63
1 80
1 58
3 28 54 9
2 36 55
3 47 57 33
3 78 25 91
3 51 39 61
2 61 51
1 75
2 15 29
4 51 44 39 61
1 48
1 55
4 41 28 54 24
1 56
4 71 37 40 37
0
6 12 59 39 73 69 30
3 49 71 12
4 95 72 49 23
1 89
4 26 39 72 39
2 16 82
5 62 17 89 35 54
2 50 33
3 68 47 20
2 71 77
1 90
4 39 43 89 55
3 45 62 54
0
5 57 45 58 54 73
2 83 49
7 72 53 31 47 74 55 44
2 28 54
2 22 22
3 51 84 57
4 70 73 61 48
2 64 44
3 38 42 31
3 46 31 41
2 47 43
3 26 87 40
2 61 87
2 70 49
2 60 45
3 38 59 32
4 22 78 50 62
0
3 38 64 44
2 53 38
2 10 27
1 57
4 55 33 19 85
3 71 47 54
1 78
6 28 56 74 37 53 56
1 43
1 60
1 73
3 25 39 83
1 35
3 89 49 68
0
2 25 41
2 38 47
1 38
3 70 73 72
4 84 37 44 47
0
1 38
2 70 70
2 71 41
4 58 78 35 83
1 48
1 42
4 62 46 47 65
4 49 55 94 37
4 39 67 48 92
1 50
4 83 23 71 34
5 40 90 51 64 10
6 55 22 26 72 49 77
2 77 40
2 13 87
0
0
0
4 66 62 53 58
0
3 47 33 34
4 51 39 62 64
3 70 45 51
2 48 72
3 21 59 44
1 82
3 67 34 63
3 37 37 63
2 42 58
2 24 41
0
2 80 53
3 47 76 60
2 57 37
3 58 100 32
5 46 72 58 56 63
4 42 44 44 65
2 37 73
3 50 18 11
3 68 32 45
6 40 44 56 41 79 77
2 46 53
4 62 45 59 73
2 65 33
4 37 32 85 21
2 10 55
4 68 57 80 50
2 13 56
1 53
2 76 15
3 52 38 65
1 44
3 61 43 54
2 70 57
5 35 37 39 15 76
3 63 55 43
2 60 49
3 23 41 46
1 73
1 55
0
0
3 78 77 36
3 87 45 64
2 30 61
2 44 78
0
3 50 30 77
3 33 51 61
3 46 88 60
1 32
1 41
3 85 31 61
2 32 64
5 16 35 36 41 75
1 28
6 47 49 20 36 29 65
2 60 77
3 74 24 15
2 68 83
2 48 41
0
3 58 40 30
5 47 5 61 52 35
2 21 46
1 44
1 55
2 61 96
3 35 58 32
1 41
5 35 49 54 6 56
1 76
2 84 67
4 37 43 64 64
3 51 64 48
3 65 24 92
3 39 31 36
4 30 17 27 54
4 75 55 9 44
2 35 47
2 42 15
2 45 15
3 49 79 50
2 79 46
5 30 73 56 14 54
3 25 54 30
6 23 23 33 38 89 67
2 44 60
4 32 34 90 53
0
5 61 38 24 49 57
4 29 40 60 64
4 52 68 43 16
2 55 42
0
3 45 39 63
2 67 34
3 65 35 68
4 28 47 25 73
2 38 40
2 14 68
3 44 54 35
1 95
5 37 57 52 29 8
0
1 57
2 60 23
1 26
2 4 46
1 21
5 20 39 64 30 81
3 54 55 50
1 44
2 77 3
4 23 63 53 54
5 32 90 47 1 55
0
2 43 77
1 40
3 58 60 43
2 17 69
1 35
2 63 75
3 79 94 80
3 45 73 52
2 30 28
4 23 76 51 58
2 36 86
3 64 44 48
1 36
1 16
2 60 60
3 56 8 21
1 31
4 54 42 23 72
3 67 50 66
2 58 27
4 37 52 45 80
3 36 63 57
9 39 35 24 10 15 75 49 44 54
1 67
3 83 61 62
4 79 62 51 59
4 73 45 46 80
2 86 15
2 65 30
0
2 63 27
5 25 48 63 30 59
7 34 24 57 20 89 25 65
2 53 72
0
0
1 26
1 81
3 62 27 38
4 46 38 41 44
4 56 47 14 53
0
1 19
4 23 21 32 88
4 72 82 14 41
3 89 52 43
2 36 10
2 47 52
1 39
0
2 74 37
5 39 44 76 50 98
2 28 45
6 33 20 53 48 61 64
0
4 15 49 46 48
5 48 93 17 58 49
1 30
2 35 43
2 79 19
1 76
2 33 13
4 73 36 39 40
2 49 78
3 99 52 61
5 55 59 48 80 54
2 23 75
1 0
1 52
1 64
3 41 52 48
1 45
1 57
1 6
1 36
1 49
2 60 38
1 75
1 70
0
3 60 74 82
6 13 36 64 1 53 32
1 51
9 77 34 35 63 64 64 39 43 66
3 53 44 77
2 57 43
3 56 80 23
5 45 59 20 60 76
3 48 30 37
4 65 42 92 42
2 97 54
2 56 64
1 61
2 26 56
0
3 52 87 50
2 27 23
1 43
4 67 29 33 34
3 42 48 28
2 60 73
1 39
2 55 34
3 50 55 38
2 54 78
4 35 14 65 59
4 23 66 52 76
1 72
3 12 48 53
1 48
1 45
4 30 35 38 66
1 17
5 64 61 17 66 62
1 67
2 21 80
2 49 57
3 27 47 58
4 31 66 30 52
4 27 32 77 46
2 39 56
3 64 35 79
4 44 43 87 53
6 48 37 62 61 49 42
0
4 37 60 22 58
1 53
4 45 39 43 53
1 45
5 36 74 42 68 56
2 33 74
3 62 7 53
1 65
2 43 66
0
3 46 68 42
6 63 41 53 58 52 68
1 44
3 69 66 45
2 64 15
1 21
2 87 50
1 52
1 54
2 58 66
3 60 55 61
0
1 48
2 48 28
0
4 40 40 73 44
3 44 52 51
4 46 42 31 34
2 28 86
2 25 24
1 50
2 69 60
4 90 21 24 60
8 34 48 68 37 44 72 41 54
2 98 49
1 51
4 56 34 49 46
1 60
3 44 70 49
3 48 42 43
1 42
1 30
4 44 61 32 73
6 68 53 73 56 51 58
2 20 82
3 51 60 66
1 77
3 27 46 64
3 51 34 58
3 72 87 57
0
6 72 61 43 77 47 56
1 16
3 39 42 62
6 45 25 63 76 17 67
2 55 34
4 51 48 29 75
0
2 57 41
1 28
3 73 55 75
5 44 38 63 44 62
1 32
1 18
0
2 38 61
1 73
1 63
3 34 44 54
3 34 51 48
0
3 60 44 32
1 62
4 26 60 41 39
2 24 83
1 51
1 48
2 26 22
1 35
0
3 61 86 79
4 48 31 61 34
4 71 86 38 42
6 52 26 31 34 37 64
2 53 77
2 22 70
3 51 56 47
4 55 38 37 53
3 63 54 90
2 25 57
3 61 26 91
2 56 64
3 60 42 95
5 83 68 44 38 59
1 30
6 57 75 55 42 4 65
1 58
2 66 35
4 59 30 45 30
4 35 86 69 69
1 60
4 57 71 35 56
1 28
2 19 59
1 38
4 81 57 64 68
2 52 19
2 42 50
0
2 30 50
3 63 50 63
3 45 46 25
6 47 62 86 54 62 54
4 71 47 42 89
2 48 16
2 65 44
5 45 45 41 43 67
2 44 15
1 49
2 63 76
1 44
3 85 72 57
1 43
1 40
3 53 20 60
2 27 33
1 57
0
4 72 86 47 77
3 57 61 34
2 26 52
0
4 35 33 68 39
3 40 45 49
4 43 89 51 53
2 51 67
5 2 80 78 20 35
2 67 51
0
2 12 50
3 56 35 18
3 26 60 54
1 17
4 27 41 72 53
2 41 56
1 55
1 62
1 52
2 37 43
2 44 14
4 35 47 96 54
2 83 62
1 32
3 72 52 63
4 59 35 42 64
4 52 71 27 42
3 52 50 82
4 37 36 38 63
1 40
2 35 64
0
2 70 69
2 39 40
3 44 54 59
4 36 21 60 86
4 76 26 32 37
5 34 20 13 19 69
6 9 57 31 41 47 57
3 16 52 42
2 19 81
2 66 63
2 31 28
0
3 43 52 57
2 31 30
6 53 32 34 43 72 26
2 51 47
2 70 83
7 71 71 68 8 40 73 25
3 74 45 83
3 63 74 54
1 68
1 56
4 72 28 65 56
2 53 62
1 66
4 47 45 36 43
0
3 8 100 52
0
4 77 72 57 52
0
1 15
4 59 67 65 56
1 54
2 42 16
2 53 45
0
0
5 68 81 50 40 85
3 32 42 39
1 25
3 33 71 96
2 36 57
1 43
4 84 71 42 54
3 33 71 36
3 51 67 33
1 40
1 67
1 48
3 33 56 13
1 49
2 78 59
5 68 53 70 79 45
1 34
1 44
4 30 52 13 59
1 34
2 59 38
3 16 24 93
1 41
2 37 19
5 71 69 67 70 39
3 82 17 27
0
1 76
3 50 33 78
3 60 43 43
7 7 62 54 34 77 15 63
0
2 40 36
3 70 34 54
5 46 89 39 23 8
1 48
2 51 80
2 18 83
3 45 21 63
2 40 31
3 11 51 85
4 4 18 47 42
2 44 43
3 40 57 43
0
0
3 86 30 75
1 46
2 67 41
2 66 23
3 58 59 25
3 56 55 57
3 46 52 45
2 28 55
4 48 47 36 25
3 49 84 58
4 53 76 42 51
5 49 95 56 6 63
2 69 50
2 53 64
2 33 66
1 39
2 3 23
0
2 56 46
1 46
1 34
1 36
2 26 58
4 75 52 94 48
2 20 61
1 30
5 44 68 51 50 28
2 93 55
1 48
1 88
4 18 49 64 81
2 74 44
0
3 37 49 83
0
1 42
2 35 84
4 53 100 66 53
3 74 85 26
3 68 64 62
5 50 26 65 92 35
3 32 50 63
4 70 1 48 15
2 64 40
4 50 26 61 58
3 61 51 54
0
5 19 42 37 52 35
3 70 36 90
1 65
0
3 57 38 53
1 47
0
2 45 31
1 36
4 70 73 22 50
1 43
3 56 52 21
2 70 36
3 54 36 58
2 20 71
3 55 73 61
1 78
3 91 44 69
1 72
1 40
2 36 63
0
0
1 86
2 76 46
2 38 80
2 55 84
1 49
3 21 82 69
3 41 42 27
3 82 27 7
4 45 72 71 7
4 88 86 61 55
1 96
1 61
2 93 49
2 73 63
2 71 45
4 33 58 73 62
1 29
2 56 61
4 36 32 56 31
1 66
2 73 53
2 31 69
2 59 41
5 54 34 40 19 39
1 28
1 38
2 85 53
4 70 46 32 47
2 96 50
3 70 80 31
3 51 43 65
2 17 31
4 48 51 27 25
2 59 46
2 50 60
6 38 67 63 22 36 58
2 57 44
2 71 48
3 76 50 35
4 53 53 20 28
0
1 53
3 40 54 38
2 26 61
4 62 50 26 51
6 23 68 75 55 55 43
1 77
0
0
3 66 75 63
1 61
2 41 57
4 74 69 74 31
0
3 14 53 43
6 62 11 26 55 22 63
0
3 58 48 42
0
0
1 58
2 25 22
4 67 41 77 62
2 81 40
1 62
3 43 44 70
3 79 64 35
1 46
2 31 9
1 46
5 35 27 57 57 4
0
2 76 16
1 4
0
1 83
3 82 60 31
1 40
5 41 46 62 18 64
1 56
3 46 62 33
4 51 96 16 19
1 76
1 13
2 38 38
3 50 42 64
3 52 60 21
1 74
1 30
3 67 71 55
1 54
4 67 62 33 26
0
3 32 26 26
2 41 28
3 53 26 40
1 44
4 68 59 76 20
1 96
3 41 84 10
1 75
3 55 20 53
2 25 61
2 38 22
0
1 40
6 69 46 56 60 62 60
3 72 38 13
0
2 76 37
1 75
0
3 59 78 12
2 28 30
2 26 77
1 39
1 37
1 18
2 30 29
3 46 43 31
1 71
8 49 44 36 6 10 90 69 62
1 65
2 70 41
3 19 92 45
3 57 76 29
3 66 3 33
2 70 16
0
2 62 50
2 74 51
4 35 56 14 33
0
2 24 80
1 24
1 92
6 12 60 63 60 76 72
1 70
3 38 45 48
2 47 47
5 62 58 32 51 31
2 65 17
0
3 85 62 68
0
3 40 33 46
2 43 65
1 13
2 50 66
2 37 42
0
0
3 75 73 56
2 79 28
3 45 68 39
3 24 29 69
2 34 72
1 47
1 40
1 48
2 54 64
1 87
1 82
3 52 54 38
1 42
2 0 4
3 39 77 42
1 38
1 78
6 43 50 39 60 45 50
3 23 62 39
2 44 16
2 91 42
1 47
1 36
0
1 77
4 55 76 28 60
2 45 45
1 44
5 65 39 33 48 73
1 86
3 27 33 49
2 20 56
2 68 75
2 27 25
2 51 42
1 36
3 53 42 46
2 49 37
3 44 56 73
2 41 24
3 58 53 56
1 53
2 48 36
3 23 15 60
4 58 51 28 61
1 45
1 16
0
1 42
1 9
0
2 58 67
3 48 74 70
3 75 86 44
2 93 26
3 60 40 61
2 56 40
2 62 36
1 36
2 100 57
0
0
4 23 71 31 20
1 45
2 46 42
1 51
2 61 47
2 73 48
3 42 47 79
1 41
1 23
1 83
0
3 26 71 10
3 47 40 66
1 83
2 58 23
1 49
2 68 35
2 51 47
2 13 17
0
4 75 40 34 56
0
4 67 56 21 25
6 44 75 57 38 56 86
5 73 32 55 28 47
3 89 28 54
3 75 61 48
1 58
0
3 47 39 50
2 53 50
1 100
1 28
6 51 44 40 57 84 49
0
0
1 43
1 58
1 65
2 28 29
1 24
3 69 52 34
2 56 83
0
3 62 54 25
2 55 51
1 35
3 61 52 10
1 50
1 36
1 67
0
5 69 69 15 66 83
1 46
2 36 43
2 44 51
4 28 43 21 42
1 52
2 31 71
0
0
2 34 76
3 12 40 39
2 39 71
1 74
1 56
2 52 55
0
3 41 80 33
1 53
4 21 56 43 39
0
2 54 28
6 75 25 59 32 40 74
2 69 88
4 44 99 57 29
3 23 80 49
2 87 12
3 38 45 50
1 53
1 35
2 54 35
0
1 71
0
2 49 38
1 44
1 70
3 52 28 80
2 68 51
2 36 35
3 24 86 31
2 39 47
0
1 56
1 62
0
2 27 50
3 34 57 29
2 89 80
4 12 63 73 45
2 71 65
4 49 51 74 34
3 36 42 31
1 37
4 38 27 53 65
2 55 42
3 59 71 63
1 71
0
1 57
1 60
4 64 75 30 37
1 64
0
1 41
1 56
2 36 73
5 27 68 49 18 39
1 63
2 37 73
1 40
3 79 43 43
1 65
2 59 51
0
1 41
2 67 42
0
0
4 32 56 44 60
3 51 46 82
1 24
2 73 22
0
3 44 57 33
1 43
5 51 51 95 60 53
0
3 59 41 37
1 78
2 34 28
2 69 85
1 36
1 66
2 45 48
2 30 48
5 34 4 31 17 53
1 31
1 45
0
1 43
1 82
2 61 33
0
2 51 33
3 70 42 36
1 45
1 45
2 68 75
2 68 12
0
3 9 76 27
2 53 36
2 45 9
0
2 0 57
2 55 75
3 63 41 47
3 63 40 51
0
0
1 33
1 29
3 50 63 21
0
1 74
1 93
3 40 60 49
1 60
0
1 26
2 76 61
0
0
1 54
2 42 47
4 14 40 3 34
3 56 28 32
2 38 39
1 83
1 39
1 63
3 32 94 71
2 65 28
0
1 63
1 34
2 66 58
1 56
3 72 63 86
5 44 32 65 63 39
0
2 82 47
0
0
2 56 77
1 69
1 56
1 47
0
3 44 38 41
0
0
5 39 44 47 62 79
3 16 53 33
0
3 48 25 44
4 23 26 68 46
1 46
1 66
1 48
3 34 66 68
2 90 18
0
2 85 51
2 64 33
3 39 20 40
0
1 27
1 0
5 39 33 53 51 23
2 49 63
2 52 72
0
3 57 30 54
0
0
0
4 40 27 74 24
3 34 66 55
2 35 67
0
1 12
0
1 59
1 16
1 41
2 74 60
2 48 52
1 84
2 28 42
2 38 65
1 53
2 82 49
2 73 31
2 68 57
1 55
3 34 56 60
4 66 44 63 59
1 79
0
3 21 83 57
2 59 53
2 52 37
2 15 56
1 44
0
0
2 70 19
1 23
0
3 47 71 59
0
2 77 42
1 22
0
2 44 50
1 37
2 27 48
1 71
1 61
0
1 69
1 54
3 45 31 37
1 30
2 46 39
1 62
1 62
3 59 45 47
1 48
1 38
6 26 37 90 31 59 39
0
3 42 24 54
0
2 60 48
3 54 59 37
1 30
0
3 71 35 57
0
3 58 59 31
4 54 58 22 37
1 47
0
0
0
2 51 55
3 48 21 51
0
1 37
1 83
2 69 44
2 12 63
0
2 44 59
0
1 85
2 57 61
1 74
1 80
0
0
1 70
0
3 28 21 7
0
0
1 78
1 20
4 53 41 59 31
3 81 44 38
4 51 40 57 43
1 24
2 8 40
1 52
0
2 56 24
2 23 51
1 9
0
0
0
3 44 46 37
0
2 62 16
0
2 76 37
3 40 42 53
0
2 51 34
0
0
1 28
4 33 55 73 66
1 67
1 70
4 34 7 49 74
2 30 71
1 57
1 43
3 52 35 65
0
3 24 26 49
3 46 7 57
0
0
0
0
1 72
2 80 47
3 45 22 40
0
4 51 51 44 39
1 70
0
1 75
1 24
2 39 9
1 65
0
1 59
4 48 45 36 56
0
2 32 18
2 20 46
1 58
0
0
0
0
1 37
0
1 40
1 54
3 59 50 58
2 16 53
1 49
1 71
3 76 41 56
0
1 66
1 35
0
3 41 36 77
2 59 44
2 19 65
1 67
2 54 79
1 57
0
0
2 63 29
3 70 50 19
1 97
2 38 53
1 66
1 86
1 45
0
1 34
0
1 61
0
0
1 48
2 35 65
3 62 31 25
1 49
0
3 41 43 42
1 47
4 56 63 46 42
0
2 81 27
0
2 40 44
2 52 81
0
0
2 71 41
1 53
1 43
1 64
0
0
1 50
1 38
2 44 50
1 66
2 53 46
1 56
1 89
2 66 66
0
2 40 84
1 61
1 61
1 70
0
0
1 46
0
0
0
1 61
0
2 45 46
1 61
0
2 32 82
4 62 27 40 16
3 50 59 46
0
0
2 56 55
2 34 55
0
0
0
1 14
3 28 46 69
1 91
2 44 34
1 57
0
0
2 78 46
4 43 43 30 40
2 24 59
1 71
0
0
1 34
0
0
0
2 6 43
0
0
2 42 65
1 52
1 40
2 95 42
4 38 88 66 71
0
1 60
3 52 54 13
1 56
0
1 73
1 56
1 50
1 52
0
2 61 46
2 61 31
1 54
3 28 19 65
2 34 62
2 25 64
2 74 40
0
0
1 58
1 52
2 52 42
0
0
3 12 36 45
1 50
0
3 62 55 20
1 59
1 54
0
0
0
1 64
1 25
0
2 63 60
1 53
1 68
0
1 50
1 68
0
2 38 65
1 55
1 29
4 41 53 36 45
1 38
1 55
0
0
0
0
2 28 36
2 41 60
0
0
0
0
1 78
4 67 30 77 59
1 53
1 49
0
2 90 29
1 61
0
0
0
1 64
0
1 69
2 32 17
1 37
3 93 33 35
0
0
0
2 33 32
2 58 75
1 71
1 52
0
0
1 64
1 63
1 64
0
1 68
2 35 80
0
1 37
1 68
0
2 57 57
3 81 86 59
1 60
0
0
1 37
1 44
1 42
1 87
1 62
3 61 57 76
0
0
1 48
2 39 59
2 57 70
0
1 69
2 20 69
0
0
3 61 63 32
0
2 12 47
0
1 42
1 61
1 66
0
0
2 36 25
1 27
2 54 57
1 55
0
1 23
1 88
0
1 54
0
0
0
0
1 46
0
3 65 39 74
1 27
0
1 55
4 40 33 66 53
2 28 17
2 100 58
2 36 73
0
2 41 53
0
0
0
0
0
0
0
1 28
0
0
0
3 77 85 72
0
2 80 62
1 60
0
0
0
1 29
1 38
0
2 43 91
0
0
0
0
1 61
2 50 42
0
2 46 44
1 68
1 62
2 84 80
0
2 60 80
1 81
0
2 37 54
1 53
1 42
1 91
2 30 32
0
0
1 67
1 42
0
1 65
1 61
1 84
0
0
0
3 64 75 30
0
0
0
1 36
1 49
1 63
2 45 30
2 31 38
1 59
0
0
0
0
1 41
1 52
1 55
1 36
0
1 31
2 57 88
0
1 64
1 27
2 48 21
0
0
1 98
3 45 21 49
0
0
1 26
1 35
1 93
1 57
0
2 63 64
0
0
1 54
0
0
1 60
0
0
0
2 4 39
1 34
0
0
0
0
1 29
2 46 65
0
2 75 50
0
2 53 35
0
1 56
0
1 67
0
2 56 44
1 48
2 51 55
0
1 40
1 61
2 66 72
1 59
1 52
1 63
1 56
1 71
0
0
1 9
0
0
2 61 76
1 52
0
1 58
1 70
0
0
0
2 23 65
4 57 42 90 18
1 87
0
1 44
0
0
0
0
0
0
2 37 38
0
1 24
0
1 56
0
0
0
1 56
2 54 61
0
1 74
1 55
0
1 74
0
0
0
0
0
0
1 54
2 80 26
1 94
0
1 67
0
0
1 17
2 30 66
0
0
0
0
4 45 36 57 63
0
0
0
0
0
0
4 16 31 44 46
1 22
0
1 59
0
2 32 46
1 31
0
0
