3600 4
0
0
1 65
1 43
0
1 74
1 35
0
0
0
0
0
0
0
0
1 54
1 69
2 43 99
0
1 35
0
1 78
1 63
0
1 40
1 40
0
1 70
0
0
1 53
0
0
2 35 57
1 44
0
0
0
1 33
0
0
1 38
0
0
0
1 47
3 48 39 29
1 39
0
2 28 83
1 58
0
0
0
0
2 53 39
2 54 12
1 48
0
0
0
1 24
0
0
0
1 68
1 15
1 66
0
1 55
0
0
1 76
1 50
1 60
0
1 39
1 62
1 26
0
2 77 31
2 43 48
1 27
0
1 48
0
0
0
0
0
1 49
1 33
0
0
0
0
0
0
0
1 11
2 32 39
0
0
0
0
1 6
1 30
2 35 65
0
0
1 63
0
0
0
0
0
3 2 38 28
0
2 67 34
0
1 57
1 23
0
0
0
1 47
0
1 13
1 58
2 47 59
1 40
0
0
0
0
0
0
2 31 22
0
1 44
1 94
0
0
2 93 36
1 31
3 30 65 47
0
1 89
0
1 42
1 34
0
0
0
1 59
0
0
0
0
2 33 60
0
1 62
0
1 39
2 51 56
1 45
1 92
0
1 73
0
1 40
1 18
1 34
1 50
0
1 28
1 62
0
0
0
0
2 73 46
0
1 53
1 64
0
1 97
1 47
1 40
1 54
0
2 74 55
0
1 74
1 37
1 35
0
1 49
0
0
2 88 82
0
1 53
2 46 44
2 42 59
0
0
1 75
1 50
0
0
1 11
1 59
1 80
0
0
2 64 41
0
1 26
0
0
0
0
0
1 77
3 65 60 32
1 6
0
2 87 47
0
0
2 49 69
3 84 44 77
0
0
0
0
2 23 4
0
1 77
0
0
1 45
0
0
1 54
0
0
0
0
2 31 46
1 34
0
0
0
1 11
1 51
0
0
1 50
2 36 64
2 63 43
1 59
0
2 13 52
2 44 84
1 45
1 48
0
0
0
2 33 41
0
1 28
2 46 56
0
2 48 48
0
2 85 61
0
1 72
1 37
2 48 64
0
0
0
0
1 54
2 40 47
0
1 71
0
1 38
1 55
0
0
1 64
1 48
2 73 82
0
1 53
1 24
0
0
1 40
2 93 42
3 39 38 68
0
1 43
0
0
0
1 42
1 64
0
0
2 70 63
1 72
1 55
0
1 43
1 34
0
0
1 47
0
1 62
2 27 86
0
0
1 99
0
1 34
1 54
0
1 57
0
2 56 39
2 49 64
1 35
1 28
0
0
0
0
2 43 48
0
2 52 52
1 22
1 83
0
2 39 63
2 90 79
2 50 60
2 20 49
0
0
0
0
2 57 54
3 51 56 10
3 52 54 15
0
1 44
0
0
0
2 78 22
0
2 48 36
0
0
1 20
0
1 32
0
0
1 44
1 48
0
0
0
1 60
1 41
0
3 51 30 59
0
2 45 52
1 45
1 43
1 33
0
3 26 14 24
1 79
3 77 43 59
0
0
1 31
0
0
0
1 57
0
0
1 18
1 46
1 39
1 25
2 68 40
1 64
1 43
2 69 35
1 47
0
2 24 22
2 62 27
0
1 65
0
2 63 50
1 65
2 64 41
2 41 75
1 38
2 45 34
0
0
1 47
1 58
0
1 24
1 50
1 45
0
1 49
0
1 70
0
1 43
1 48
2 90 48
0
2 43 54
2 43 29
1 78
3 44 20 44
0
1 65
3 73 59 14
0
1 67
0
2 75 60
0
0
1 31
1 65
2 52 46
0
1 52
1 37
2 84 40
0
0
2 46 57
0
0
2 60 50
0
1 37
1 81
2 29 46
0
0
1 84
1 40
1 29
0
1 45
3 41 50 61
0
3 43 33 77
2 68 38
1 78
1 67
1 24
2 37 53
0
0
1 97
1 44
0
2 24 59
1 9
0
1 30
0
4 19 51 82 64
0
0
1 62
0
0
0
3 13 85 57
1 30
1 17
0
1 81
0
3 61 63 42
2 69 71
0
1 38
2 53 32
2 27 67
1 52
1 35
0
3 50 78 70
4 48 49 19 26
0
1 59
0
1 68
0
2 54 51
1 32
1 35
0
1 79
0
0
1 50
2 8 9
2 73 52
1 55
0
1 45
1 50
0
1 51
0
1 65
2 27 24
3 53 59 49
2 51 61
1 56
4 56 35 44 65
0
0
1 38
0
1 72
1 46
2 59 52
0
4 24 59 16 71
4 61 65 34 64
2 63 17
0
1 24
0
1 98
0
1 66
2 39 74
0
0
0
2 71 35
1 52
2 45 27
1 66
1 40
1 50
2 10 43
0
0
1 43
1 56
2 6 71
0
0
0
1 79
5 87 41 37 67 4
2 13 67
0
1 68
2 36 57
0
2 43 26
1 15
0
6 87 42 84 65 32 9
0
0
1 47
3 36 47 58
3 35 44 51
1 47
1 30
4 62 57 47 44
0
1 15
3 15 33 31
0
0
1 65
0
1 47
0
0
1 23
0
0
1 65
1 66
3 50 48 53
2 60 19
1 26
2 42 36
1 44
2 43 30
0
0
0
2 32 29
1 60
1 43
0
0
3 69 27 43
0
3 77 44 43
1 41
1 48
0
2 36 49
1 23
1 66
0
2 85 64
2 51 28
0
2 47 39
1 60
3 21 27 23
2 31 73
1 48
2 88 30
1 24
0
2 63 48
2 56 35
2 50 27
0
0
1 45
3 52 33 42
1 35
2 75 46
3 8 49 68
0
1 31
1 36
4 82 52 60 41
4 70 67 53 40
0
1 63
0
0
1 53
1 30
3 14 62 47
0
1 45
0
0
2 46 67
1 46
1 59
1 48
3 35 47 26
4 75 62 22 72
0
0
2 27 71
3 52 54 44
0
2 34 43
1 50
1 64
1 38
1 34
2 70 35
1 32
1 68
2 29 38
1 58
1 84
3 22 17 44
0
2 35 35
1 64
0
1 24
0
0
1 38
3 55 71 73
2 39 16
1 64
2 68 59
0
0
0
3 60 65 26
2 45 50
4 25 83 61 51
1 67
2 80 30
1 52
4 78 77 75 49
2 51 8
1 18
3 52 39 55
0
3 19 50 38
1 65
1 42
1 55
1 43
1 66
2 72 16
2 52 35
1 49
0
2 41 58
3 6 41 42
3 64 46 49
0
0
4 42 7 47 58
2 55 28
0
2 43 86
0
2 35 60
2 36 69
2 46 34
0
0
0
2 62 68
1 44
0
1 78
1 57
2 67 57
0
2 70 47
4 26 37 26 38
1 90
3 56 26 36
1 68
1 40
0
2 53 56
0
1 17
1 60
1 46
2 71 59
1 33
2 63 75
0
3 40 43 37
4 31 38 37 24
3 59 61 75
1 57
0
1 63
1 42
0
4 70 98 29 57
4 77 38 58 69
1 26
2 48 37
0
3 63 45 70
1 43
2 51 18
2 79 16
0
1 50
0
4 42 58 87 34
2 66 73
0
1 22
3 57 46 27
1 27
3 98 31 47
2 59 47
1 48
2 66 47
1 38
3 63 59 36
1 56
1 28
1 76
2 69 17
4 68 33 31 82
2 80 34
1 39
0
5 51 46 59 13 45
0
4 38 38 21 36
2 58 40
1 56
1 90
3 33 31 26
3 48 64 45
0
0
2 60 48
0
0
3 76 73 43
1 30
1 68
0
4 49 25 46 79
0
1 84
0
3 79 36 56
1 54
3 58 33 60
1 54
2 37 87
1 58
0
1 46
1 57
3 38 32 44
3 46 71 39
3 28 69 48
3 34 18 81
0
2 8 61
1 35
1 44
2 35 48
4 65 40 31 76
3 42 46 25
0
1 55
4 47 49 59 32
3 56 19 57
2 33 46
1 45
0
1 61
4 87 56 21 64
2 48 57
1 59
4 52 56 62 40
2 18 62
2 50 88
2 47 59
0
2 48 44
2 57 12
2 45 58
0
1 68
1 45
0
0
2 79 75
2 54 59
1 100
2 41 75
1 74
0
1 3
1 27
3 30 37 21
3 10 92 53
2 77 52
1 92
2 48 37
2 65 75
1 75
1 53
0
1 77
2 22 32
0
5 44 66 58 53 1
3 48 61 39
3 26 72 42
2 67 41
1 33
0
4 29 36 67 23
2 85 49
4 44 52 44 29
1 64
2 42 34
2 34 37
1 77
3 14 15 32
2 62 58
1 12
1 56
1 80
1 17
2 68 20
1 40
1 61
2 44 17
2 74 49
0
0
2 67 59
0
4 68 8 54 62
0
1 57
4 32 52 68 29
5 13 24 55 75 56
3 40 41 49
2 58 60
0
3 62 48 51
2 52 22
1 52
3 56 16 51
1 46
4 35 70 27 56
0
1 69
0
1 50
3 57 39 59
4 39 32 98 76
2 20 73
2 70 35
2 64 74
2 31 53
1 47
1 77
2 89 16
1 27
1 80
1 36
2 54 43
3 31 38 87
1 53
3 29 16 94
0
0
2 87 22
1 58
2 79 21
1 20
1 24
3 59 62 30
1 18
1 72
1 14
3 91 59 60
0
5 66 48 64 65 54
5 62 18 63 58 56
0
3 42 72 50
0
2 67 80
1 27
1 55
4 59 71 52 24
3 67 22 56
3 45 56 36
1 26
0
4 66 66 86 58
2 64 71
4 46 34 52 37
0
3 73 49 62
0
3 31 39 49
1 56
2 74 43
2 44 32
4 31 69 27 33
2 15 43
1 47
3 29 22 49
2 61 42
7 49 56 46 65 23 46 71
1 28
2 22 47
0
1 40
1 62
1 46
1 56
0
4 88 41 32 29
1 25
1 47
0
3 45 39 32
2 25 42
3 38 70 54
3 40 44 58
1 17
2 31 57
1 60
3 53 45 42
2 41 70
1 35
3 45 47 67
3 53 57 28
3 89 26 43
1 19
0
1 19
3 74 66 51
1 67
2 52 43
3 30 23 56
1 90
4 33 29 59 23
0
2 51 53
0
3 46 45 42
2 42 22
0
1 58
3 28 32 71
3 55 27 56
2 13 42
4 80 51 62 37
1 75
1 40
3 53 75 45
1 27
1 30
1 51
3 49 66 60
2 3 31
1 29
1 45
0
1 40
0
5 55 27 72 41 62
1 52
2 23 52
4 12 38 44 79
4 70 34 23 15
3 60 46 84
2 59 80
3 39 53 59
5 36 57 76 71 76
1 77
2 29 79
1 16
3 31 20 34
1 78
0
1 64
2 36 23
3 64 48 56
1 30
0
2 38 51
2 50 67
2 27 72
4 74 28 37 55
4 58 58 32 37
1 31
2 65 22
2 82 63
2 25 79
4 87 58 44 35
3 16 59 65
1 58
2 39 41
3 65 41 41
0
5 67 43 49 31 63
1 62
3 64 59 53
1 82
3 17 65 32
0
3 70 54 20
4 41 69 82 52
5 39 61 34 60 58
2 73 9
0
3 70 95 41
2 29 48
1 71
1 92
1 76
0
1 53
6 31 39 62 51 44 10
1 42
1 26
2 47 50
2 16 62
2 69 51
5 14 18 39 19 95
2 59 60
1 25
2 48 43
0
3 35 42 53
2 38 32
3 14 51 44
2 52 30
0
2 51 26
2 66 50
3 60 35 46
2 82 100
3 35 51 72
1 71
0
3 40 20 77
2 68 20
3 49 38 36
3 41 40 43
1 54
0
1 57
3 21 50 17
4 71 44 71 28
0
4 55 73 93 46
0
3 35 25 46
4 62 62 43 25
2 7 43
2 20 64
2 16 14
2 38 61
2 53 52
0
2 30 50
3 45 79 53
2 75 17
3 45 64 29
2 39 3
2 51 59
3 95 63 48
1 33
1 73
3 51 49 43
0
2 35 42
5 42 68 24 55 86
4 59 24 28 51
4 68 65 27 27
1 78
1 57
5 52 35 73 10 72
0
1 62
2 66 26
3 20 67 63
5 59 64 46 57 53
2 59 71
0
2 19 42
1 70
1 54
3 13 28 37
4 28 49 61 61
1 60
3 26 61 37
3 54 57 31
1 40
1 72
4 66 54 72 48
2 31 44
0
3 14 38 1
2 24 49
6 51 26 55 53 36 44
3 53 57 66
2 34 49
0
1 48
5 32 22 26 20 50
4 40 46 72 18
4 10 30 40 78
3 60 58 58
2 42 17
3 45 12 42
2 32 42
0
3 43 45 51
4 37 57 18 41
0
4 52 43 36 27
3 51 67 50
1 54
3 57 53 53
0
1 16
2 66 54
2 20 44
0
1 39
2 55 64
4 50 50 61 61
2 70 43
2 41 64
1 40
0
0
4 84 69 39 34
2 42 82
4 9 51 40 87
3 62 76 25
2 42 38
5 39 59 56 45 44
2 72 37
4 83 66 57 65
3 62 41 67
0
2 17 31
2 31 44
1 54
2 57 52
3 60 43 79
0
2 59 54
1 53
4 34 46 67 71
3 48 27 40
1 71
6 28 42 64 26 55 12
2 25 51
2 60 9
2 70 39
3 43 71 22
1 63
1 50
0
2 76 41
6 50 39 30 48 73 39
4 56 37 38 80
2 41 52
2 62 60
0
4 37 97 79 24
2 76 45
6 59 74 56 67 23 27
1 35
3 69 62 79
1 53
0
1 52
5 57 41 74 18 58
2 32 78
1 85
2 90 62
1 44
1 64
2 27 45
1 65
2 55 35
0
5 64 40 77 40 44
2 68 91
3 63 63 41
4 66 66 88 76
1 32
5 67 73 35 89 82
4 78 5 35 49
0
1 50
5 75 30 54 45 65
5 37 70 57 46 70
4 28 71 51 78
1 45
1 45
2 35 45
0
2 51 37
0
0
2 67 29
7 63 68 70 17 35 86 15
4 86 25 42 27
1 81
2 65 89
3 37 52 54
2 76 18
3 60 53 38
1 33
0
3 43 32 48
3 11 41 48
3 96 42 22
3 24 56 58
3 43 47 49
1 66
2 48 50
3 67 73 64
4 42 60 51 10
1 76
2 73 58
1 49
1 66
0
1 87
5 22 14 80 31 27
2 37 64
0
1 39
2 66 54
0
3 44 74 91
2 37 51
3 16 52 59
3 24 35 5
2 25 26
3 44 55 58
5 38 45 45 23 62
3 71 14 60
4 50 37 64 61
3 36 30 40
2 41 40
4 64 28 59 42
1 83
3 44 62 71
0
2 15 89
2 74 41
1 83
2 72 34
2 78 47
3 55 56 58
1 32
2 45 47
5 63 28 65 54 32
4 39 54 38 47
4 33 51 9 12
2 15 69
2 10 21
5 84 45 34 57 86
0
0
3 93 75 26
1 72
0
3 62 38 43
6 86 62 96 32 43 63
5 68 50 65 24 73
1 20
4 71 31 39 79
1 54
1 24
2 65 21
4 58 38 45 96
1 44
2 58 57
5 87 45 31 79 33
2 35 49
4 40 93 45 77
2 55 40
2 35 56
5 28 38 77 71 64
0
0
3 31 54 50
1 33
2 40 52
2 33 48
3 68 54 60
1 74
4 46 38 73 89
1 80
3 57 54 41
3 65 20 64
1 27
4 69 64 52 21
6 19 18 62 47 79 82
1 62
1 45
3 31 49 54
1 46
2 37 38
6 52 95 77 50 56 42
1 56
1 65
1 24
2 43 60
0
2 51 91
0
0
2 22 46
1 72
6 54 46 35 32 73 47
2 55 80
4 50 82 47 39
2 21 54
4 72 68 50 56
3 85 66 53
1 22
4 29 35 51 26
3 28 83 44
7 55 38 28 31 55 54 39
1 31
2 64 66
3 57 46 44
4 58 83 46 51
1 57
1 40
0
1 38
5 19 61 51 59 39
2 56 78
3 28 49 34
0
1 40
1 37
1 50
5 19 19 50 1 25
1 52
1 59
3 58 39 55
7 78 44 31 53 38 77 54
1 41
2 25 80
2 42 21
1 67
5 64 9 21 49 23
3 47 62 34
3 65 65 62
2 34 64
3 46 22 43
4 48 37 36 38
1 43
3 19 40 45
3 51 53 23
2 71 43
1 49
4 77 59 62 27
3 9 87 18
1 54
2 40 65
2 43 94
2 56 35
5 68 30 40 35 61
1 33
3 36 30 66
3 65 17 61
0
2 88 50
3 60 42 59
2 53 68
7 60 33 48 32 41 16 62
2 12 58
1 55
4 42 62 41 40
4 44 44 32 35
0
0
3 86 69 32
4 58 53 49 81
5 47 44 42 40 33
4 73 50 26 49
4 31 95 52 29
3 59 48 42
1 31
1 79
2 88 27
5 60 87 9 63 94
1 27
2 74 47
4 89 68 16 64
3 52 99 48
1 89
0
3 45 68 50
4 65 15 39 69
0
0
0
4 54 57 38 43
7 64 25 53 52 64 69 53
2 63 22
3 42 44 46
3 47 37 20
3 48 51 38
0
3 68 50 72
3 50 59 74
1 54
2 80 57
4 67 50 63 42
6 93 45 32 29 51 55
2 60 51
3 64 50 34
5 53 48 49 88 34
3 29 63 32
1 69
6 61 30 82 72 71 38
1 12
1 46
2 47 70
3 42 39 57
3 60 48 71
2 58 62
2 78 51
3 69 23 53
0
3 80 60 42
2 48 39
1 57
3 44 29 49
5 36 72 48 52 37
3 54 44 96
2 66 86
3 67 98 62
5 27 77 57 82 71
1 70
1 45
0
1 44
3 79 59 68
3 12 76 59
2 70 38
4 67 27 47 76
3 4 74 54
5 21 67 45 55 94
0
3 42 34 52
1 42
1 61
2 53 73
0
1 58
3 80 52 48
6 70 34 33 37 36 29
4 47 48 23 46
3 77 34 40
2 47 50
3 49 49 60
2 61 29
1 34
0
1 81
2 58 54
2 91 50
3 61 44 51
4 48 61 31 65
1 61
4 33 78 55 41
4 53 46 47 35
3 86 34 57
2 75 79
2 86 11
2 32 63
2 56 46
0
2 73 59
3 22 39 61
3 50 66 50
2 76 68
2 28 61
1 61
5 67 31 60 47 97
2 27 46
1 52
2 42 58
2 79 80
1 69
2 62 35
3 67 27 49
6 65 78 16 58 47 62
2 35 51
2 40 14
3 26 55 39
4 42 48 54 82
3 41 77 37
1 69
1 74
2 75 57
3 62 73 19
4 42 46 30 68
2 93 35
4 81 33 65 49
7 15 66 33 40 40 69 51
2 73 68
1 54
3 50 28 65
4 53 65 54 57
4 88 37 32 40
3 40 34 31
2 77 52
5 54 60 37 27 56
1 41
1 18
1 87
6 61 63 50 34 81 36
3 64 54 34
3 56 31 44
4 69 20 70 58
2 65 46
2 32 50
2 5 51
4 78 58 64 54
3 40 26 45
1 36
0
1 41
2 40 12
2 38 49
3 7 91 31
1 47
3 51 11 10
4 74 27 58 32
2 44 19
4 37 50 82 46
4 12 43 45 44
2 37 35
3 85 61 67
1 52
0
2 41 49
3 56 10 53
2 75 78
1 64
1 19
1 18
2 37 16
2 53 64
0
3 55 36 68
3 44 46 26
7 53 65 65 69 48 74 68
1 49
3 4 41 62
3 57 35 36
5 79 57 42 56 73
2 80 45
4 55 65 29 63
4 56 50 35 22
2 53 95
5 34 21 22 67 95
5 20 58 63 81 37
2 24 58
2 41 61
4 29 58 0 78
1 55
1 79
0
3 49 79 64
2 38 35
3 24 58 57
4 48 32 65 47
2 82 29
3 62 68 30
2 28 41
1 82
2 61 30
1 55
1 52
5 82 59 37 63 49
0
3 41 37 41
3 86 40 22
2 66 35
2 60 56
3 58 76 29
1 43
2 38 49
4 29 19 29 24
4 31 57 51 56
7 45 52 65 26 65 23 29
3 33 25 58
2 85 67
5 71 42 60 56 43
2 69 52
3 61 47 49
1 40
3 78 53 57
1 19
2 18 39
4 76 69 77 63
0
0
3 33 42 54
1 43
4 52 65 23 38
6 52 65 29 54 41 98
3 42 22 43
3 77 64 59
3 74 38 57
2 28 39
3 32 38 14
1 65
1 42
3 27 78 36
5 64 6 38 77 37
1 59
3 47 46 50
0
3 44 55 46
0
2 49 7
2 49 41
2 46 47
1 14
3 49 29 79
2 48 74
6 56 69 25 89 53 72
2 61 43
3 42 42 39
1 62
1 5
3 80 46 26
3 72 16 45
1 37
2 38 80
2 55 45
2 33 51
4 68 62 75 44
3 58 40 74
5 42 43 34 38 47
2 62 60
3 40 46 59
0
4 65 88 22 43
1 85
3 65 79 76
0
2 53 38
4 57 47 57 34
4 43 67 13 49
2 37 30
2 54 56
1 43
3 14 41 33
5 49 45 76 67 41
2 54 54
2 25 59
2 40 71
6 56 22 59 41 34 60
4 50 44 26 31
1 39
1 32
2 31 18
2 54 74
3 36 59 41
4 73 36 83 36
0
2 55 33
6 52 49 28 37 25 35
3 64 64 43
2 65 75
2 39 39
4 49 44 41 67
3 49 29 51
1 24
3 30 12 56
3 35 29 43
1 49
5 58 66 53 49 72
2 49 36
7 25 69 66 49 61 44 67
1 63
6 26 56 38 54 59 54
2 52 84
3 73 52 60
1 56
3 48 46 71
3 40 67 47
5 39 37 11 63 52
1 33
2 56 50
3 50 40 53
2 52 55
4 49 18 21 55
0
1 66
2 47 74
0
2 23 38
0
5 44 88 40 70 42
2 43 56
3 59 33 55
4 55 81 69 49
2 37 63
2 27 57
3 23 44 61
4 7 41 97 38
2 65 77
2 65 62
3 51 50 47
3 13 40 63
1 47
3 46 13 42
5 29 87 33 28 32
2 17 70
5 64 55 63 58 31
1 71
2 67 49
1 35
3 68 28 32
1 33
1 75
3 61 44 94
2 64 33
1 66
6 88 38 21 80 36 27
2 65 82
3 70 69 36
3 15 22 49
0
4 18 74 20 31
4 39 43 30 71
0
1 25
2 62 91
0
0
1 64
0
1 47
4 26 92 30 48
2 23 59
7 62 48 30 48 58 43 12
2 47 67
7 62 78 58 77 46 51 49
3 59 93 86
2 63 67
2 45 35
3 51 44 38
2 58 62
4 54 91 44 72
2 46 62
1 32
3 46 38 36
4 55 51 83 69
4 49 63 55 18
0
4 39 53 63 64
0
4 52 60 28 62
1 33
1 42
3 97 39 58
6 26 92 33 53 19 49
3 38 61 48
1 67
3 46 24 40
0
1 46
2 34 36
1 53
5 59 15 53 67 79
1 27
4 62 39 43 15
2 57 23
4 59 75 52 92
2 23 35
2 39 17
3 64 23 31
3 59 64 62
3 42 57 32
4 9 49 46 69
1 40
1 78
0
2 50 53
6 67 61 52 73 52 37
1 29
2 22 37
3 42 73 70
1 56
2 65 44
4 79 53 41 41
2 44 49
3 58 86 65
3 61 34 43
4 46 95 41 39
3 32 68 58
2 32 60
1 54
4 52 51 24 44
2 41 34
5 45 53 85 68 25
1 27
2 76 78
2 12 26
1 52
2 78 52
3 55 46 51
0
2 56 44
3 71 82 45
2 20 53
4 88 53 53 33
0
0
5 7 52 37 55 88
3 61 36 72
1 61
3 55 35 51
5 54 34 82 39 30
2 31 59
2 52 48
0
4 55 27 48 66
5 54 27 69 50 70
2 55 36
3 45 38 83
3 51 41 32
1 43
4 67 36 24 69
2 44 70
2 26 60
6 57 50 39 26 36 39
1 57
3 65 46 61
0
3 82 75 87
3 58 47 42
1 68
3 60 48 100
2 61 52
2 61 42
2 63 44
1 60
3 14 50 42
2 85 65
1 28
2 39 52
5 68 98 64 51 66
4 45 58 16 45
5 47 66 57 67 55
3 90 55 33
3 60 23 65
1 7
2 31 59
1 68
3 45 35 49
3 63 79 94
4 77 53 71 61
2 61 47
1 74
2 51 26
3 37 34 47
2 38 59
1 63
3 47 15 57
2 65 69
1 58
0
1 13
1 16
2 69 24
3 67 48 42
4 56 57 76 45
5 78 17 60 10 64
1 66
4 98 37 87 47
2 56 71
4 43 85 34 76
2 31 31
3 48 82 82
1 37
0
0
3 42 31 56
4 60 84 79 77
0
3 52 41 35
3 72 28 13
1 36
3 54 39 87
3 43 35 47
2 75 100
5 26 33 62 53 25
3 22 53 30
1 34
0
4 56 55 78 54
1 85
2 73 32
0
5 52 62 43 96 58
1 65
2 76 64
4 54 91 14 97
5 38 70 19 46 60
0
1 34
1 66
5 53 41 43 43 71
5 69 66 14 53 49
4 76 52 42 35
2 20 43
6 66 56 36 41 48 42
5 55 51 89 68 79
1 67
3 28 65 15
1 56
1 87
4 31 29 24 61
1 62
1 71
1 62
4 37 24 71 44
1 36
4 24 47 26 28
4 18 43 77 50
1 51
1 77
3 64 35 88
1 37
4 72 52 32 42
2 59 39
2 45 60
1 57
4 48 60 67 89
3 54 35 85
2 68 49
3 77 56 56
5 74 36 79 29 21
0
1 47
3 61 51 75
2 6 88
3 46 44 80
0
3 42 30 33
1 51
5 50 42 59 36 80
0
1 42
3 57 29 82
2 16 85
3 32 55 23
0
2 78 76
2 54 46
4 63 72 85 63
5 62 51 23 18 30
1 19
1 73
4 53 35 66 18
1 55
0
3 70 74 44
4 24 87 52 38
3 16 38 63
1 56
3 48 40 56
1 15
2 58 89
1 55
1 31
1 84
1 40
5 52 70 25 53 77
0
1 30
3 46 42 35
3 26 5 50
2 70 22
3 85 25 49
0
1 50
3 70 52 32
6 73 65 92 78 49 24
2 57 42
3 41 33 92
3 76 44 67
4 53 48 44 42
2 77 53
0
0
0
1 54
2 68 58
1 65
2 29 68
3 42 20 38
2 19 84
4 77 41 72 48
2 41 65
0
2 76 47
9 75 89 37 75 55 27 41 36 49
3 54 94 42
3 40 65 54
1 89
1 78
3 67 48 61
2 52 74
2 34 89
1 36
2 33 67
2 28 56
3 46 7 58
2 37 35
2 21 38
3 11 57 24
1 63
2 42 82
2 70 85
3 80 83 79
3 43 65 58
2 59 51
3 51 31 40
4 76 78 43 31
3 41 76 72
2 23 39
5 60 65 58 92 48
3 48 23 32
0
2 36 80
6 34 37 61 51 75 87
0
5 59 42 39 29 18
2 58 45
5 39 85 60 48 38
2 50 54
1 67
1 38
1 66
1 52
2 21 71
1 47
0
1 47
2 58 64
5 32 49 51 50 54
1 66
1 40
0
4 41 59 56 46
2 15 60
0
3 65 27 58
3 11 57 45
4 36 25 67 58
3 60 77 56
1 67
4 72 40 82 51
1 56
3 52 80 59
3 93 46 76
1 42
2 48 63
4 72 73 72 99
3 60 12 38
3 51 38 51
0
2 37 74
2 50 65
3 63 76 61
1 78
0
0
0
3 54 74 41
4 47 35 84 67
5 50 48 59 50 57
3 45 53 55
1 35
1 54
1 13
1 41
1 55
5 51 60 40 81 30
4 54 31 54 29
1 43
2 51 7
1 52
0
2 60 71
3 66 60 33
1 43
1 56
1 70
2 51 16
3 23 26 96
2 35 31
2 53 50
5 39 19 50 38 66
4 8 36 62 47
1 48
1 35
2 89 65
4 29 13 18 84
3 41 62 90
2 55 55
2 56 65
2 87 6
0
3 51 60 25
3 13 57 65
1 64
4 50 76 32 52
1 31
3 78 51 59
1 64
0
0
4 34 73 57 44
2 42 51
4 48 81 68 45
2 59 26
2 64 20
3 34 26 42
2 50 41
1 35
5 53 40 75 79 47
0
2 59 51
1 53
1 61
6 38 25 75 55 44 69
2 73 48
2 31 51
3 84 53 70
1 39
3 98 33 32
3 50 61 43
4 65 41 32 42
0
2 95 43
1 17
2 12 37
0
0
1 34
4 31 35 42 57
0
3 40 36 62
2 80 27
3 45 61 60
1 42
2 39 18
1 67
2 16 57
2 76 33
2 63 36
5 69 30 34 52 58
4 38 44 21 39
7 37 38 91 83 74 35 50
1 73
1 34
1 59
1 26
2 40 56
2 47 58
6 21 50 68 40 45 63
4 27 40 52 29
1 71
1 51
1 42
1 45
2 39 30
3 24 45 20
1 65
1 7
3 41 60 38
2 64 58
1 49
0
4 62 48 37 23
1 42
2 67 51
1 48
2 81 82
3 50 10 64
2 32 83
2 17 40
0
0
1 41
0
1 64
0
0
3 80 33 34
3 43 33 31
2 40 78
0
5 64 22 24 60 63
3 27 79 50
3 58 70 19
1 31
0
2 47 46
2 62 30
1 56
4 58 57 65 31
2 49 71
3 51 49 54
5 34 54 61 29 26
3 36 59 72
2 63 59
4 21 43 44 18
0
0
3 64 71 49
0
2 42 49
3 47 30 80
2 38 60
2 51 34
2 42 64
0
4 55 58 62 34
0
1 90
5 36 44 51 42 12
4 46 38 40 36
4 43 75 51 49
1 75
1 52
0
2 34 61
0
1 47
1 27
0
1 33
3 61 15 26
1 37
3 63 69 10
1 40
1 50
5 40 64 46 29 43
1 56
0
0
2 59 52
3 60 73 57
0
1 48
1 50
1 59
3 39 68 29
4 59 47 71 39
5 73 70 16 39 64
2 18 48
2 64 58
1 42
1 54
4 54 49 46 47
2 84 42
2 20 62
4 71 81 76 69
1 17
1 25
4 30 76 27 37
1 60
1 83
1 49
3 60 39 59
3 59 44 58
1 28
0
4 53 71 61 48
2 56 83
2 54 63
1 62
2 80 24
3 14 32 65
1 70
2 26 32
1 33
1 73
2 49 75
0
4 21 64 63 63
2 54 22
2 62 40
3 43 28 57
0
2 55 79
1 45
0
3 54 84 15
5 50 50 57 47 54
2 71 22
3 63 56 52
1 80
1 82
1 66
5 61 27 83 58 38
2 37 53
4 39 46 32 89
0
2 48 27
4 36 56 79 74
0
1 38
1 77
0
4 53 71 76 71
2 58 84
2 67 58
2 41 76
0
1 9
2 48 33
3 74 31 66
0
3 68 15 63
2 61 47
3 23 25 46
3 42 67 39
2 76 68
2 34 43
2 37 50
1 52
1 81
0
5 21 54 67 84 61
2 34 29
1 60
1 25
1 68
1 56
1 64
0
0
1 24
0
4 53 50 87 70
3 26 15 54
3 57 69 98
2 43 40
0
0
0
2 25 74
2 53 7
3 46 52 43
2 57 50
2 78 65
3 58 54 30
2 24 41
1 53
2 70 31
3 35 81 65
1 77
4 45 64 75 46
1 85
1 56
3 65 61 56
4 58 65 54 37
1 34
5 74 58 31 43 25
1 41
2 70 67
1 59
3 77 37 40
2 42 64
3 50 73 47
0
1 74
1 40
3 58 74 63
2 34 63
1 28
2 58 78
3 40 38 56
1 93
1 67
2 67 7
1 73
0
1 25
1 83
1 17
3 47 51 66
1 22
2 78 21
0
2 74 29
4 62 40 33 40
0
3 48 59 63
1 60
1 39
4 79 50 32 68
3 2 20 75
3 44 40 63
1 18
1 54
0
1 50
2 56 46
2 74 26
2 46 26
0
1 35
0
1 63
2 53 71
1 80
1 5
1 40
1 57
2 75 49
2 78 61
1 62
1 79
1 23
0
4 76 95 5 30
2 39 49
2 44 56
1 63
2 45 86
2 71 80
1 62
1 42
3 75 50 45
1 55
2 34 55
1 49
1 25
0
2 27 30
1 37
5 77 74 59 58 41
2 73 57
2 63 82
0
2 37 47
2 83 58
1 72
0
3 76 55 70
0
1 67
0
2 59 44
3 72 72 59
1 43
1 39
1 80
2 83 79
3 13 80 21
0
3 67 58 97
1 39
1 50
2 46 77
4 88 29 40 55
6 63 41 43 55 48 39
3 76 59 44
3 62 7 28
0
1 77
0
2 79 71
1 29
1 75
4 29 54 33 53
0
2 58 57
3 79 46 62
0
1 37
0
2 50 59
1 50
1 50
1 73
3 23 40 44
1 33
1 80
1 73
2 33 62
0
1 48
1 11
1 48
1 39
2 52 29
1 56
1 40
1 51
0
3 53 41 48
2 14 35
3 41 56 56
0
1 84
1 68
1 50
1 60
2 0 35
4 69 65 83 54
2 65 35
2 25 41
1 73
1 50
0
2 58 24
0
0
1 45
0
3 42 56 66
1 59
0
1 35
2 6 60
2 76 77
2 20 67
0
1 31
3 40 30 47
4 23 32 32 56
0
3 35 36 31
1 79
1 89
3 64 36 23
3 70 93 36
2 37 71
3 85 53 56
1 65
3 37 32 15
3 73 11 71
0
2 43 47
1 24
1 63
1 44
0
4 64 27 23 35
0
0
0
2 51 4
1 51
0
1 12
0
1 55
2 63 86
1 19
3 44 33 73
5 28 53 28 82 100
0
1 39
0
3 65 54 35
1 31
0
0
0
3 92 52 17
2 36 40
2 41 57
2 45 79
1 78
2 53 41
0
1 66
1 52
0
1 49
1 36
0
2 45 59
0
1 50
1 40
0
4 45 65 69 64
4 54 44 78 28
1 34
1 60
2 76 70
1 84
1 64
1 66
0
1 18
1 63
0
1 66
0
1 43
1 71
2 0 90
0
0
3 29 45 56
2 52 48
1 40
1 56
1 16
1 71
0
3 53 87 47
1 90
2 75 89
1 39
1 31
2 63 53
2 67 49
0
3 67 37 57
0
2 47 52
1 11
4 59 32 32 39
2 73 64
1 22
0
3 41 46 39
1 63
0
1 45
1 14
1 39
0
1 65
0
1 9
1 47
1 51
2 67 40
2 52 49
2 39 73
0
1 89
2 62 52
1 61
0
0
1 32
0
1 48
0
2 35 59
4 47 66 68 59
2 36 79
2 21 32
2 36 46
1 41
2 79 19
1 10
1 47
2 27 31
1 63
3 58 28 81
2 53 53
1 44
1 56
1 38
3 40 28 35
0
1 48
1 64
3 52 45 41
0
0
0
1 39
0
3 47 51 89
2 54 53
0
2 54 69
1 24
0
1 64
2 40 57
2 51 52
1 52
2 63 72
0
0
1 44
1 68
1 48
0
1 75
0
1 83
2 95 39
2 43 64
2 52 51
0
2 30 73
0
1 58
1 26
1 38
2 54 93
0
1 96
2 46 76
1 50
1 85
1 37
1 71
0
1 29
2 46 32
1 17
2 96 68
2 48 60
1 49
0
0
2 29 4
1 32
2 66 51
3 46 61 54
0
0
2 42 68
1 58
1 46
1 72
1 46
1 82
0
1 42
0
0
3 58 72 70
2 50 41
2 78 62
0
1 67
0
3 44 19 19
1 42
2 79 63
1 40
1 56
1 62
0
0
1 44
1 53
1 45
1 28
1 84
1 52
1 46
0
3 45 30 36
1 52
2 34 26
0
0
1 27
1 49
2 80 96
0
1 63
1 55
0
3 41 27 68
1 35
0
2 65 28
0
4 68 34 38 42
0
1 9
1 57
2 42 77
0
2 18 46
0
1 40
1 54
1 12
2 20 55
2 60 23
1 37
1 69
1 61
0
1 90
0
0
0
1 69
1 61
2 44 11
1 17
1 52
0
1 41
0
2 89 48
0
0
1 47
1 32
0
1 39
1 47
2 74 34
2 45 90
0
3 53 47 78
0
0
0
1 20
1 44
2 72 21
3 55 98 35
0
1 80
0
0
0
0
0
0
0
3 40 52 14
0
1 72
2 34 34
1 60
1 26
2 62 24
0
0
0
1 66
0
3 77 80 73
0
4 40 65 17 59
1 57
0
2 44 83
1 54
0
0
0
1 37
0
1 52
0
3 10 27 13
1 68
1 82
0
1 69
1 51
0
0
1 97
1 57
1 47
1 97
1 47
0
3 32 67 41
1 54
0
2 67 66
2 64 54
2 17 10
3 49 65 18
2 48 35
2 45 83
0
0
0
3 39 27 65
2 48 51
0
1 61
1 62
1 46
0
0
0
1 32
0
0
1 52
0
0
1 39
0
0
0
0
0
1 54
0
1 56
1 73
2 32 29
0
1 49
0
1 66
2 83 54
1 48
1 46
1 78
0
3 63 64 16
1 47
1 73
0
0
2 45 49
3 84 55 20
1 38
1 39
1 48
0
2 52 34
0
1 34
1 54
0
0
0
1 34
0
0
2 49 78
0
0
2 30 48
1 68
0
2 46 15
1 51
0
0
2 62 47
0
1 54
0
0
0
1 55
0
0
0
1 41
1 26
0
0
1 70
0
0
1 41
2 46 52
3 45 23 84
0
0
2 42 23
0
1 25
1 16
2 94 25
0
1 84
0
1 82
0
3 66 49 40
1 79
0
0
1 36
2 59 38
0
2 81 54
0
1 48
0
2 54 48
0
1 42
1 48
0
0
0
1 45
1 43
1 34
0
0
0
1 69
2 40 75
1 56
0
2 76 33
1 29
1 34
0
1 32
0
0
0
0
1 37
0
0
0
1 64
0
1 47
0
1 34
0
1 72
1 92
1 61
3 51 26 72
0
1 70
0
0
1 49
0
1 73
0
1 23
0
2 73 72
1 65
1 22
0
3 44 43 29
1 81
2 28 43
0
1 49
0
1 30
0
0
0
0
0
1 25
1 65
0
0
0
2 16 43
0
1 40
1 60
0
0
0
0
0
1 37
1 26
0
1 45
1 50
1 67
1 57
0
2 59 37
1 69
0
1 34
2 39 38
0
2 59 68
0
0
1 50
2 34 67
0
0
1 51
1 44
0
0
2 51 38
0
2 56 42
1 59
1 56
0
0
0
0
0
1 46
0
0
2 95 48
0
0
0
0
1 20
1 65
1 39
1 34
0
0
2 39 49
0
1 42
0
0
1 52
0
1 56
1 26
1 98
0
1 54
1 62
0
0
0
1 48
1 53
1 66
1 59
0
0
2 40 58
1 42
0
0
0
1 27
0
1 44
0
0
1 37
0
0
0
1 42
2 55 30
1 16
1 73
1 47
0
0
0
1 52
0
1 30
0
2 34 85
0
1 58
0
2 55 42
0
1 67
0
0
1 50
1 49
2 13 41
1 39
0
2 43 46
1 60
1 57
0
0
0
1 37
1 52
0
0
1 57
0
0
1 35
0
1 81
0
0
0
0
0
1 22
0
0
0
1 56
0
0
2 38 33
0
0
1 56
1 59
1 50
0
0
0
1 37
0
1 65
1 24
1 27
0
0
0
1 26
0
0
1 55
2 28 67
0
1 60
1 29
0
1 69
3 48 29 53
0
0
0
1 77
0
1 26
0
0
1 46
1 50
0
0
0
1 96
0
1 25
0
2 38 75
0
1 47
2 59 50
1 100
0
1 68
0
0
0
0
1 56
0
0
0
1 39
1 64
1 38
0
0
0
1 35
1 50
0
0
0
0
0
1 33
0
0
1 39
1 28
1 45
0
0
2 5 46
0
0
1 75
0
1 37
0
0
2 46 43
1 37
0
1 11
1 67
1 55
0
0
0
2 55 27
2 56 58
0
0
2 36 78
1 63
3 32 11 84
0
0
0
0
0
0
0
2 49 37
0
0
0
2 52 30
0
1 63
0
1 75
1 57
1 54
0
0
0
0
1 63
0
0
0
0
0
0
1 52
0
0
1 73
2 33 63
0
0
1 76
0
1 34
0
1 50
0
1 40
1 51
0
0
1 64
0
0
0
0
1 57
0
0
0
0
0
0
0
0
1 54
2 67 41
2 69 50
0
0
0
2 22 81
0
0
0
2 61 53
2 29 43
1 29
0
0
0
0
0
0
1 42
2 39 43
0
0
0
0
0
0
1 53
0
1 39
0
1 22
1 52
0
1 34
0
2 48 24
1 73
0
1 60
1 76
2 62 51
0
0
0
0
0
0
1 52
0
1 28
1 45
1 73
0
1 49
1 52
2 74 55
0
0
0
0
0
1 40
0
1 36
0
1 17
0
0
1 45
0
1 61
0
0
3 60 52 46
1 24
0
0
3 26 21 51
1 44
2 55 52
0
0
1 12
1 59
0
0
0
1 51
0
0
0
0
2 33 61
0
0
0
1 30
0
0
0
1 31
0
