3600 4
2 70 30
1 34
4 48 33 61 56
3 65 15 25
2 67 40
1 5
3 52 14 43
4 60 46 28 50
4 57 45 14 21
4 19 66 52 58
2 23 34
3 51 19 51
4 39 39 63 32
4 61 59 76 60
4 76 50 56 38
3 56 25 50
4 73 67 23 20
2 65 42
3 17 20 64
3 62 43 36
0
0
1 54
0
6 57 48 43 72 59 37
3 59 35 33
2 59 50
3 41 34 32
3 78 62 33
7 57 50 47 30 30 52 34
2 44 40
1 72
2 48 87
1 63
0
1 62
4 20 76 59 54
4 92 19 29 69
3 39 62 69
3 49 55 49
4 16 57 21 41
3 76 64 63
1 86
2 71 65
3 58 3 57
2 60 42
3 62 41 84
2 65 56
0
5 47 37 61 64 81
1 46
2 47 34
0
3 51 25 63
4 78 39 66 58
2 48 11
1 31
5 32 48 63 63 40
1 22
1 36
1 40
3 44 72 54
5 61 38 53 42 42
2 49 59
4 62 44 54 54
1 47
5 35 73 54 44 77
2 40 35
3 59 56 43
2 69 41
5 44 44 51 42 40
1 42
1 60
2 48 7
0
1 44
3 61 69 53
1 22
5 32 11 49 23 53
2 84 31
1 87
3 48 8 61
4 60 36 53 33
4 53 30 56 52
1 48
2 41 25
1 50
2 48 70
3 57 21 60
0
3 89 70 34
1 58
2 41 49
2 27 62
1 44
1 32
3 33 61 53
2 32 46
1 59
1 20
4 28 43 30 56
2 45 70
7 64 45 48 85 61 25 29
0
4 75 51 18 46
3 56 50 62
2 44 62
0
2 40 97
2 35 32
4 37 47 63 51
6 30 22 36 83 24 55
0
5 56 16 40 65 44
3 32 38 71
2 46 92
2 21 87
3 14 21 79
0
3 64 34 65
2 28 49
4 54 42 34 59
4 35 24 54 14
3 28 65 68
2 29 39
5 31 47 53 41 68
2 40 12
1 67
0
2 33 49
2 21 40
3 51 7 47
4 68 38 32 45
1 17
1 62
4 65 69 55 63
1 31
3 39 76 27
1 45
1 24
7 73 65 72 54 70 67 34
1 31
3 21 74 14
4 25 55 61 36
0
1 53
0
3 51 50 45
2 26 40
3 34 48 40
4 42 62 45 43
2 36 24
1 45
1 57
0
1 19
2 29 29
2 24 38
2 35 57
2 75 46
3 61 38 66
2 64 38
3 79 70 26
0
4 16 67 44 54
4 34 54 43 37
0
1 37
3 56 57 65
2 77 37
4 68 34 63 36
0
2 51 49
5 25 42 97 85 53
6 72 11 48 48 30 72
1 48
3 44 25 25
2 21 88
0
1 3
3 64 62 67
4 70 80 38 64
0
0
2 70 50
2 57 59
1 49
2 67 71
1 51
2 46 49
3 52 55 48
2 80 24
2 30 39
4 76 20 68 8
4 48 70 43 61
4 67 56 48 73
1 47
6 33 59 80 63 79 45
0
4 42 25 63 39
1 66
1 63
3 49 68 61
2 59 76
0
3 58 35 41
1 27
1 8
6 85 54 29 37 66 28
1 8
1 51
3 46 34 75
6 71 60 49 45 63 38
3 52 56 77
1 64
2 53 43
2 35 39
1 61
1 37
3 42 42 56
5 10 38 43 46 67
1 53
1 82
1 41
0
2 44 24
2 71 74
4 42 24 81 59
4 56 63 44 18
0
5 54 56 41 46 53
3 48 40 31
2 44 48
0
4 63 64 41 64
2 78 59
2 81 26
5 63 53 72 70 32
2 73 61
2 67 23
1 43
1 66
1 22
2 40 80
1 65
1 57
5 82 50 50 64 59
2 36 37
1 91
2 15 21
2 76 70
1 65
3 69 8 48
1 40
2 74 76
0
1 42
2 58 35
2 45 84
0
2 49 73
4 40 50 35 48
1 50
6 35 34 28 46 83 52
1 64
4 13 52 41 17
1 8
3 57 84 86
4 70 50 91 67
4 31 63 61 71
3 34 9 41
2 31 74
2 81 43
0
1 85
1 76
2 59 68
0
2 25 11
2 65 23
1 50
1 43
1 84
2 68 57
3 77 54 39
7 30 86 37 63 61 31 62
4 58 33 64 45
1 24
3 50 35 64
3 52 60 30
3 66 22 67
2 85 29
0
2 71 63
1 67
1 77
4 61 67 58 67
3 85 39 18
3 30 61 60
0
4 65 95 40 31
3 84 40 33
2 86 16
6 56 43 87 49 8 55
1 8
3 37 52 86
0
0
2 51 32
2 47 26
1 53
0
3 93 40 58
5 41 40 46 52 82
5 44 73 41 41 50
1 53
1 55
5 55 69 59 51 72
0
2 26 77
3 52 48 31
1 72
2 32 84
2 66 32
2 60 61
3 10 61 47
3 83 42 76
4 24 45 14 24
2 32 31
3 67 66 19
3 52 24 55
2 46 41
1 33
4 30 29 37 24
3 90 46 25
1 16
1 58
0
2 47 88
2 26 56
2 51 57
3 42 79 41
3 63 55 34
0
1 76
4 32 39 39 42
4 58 67 51 59
0
3 74 42 36
4 51 63 60 49
3 43 56 91
0
3 68 36 32
1 70
1 46
0
1 35
3 57 9 60
2 50 47
1 55
1 43
4 67 74 21 74
0
2 54 80
1 26
4 49 34 50 79
1 40
3 84 47 19
2 17 44
1 97
1 49
2 52 45
3 58 37 40
2 34 74
4 31 74 13 41
1 44
1 8
2 65 74
3 80 41 58
2 84 80
3 67 48 22
2 33 79
0
0
0
3 46 47 52
1 69
1 59
0
2 65 77
2 35 46
3 96 55 66
0
4 70 79 77 12
2 70 85
5 38 73 54 56 39
2 68 15
2 56 61
0
2 71 50
2 40 52
2 56 42
1 67
4 60 58 51 46
3 69 26 37
1 53
1 43
0
2 43 16
2 38 48
1 26
3 63 68 40
1 52
0
4 24 66 62 60
1 69
0
2 72 74
5 94 54 60 62 91
1 57
2 40 77
0
0
4 55 56 39 54
5 58 70 12 46 60
2 26 74
1 63
1 19
3 47 44 42
3 44 34 64
2 33 42
1 35
0
2 55 43
2 53 59
2 30 21
0
2 44 38
4 46 59 94 66
0
0
1 58
2 64 51
1 66
0
4 28 59 80 45
4 59 41 46 41
4 51 41 53 28
3 61 79 49
2 24 31
4 25 51 93 36
1 42
2 65 45
1 60
2 68 38
3 79 49 52
0
3 66 49 44
6 13 84 55 30 72 33
4 18 56 57 81
3 43 50 31
0
1 65
0
2 61 14
2 59 42
2 74 63
2 81 37
1 57
3 17 58 4
2 8 67
1 31
0
1 40
1 67
2 29 55
0
3 49 65 43
1 72
1 47
2 48 81
1 41
1 86
3 58 63 40
3 75 32 43
3 37 76 25
1 12
3 40 48 90
3 49 15 16
2 55 7
2 39 43
4 69 63 39 56
1 41
0
1 66
1 70
3 36 70 35
0
1 54
2 55 43
4 34 30 48 56
4 75 28 60 55
0
1 33
2 69 56
3 73 39 45
2 76 58
2 81 49
5 75 62 31 89 41
1 65
1 42
2 59 47
1 73
1 40
1 41
1 3
0
3 48 74 32
0
2 54 41
0
2 59 50
3 90 77 52
1 41
3 53 33 65
3 58 39 58
1 77
2 12 22
1 83
2 43 49
3 23 49 31
2 39 72
1 55
5 33 59 58 58 21
1 82
0
4 45 59 75 31
0
1 68
2 43 49
0
2 22 26
1 51
3 33 40 82
3 74 67 24
2 56 52
1 65
1 76
0
5 51 73 51 46 24
1 61
4 58 84 23 44
5 64 52 35 52 28
0
2 52 50
1 57
1 41
4 21 55 35 44
2 70 74
0
0
2 66 52
3 58 70 34
1 40
1 46
0
2 29 45
2 78 62
2 73 66
0
1 31
0
2 58 62
0
1 13
4 89 42 54 52
1 36
1 52
2 74 87
1 44
0
2 59 77
0
5 48 45 60 71 62
1 78
1 29
2 38 70
0
4 25 47 39 34
0
2 70 40
2 40 19
2 28 58
1 53
1 1
2 55 28
2 73 51
0
2 69 48
3 67 86 97
1 32
1 45
3 43 13 61
1 53
4 50 37 7 73
0
0
2 38 77
2 85 23
3 63 71 52
1 37
2 47 63
4 38 33 72 58
2 51 77
0
2 66 32
3 64 53 53
3 54 53 40
3 13 23 42
3 46 42 36
0
2 61 42
1 52
2 55 24
1 15
1 83
2 51 52
0
1 54
1 30
1 65
1 45
2 52 38
3 55 17 53
2 60 62
1 19
2 24 61
0
0
0
1 59
3 44 57 51
1 51
4 55 57 46 48
0
1 75
1 47
1 31
1 57
2 36 58
0
4 56 17 14 42
0
2 28 56
0
1 40
1 42
1 49
3 30 24 29
1 31
1 73
0
1 55
1 20
2 78 33
1 30
2 77 59
2 55 39
0
4 74 17 38 66
2 42 66
2 43 21
2 59 77
2 61 56
2 55 63
1 59
3 44 35 47
3 29 45 50
2 26 48
1 58
2 77 44
3 41 56 57
2 37 47
2 42 39
0
1 30
1 55
2 26 66
0
3 88 12 95
0
1 33
1 80
2 67 59
0
2 39 53
2 36 68
0
1 30
3 88 42 92
4 92 62 96 68
0
0
0
3 46 33 48
1 65
2 48 34
1 47
1 39
2 81 56
1 55
0
0
1 64
0
3 31 43 80
0
1 17
3 62 38 21
5 57 42 65 77 63
0
1 46
0
2 34 46
0
2 42 47
5 35 40 57 62 63
1 24
0
2 52 47
0
5 52 26 41 23 57
1 51
1 45
0
2 34 89
0
2 50 50
1 62
1 69
4 67 55 56 11
1 71
0
0
0
1 53
1 43
1 73
1 38
1 27
2 66 31
1 47
3 59 84 54
1 68
1 11
1 29
3 61 45 62
0
0
0
2 11 58
1 70
1 57
0
1 57
1 41
2 60 33
3 62 64 58
3 11 56 35
1 34
2 68 59
1 35
3 47 61 47
0
1 48
3 58 46 66
2 56 70
1 45
4 73 35 61 26
0
3 57 43 43
1 72
1 69
0
2 79 10
1 72
1 39
2 60 65
2 22 24
1 44
1 40
0
3 24 63 23
0
2 53 36
1 31
0
2 3 68
0
0
3 48 69 46
3 67 64 82
1 52
0
0
0
1 30
0
3 49 60 71
2 66 36
0
3 80 51 70
5 82 35 10 78 47
3 67 56 45
1 36
0
1 45
1 56
2 19 64
0
0
2 40 56
2 40 26
1 70
1 66
1 48
0
0
0
0
1 93
1 24
1 57
1 49
1 75
1 6
1 8
0
1 31
3 50 61 97
3 72 39 48
0
3 67 73 42
2 76 62
2 44 60
2 76 42
1 81
1 46
2 23 13
1 63
1 46
3 60 61 42
2 49 16
1 63
1 48
0
2 45 25
1 14
1 32
3 57 84 52
1 22
0
0
0
2 64 23
0
1 37
2 40 38
0
0
1 34
0
0
2 36 67
2 83 48
2 54 48
2 40 68
2 48 15
0
1 83
0
0
0
0
2 51 37
1 34
0
1 58
0
0
1 54
3 45 20 32
1 47
3 17 35 46
1 41
1 65
1 23
1 35
3 26 63 80
0
3 51 67 44
0
2 51 23
2 41 40
3 66 80 78
2 20 31
1 52
0
0
1 53
1 56
0
2 92 42
1 45
1 32
2 59 19
1 32
2 46 56
0
0
0
0
1 67
2 60 39
1 20
1 35
2 67 45
0
1 37
2 28 35
1 50
0
0
0
1 3
1 63
1 65
3 33 51 45
1 38
2 44 33
1 39
1 51
1 47
2 91 34
1 39
1 17
2 36 57
0
1 28
1 65
1 44
0
1 23
2 64 75
1 23
0
1 21
1 28
0
2 59 60
0
1 65
1 58
0
1 57
2 54 52
3 58 98 50
0
1 70
0
0
1 38
3 51 66 40
1 37
0
0
2 13 43
0
1 7
2 54 27
2 19 13
1 38
0
0
2 58 44
1 30
0
3 39 23 49
0
1 60
1 37
0
1 38
2 36 62
0
0
0
1 20
0
0
0
1 29
1 50
0
5 58 63 21 68 42
0
1 23
1 21
1 36
0
0
3 59 51 56
1 70
0
3 43 52 63
0
1 59
0
2 61 23
0
3 58 51 40
0
1 45
1 76
0
2 50 73
1 43
1 69
0
1 89
2 38 29
1 46
1 34
1 33
1 63
0
1 80
4 34 37 48 41
2 59 44
1 54
1 52
0
2 46 67
0
2 69 71
1 70
2 61 25
0
1 43
2 66 59
0
0
2 34 55
1 51
2 68 88
0
1 3
1 43
0
0
0
1 64
2 70 76
1 40
0
0
0
0
1 15
0
0
2 52 40
2 68 54
0
0
0
1 73
0
1 57
0
2 38 41
0
0
2 50 64
0
0
1 62
1 57
0
0
2 24 64
0
2 27 57
0
0
0
1 36
3 51 58 10
1 65
2 35 47
0
2 26 58
1 42
3 44 26 38
3 62 32 84
0
1 52
1 37
0
1 48
0
0
0
1 20
2 18 21
0
2 33 47
1 77
0
0
0
1 46
1 26
0
1 61
1 1
0
2 29 86
1 54
0
0
0
0
1 62
4 52 57 54 45
0
1 32
0
2 81 55
2 78 64
1 56
0
0
0
0
0
1 91
1 11
1 31
1 33
0
0
3 70 72 40
1 52
0
2 43 37
1 76
0
0
0
4 40 35 46 35
0
1 51
1 86
0
0
0
1 40
3 52 38 61
0
2 28 38
0
0
0
2 20 50
0
1 60
1 73
1 59
0
0
1 95
1 42
0
0
1 36
1 65
0
0
1 43
0
0
1 61
1 38
3 73 50 36
0
2 72 44
0
0
2 62 35
1 81
0
3 27 23 68
1 58
1 25
1 68
0
0
1 70
0
1 44
1 50
0
0
0
1 25
0
0
1 67
0
0
0
2 1 40
1 26
0
0
1 34
1 77
0
1 15
1 79
1 47
1 50
0
0
1 45
0
2 52 54
1 75
0
0
0
2 49 54
0
0
0
2 49 37
0
1 80
0
0
1 68
0
2 58 47
1 23
2 94 32
0
0
0
1 44
1 48
0
0
0
1 52
0
1 49
0
2 58 38
0
0
1 50
1 57
1 79
0
2 47 30
0
0
1 46
1 30
0
2 38 38
0
0
0
2 69 68
2 78 43
0
0
1 37
0
0
2 31 55
1 58
0
1 37
0
0
3 24 89 43
1 68
0
1 73
0
0
2 82 61
0
1 6
1 62
0
0
0
2 35 40
0
0
1 58
1 59
1 27
0
0
0
0
0
0
0
1 25
0
0
2 61 42
0
2 23 54
2 50 22
0
0
0
0
1 75
0
0
0
0
1 46
0
3 100 94 72
0
0
3 43 14 40
0
1 47
0
1 20
1 35
1 64
1 50
0
2 21 80
0
0
1 44
2 41 55
0
1 93
0
0
0
0
0
1 27
1 71
0
1 62
1 65
1 37
1 40
0
1 49
0
1 67
1 52
1 54
0
0
0
1 68
0
0
0
0
0
0
0
0
2 44 56
1 24
0
1 79
1 52
0
0
1 33
0
0
0
2 58 56
0
1 16
1 21
1 48
3 76 60 14
1 57
0
1 37
0
0
0
0
0
0
0
1 49
0
0
0
0
1 36
0
0
0
0
2 28 55
0
1 70
1 21
0
0
2 17 63
2 47 31
1 51
0
0
0
2 47 40
1 35
0
0
1 46
1 46
1 30
0
3 39 42 34
1 59
0
0
0
0
0
0
0
0
1 28
1 80
0
2 49 67
1 21
0
0
1 44
0
0
0
0
0
0
1 62
1 49
1 23
0
1 46
1 52
2 60 36
0
0
0
2 59 54
0
0
2 28 63
0
0
0
0
2 37 51
1 50
0
0
0
1 43
1 35
0
0
1 49
1 69
0
1 48
0
0
0
0
0
0
1 25
0
2 62 33
1 40
1 65
1 49
0
0
1 69
1 22
1 74
1 41
0
3 33 34 3
0
0
0
0
1 46
1 32
1 61
0
0
0
0
0
0
1 32
0
1 29
0
0
1 62
0
1 51
0
0
1 43
3 46 39 69
0
0
0
2 45 64
0
0
1 54
1 35
0
0
0
0
0
2 33 2
0
0
1 51
1 82
0
1 7
0
0
0
2 88 60
0
0
0
0
2 34 63
0
0
1 53
0
0
1 92
0
0
0
2 13 48
2 19 43
2 14 71
1 74
1 56
0
0
1 21
0
2 57 46
0
0
1 38
0
0
0
1 24
1 29
0
0
1 83
0
1 61
0
0
0
3 52 53 49
1 55
2 86 67
1 41
0
0
0
0
1 62
0
0
0
0
1 22
0
0
0
1 32
1 35
0
0
0
0
1 49
0
0
0
0
0
0
0
0
2 28 61
0
0
1 63
1 43
0
1 70
0
1 63
0
0
0
2 42 54
1 92
1 57
1 88
1 34
0
1 54
0
1 31
0
1 70
0
0
0
0
1 54
1 52
2 42 57
1 49
0
0
1 44
0
1 44
0
0
0
0
1 88
1 39
0
1 59
1 5
0
0
1 40
0
0
0
0
1 63
0
0
0
0
1 58
0
1 13
0
2 54 65
1 83
0
2 64 35
1 54
1 51
1 29
0
0
0
0
0
1 50
2 47 17
0
1 89
0
0
0
0
1 65
0
0
1 70
1 34
0
1 68
0
0
2 67 50
0
0
0
2 59 26
0
1 34
2 34 62
2 28 65
1 42
1 45
0
1 62
0
1 53
0
1 66
1 36
0
1 59
0
0
1 25
2 68 65
2 64 53
0
1 15
0
1 29
1 13
1 52
0
0
0
0
0
1 36
1 22
0
1 75
1 83
0
0
2 41 49
0
1 36
0
0
0
1 59
0
3 32 56 50
0
0
0
1 70
0
2 57 70
2 68 47
0
0
1 39
0
0
1 39
2 64 70
0
0
0
1 50
0
0
0
1 60
1 47
1 43
0
0
1 76
0
1 40
2 74 48
0
0
0
1 48
1 56
1 46
1 38
0
0
3 49 64 43
0
0
0
1 61
1 49
1 70
0
1 87
1 24
0
1 36
0
1 54
0
2 55 45
0
0
1 16
0
0
0
2 66 33
1 53
1 69
0
0
0
0
1 52
1 68
1 89
1 74
0
0
0
0
1 4
0
1 56
0
1 50
3 40 70 62
1 16
0
1 17
2 32 36
0
1 25
1 65
0
0
0
1 65
0
0
0
2 54 37
0
2 58 72
0
0
2 60 74
1 9
0
2 47 53
1 25
2 65 73
0
0
1 25
0
0
1 74
0
2 75 66
0
1 37
1 36
1 28
0
0
0
0
1 34
1 48
0
1 55
1 61
0
1 30
1 48
0
0
0
0
1 27
3 68 75 61
0
3 55 73 30
0
0
0
1 42
1 44
1 66
2 35 51
1 35
1 75
0
2 41 24
0
0
1 62
2 58 80
0
0
1 52
1 52
0
0
1 49
2 48 24
0
0
0
1 77
0
0
1 35
1 91
0
1 59
0
0
4 76 61 93 40
1 44
0
0
0
0
0
1 61
1 31
0
1 50
1 39
1 47
1 46
0
1 44
1 60
1 57
1 48
1 51
1 31
2 13 52
1 10
0
2 46 71
1 30
2 48 38
0
0
2 83 61
0
1 35
1 40
0
1 73
0
2 50 41
1 39
0
1 91
1 30
0
2 45 41
0
1 59
1 80
2 47 26
1 71
1 88
0
0
0
1 48
2 42 60
1 53
0
0
1 15
0
0
0
2 43 9
1 22
0
0
1 8
0
2 43 52
0
1 81
3 28 46 90
1 22
1 74
1 59
0
2 44 27
1 39
1 72
0
1 40
1 66
0
1 74
1 71
0
1 86
0
1 43
1 63
1 87
1 41
0
1 60
1 57
0
1 43
0
2 41 67
0
1 42
1 82
2 75 31
2 36 35
2 67 58
1 64
0
1 52
0
0
0
1 64
1 66
2 47 20
1 65
0
0
1 53
2 53 52
1 53
1 73
0
4 46 50 58 61
0
1 42
1 40
0
4 40 57 65 52
1 22
1 54
0
1 63
0
0
1 85
1 84
1 56
0
0
3 45 29 76
0
0
0
2 49 11
1 79
1 29
1 7
0
0
1 46
0
0
3 33 37 53
2 48 45
0
3 53 74 90
1 45
1 22
0
1 47
4 14 13 35 75
0
1 47
3 64 35 21
1 29
0
0
0
0
0
2 55 17
2 59 28
2 48 66
0
0
1 21
0
0
3 24 53 24
2 65 39
2 37 38
2 63 52
0
1 54
0
2 65 57
1 71
1 61
1 56
4 60 67 55 80
0
0
0
0
0
2 30 31
3 30 57 67
3 28 43 95
0
0
0
0
1 83
0
1 23
0
2 36 76
2 0 34
0
3 63 45 42
1 73
0
0
3 63 68 49
1 25
2 46 60
0
1 47
0
0
3 83 20 33
1 26
2 26 71
1 48
2 83 64
0
0
2 59 63
0
2 36 33
1 20
1 56
2 12 36
0
0
2 47 22
1 22
1 31
0
2 61 23
2 48 48
2 34 19
1 43
3 63 54 65
0
1 79
1 59
1 26
2 14 59
2 50 19
2 59 31
1 28
0
1 83
2 33 45
1 45
2 74 46
0
0
0
0
0
1 70
1 68
2 36 68
0
1 33
3 80 18 37
2 33 70
1 45
1 48
2 27 69
1 49
3 70 9 42
0
1 44
2 29 46
0
0
0
3 80 3 35
2 37 41
0
0
0
2 76 24
0
0
0
0
0
0
2 6 31
2 48 67
1 58
4 72 90 41 52
1 61
3 36 41 66
1 63
1 61
2 56 33
2 6 67
2 63 43
2 75 30
2 14 69
0
1 34
1 50
0
0
0
0
2 97 56
3 62 61 42
1 48
2 43 36
3 43 83 25
1 87
4 60 41 44 52
0
2 33 40
1 42
0
0
0
0
1 35
0
1 43
2 35 49
1 53
1 76
0
1 76
1 38
1 41
1 59
2 74 55
0
1 25
3 51 64 49
0
2 45 89
2 55 72
2 57 48
4 52 31 36 35
3 65 46 76
0
1 40
1 59
0
0
1 38
2 27 45
2 48 64
1 67
1 57
0
1 11
5 42 67 46 19 41
1 90
0
0
0
0
3 73 37 61
0
1 66
1 58
3 58 30 47
0
0
3 76 51 58
2 43 65
2 72 46
0
2 21 18
1 39
1 30
3 74 72 70
0
0
2 46 88
2 25 34
2 58 68
1 73
0
1 16
0
2 57 70
1 64
1 50
1 98
0
1 73
1 52
3 38 59 37
1 41
2 61 78
2 36 82
1 41
4 71 13 50 34
2 51 46
2 52 23
2 40 52
2 93 47
0
1 33
0
0
1 71
1 59
1 62
2 85 53
1 49
1 55
1 49
2 31 54
3 74 48 48
1 60
1 27
1 54
1 51
1 42
2 84 12
2 42 33
1 78
1 35
3 54 54 8
2 45 59
2 44 65
1 58
2 59 48
2 17 69
1 62
2 72 99
1 28
0
0
1 77
2 39 58
0
2 56 58
1 59
2 67 17
1 39
2 69 39
1 66
1 81
1 57
3 24 35 35
2 40 45
0
1 57
0
0
2 74 19
2 23 36
1 53
1 31
2 55 83
1 65
5 52 48 42 45 61
2 60 32
1 58
4 52 53 36 28
3 74 57 69
0
1 96
0
3 37 62 57
2 27 44
0
4 66 52 58 53
1 58
1 96
2 51 54
2 64 38
2 30 53
1 7
1 46
1 74
6 33 39 36 14 18 58
1 34
2 26 40
0
0
1 23
3 52 67 23
0
0
1 91
0
2 54 40
1 76
1 43
0
1 69
1 69
4 66 40 46 32
1 26
2 61 26
1 56
0
0
1 17
2 54 75
6 30 84 36 69 47 73
2 59 53
4 39 86 73 62
2 64 42
1 58
1 32
2 37 93
1 29
3 60 55 57
1 42
1 46
3 89 63 53
0
4 37 45 44 97
1 49
2 75 78
0
2 37 67
3 26 78 67
0
0
3 38 72 25
0
2 48 45
3 77 40 75
0
3 35 64 34
1 72
1 39
1 58
2 35 72
1 74
2 47 30
1 85
2 42 64
0
0
4 42 6 56 15
0
4 50 48 22 86
2 64 26
2 64 44
3 50 72 57
0
1 44
0
3 54 30 37
2 59 58
3 46 28 25
2 71 92
0
1 82
2 67 30
2 55 52
3 48 76 68
4 74 21 62 18
1 54
1 43
1 44
2 39 25
1 46
2 46 43
0
3 55 20 34
4 36 72 39 44
2 39 63
1 69
2 44 15
4 40 45 44 42
0
1 61
1 63
1 57
1 64
0
1 14
2 42 72
3 43 43 47
1 36
2 26 53
1 40
0
4 78 54 32 78
0
2 77 47
1 40
1 41
3 78 71 46
0
3 48 62 38
3 59 51 69
1 50
2 30 50
0
0
2 59 64
3 72 67 25
1 56
1 27
3 55 57 36
1 38
2 50 54
0
1 92
2 28 31
0
1 43
3 54 59 60
4 29 64 59 34
0
4 29 79 52 46
2 64 42
1 56
0
0
2 30 31
3 55 78 48
2 74 25
3 65 32 72
1 37
2 69 49
3 90 45 61
2 28 51
1 30
2 45 61
0
4 42 77 30 50
2 35 31
4 74 41 63 38
2 47 53
2 28 92
2 69 29
0
3 76 60 32
1 58
0
6 73 67 66 80 8 68
1 54
2 95 30
2 43 72
0
2 60 98
0
1 62
1 70
1 44
1 31
3 56 44 36
1 44
2 49 72
3 44 11 80
0
1 16
2 59 59
2 56 50
0
0
0
1 89
1 70
7 27 42 69 29 28 30 50
3 49 48 30
5 16 60 39 53 52
3 61 26 10
1 66
1 21
4 44 50 49 67
0
1 47
0
2 81 42
1 14
3 31 11 27
2 87 36
1 30
2 20 24
1 53
1 49
4 61 54 65 65
1 40
3 63 33 80
2 59 45
2 51 15
3 74 32 13
4 73 42 71 39
4 19 81 89 49
3 77 48 43
0
2 12 25
1 77
0
1 66
1 60
0
1 50
0
4 73 85 30 46
1 58
3 44 40 89
0
0
5 64 55 48 58 64
3 51 18 65
0
3 54 42 42
2 60 56
1 44
2 24 20
2 69 54
3 27 21 42
2 70 18
2 60 39
1 47
4 30 23 14 66
2 68 39
2 78 50
2 49 50
1 68
3 43 67 42
2 82 50
0
1 31
2 46 81
3 42 60 72
1 60
0
1 66
3 44 67 59
2 37 58
1 67
3 19 18 37
1 45
3 49 14 40
3 66 59 67
0
1 59
4 15 11 69 59
3 18 29 35
2 29 58
2 39 86
2 66 46
4 54 53 57 68
5 82 25 52 35 76
1 42
2 49 75
2 71 52
3 20 36 76
3 48 25 83
0
2 66 66
1 67
1 69
3 43 37 62
0
5 92 70 65 4 49
0
5 33 73 50 41 64
1 61
3 31 32 35
0
2 57 38
0
0
1 30
2 80 64
2 25 40
3 33 69 74
4 52 64 81 45
2 70 50
2 44 35
1 68
2 56 43
0
2 36 82
3 46 93 56
3 46 58 55
1 18
1 37
1 59
4 40 83 46 47
2 33 55
4 28 62 70 38
1 64
2 33 26
1 74
0
3 62 96 16
0
3 35 64 48
5 20 45 51 67 1
0
3 86 50 33
1 75
2 61 36
0
1 67
1 21
4 33 68 41 69
2 74 75
3 70 86 39
4 84 60 52 32
2 67 36
5 46 30 6 27 75
0
3 27 73 1
1 30
2 47 44
2 61 36
1 17
2 68 49
1 68
1 49
1 30
5 55 76 58 44 49
3 43 56 79
1 36
2 77 57
2 92 37
3 62 42 58
3 25 49 39
2 81 36
0
1 89
3 23 15 68
1 57
6 39 41 66 7 71 41
2 41 73
5 42 48 13 73 59
2 86 40
3 18 66 34
0
1 2
1 19
1 4
2 34 25
1 51
2 38 32
3 61 63 67
6 59 52 10 17 23 13
2 52 49
5 61 41 16 58 69
1 16
2 64 45
4 41 75 50 56
1 95
2 59 63
1 56
4 70 86 58 54
1 52
4 69 38 78 72
2 20 64
0
2 16 53
2 77 40
3 84 37 38
2 41 61
1 41
1 22
2 44 54
0
2 83 55
4 45 49 72 59
1 70
2 68 64
2 72 57
1 58
0
3 56 45 10
2 47 62
2 56 10
2 55 59
1 79
1 54
1 0
2 57 99
3 24 61 39
0
4 43 85 60 43
3 8 41 22
1 56
2 58 22
1 44
2 19 86
2 76 68
0
3 63 43 42
3 59 43 63
3 50 93 45
1 11
2 73 34
2 40 31
3 60 30 27
1 37
2 54 80
0
4 38 41 68 48
1 49
4 50 71 40 55
2 69 52
3 9 55 42
2 51 54
2 47 66
3 52 64 44
3 87 72 39
4 22 53 43 73
0
3 65 17 31
2 48 47
3 96 63 29
5 48 52 32 43 27
0
3 43 12 61
1 35
3 43 59 40
6 31 45 52 23 51 6
2 62 75
1 61
0
1 58
4 75 59 41 61
3 73 54 85
3 53 31 36
1 49
2 18 47
3 32 42 39
2 64 56
2 47 31
2 58 52
1 47
2 68 35
3 84 52 74
2 51 94
3 65 31 24
3 45 47 53
2 63 58
4 75 42 64 43
2 29 43
5 85 31 60 16 58
2 47 45
2 70 24
2 46 22
2 75 30
2 35 41
1 11
3 56 26 75
2 34 44
0
0
1 84
4 56 52 66 54
1 22
4 57 47 80 78
3 80 60 40
1 47
3 43 72 81
3 81 48 36
3 31 35 48
1 9
2 86 37
3 56 60 8
3 14 61 71
3 57 46 35
2 53 61
1 33
2 40 64
1 34
5 49 94 57 58 39
3 46 90 43
3 56 99 33
3 47 57 57
3 76 41 23
1 58
2 52 41
1 23
3 68 53 14
2 40 55
0
2 77 88
0
2 69 71
2 38 54
4 31 67 36 75
3 40 59 31
2 39 45
3 74 62 31
3 52 67 50
2 85 46
4 50 30 50 23
2 62 57
1 65
3 41 58 86
3 74 28 60
2 68 64
1 59
1 69
2 27 33
1 58
2 12 89
6 57 47 35 51 45 57
0
3 29 15 40
1 51
3 48 54 36
3 28 80 38
3 54 74 33
4 41 24 31 35
0
6 39 53 28 16 41 52
5 29 31 66 39 31
1 60
0
1 82
3 87 45 59
4 42 59 50 49
0
3 25 76 58
2 52 67
3 80 70 21
1 83
0
2 58 53
3 52 47 36
5 51 48 19 56 85
4 58 46 81 37
3 40 71 60
0
2 65 32
3 60 100 43
1 36
4 53 49 79 7
2 59 17
4 42 46 46 18
1 17
0
5 20 71 9 81 42
1 48
3 27 37 67
0
1 38
1 30
2 66 46
3 67 59 42
0
1 54
3 51 42 27
4 32 83 27 42
2 72 35
4 51 75 63 32
1 35
4 43 31 56 42
3 43 46 41
2 72 48
3 50 68 15
3 54 29 74
4 49 32 31 69
0
3 62 18 68
3 50 27 42
4 57 56 52 49
3 52 56 54
4 59 40 55 38
0
3 42 57 87
1 52
1 26
4 34 62 46 49
2 34 58
3 62 60 36
2 32 57
2 28 35
1 61
1 46
1 31
0
1 33
2 42 57
1 56
4 23 41 38 76
1 88
1 66
4 72 35 42 52
3 62 46 54
1 76
3 69 63 38
2 60 18
5 91 97 39 48 51
0
4 12 29 54 59
2 41 40
6 44 66 18 52 47 49
5 68 28 43 61 40
7 57 28 27 53 90 98 87
4 36 70 58 57
3 47 92 48
1 43
1 24
6 65 77 52 48 35 47
3 62 40 40
2 41 69
1 53
1 36
0
5 90 76 79 15 38
3 41 65 33
3 41 59 29
0
1 40
4 33 58 48 26
2 75 65
2 73 56
4 56 36 85 58
2 59 15
3 25 33 41
1 64
1 14
1 56
5 65 44 24 52 46
0
3 52 27 27
2 74 62
0
2 27 63
1 62
5 33 55 9 58 76
1 54
0
2 82 55
2 43 68
2 58 81
3 80 34 62
4 54 58 54 60
3 69 60 24
1 56
3 53 90 60
1 42
3 99 41 64
3 48 57 72
2 65 26
3 58 24 44
2 62 94
2 32 56
2 81 50
2 78 46
3 51 62 60
1 67
5 73 52 81 70 77
8 45 63 40 27 37 2 2 69
2 38 75
3 68 43 49
3 53 54 48
3 60 47 22
3 44 44 60
0
2 32 53
1 32
2 25 34
1 59
3 41 51 48
4 78 38 42 55
3 67 61 31
5 52 45 24 52 41
2 12 44
4 48 3 63 46
0
2 58 51
2 46 71
1 66
4 96 28 15 32
3 59 25 48
1 74
6 51 40 57 43 89 72
2 11 44
1 76
2 57 47
1 62
0
5 53 73 36 72 63
4 63 100 40 70
2 72 85
2 51 14
2 47 61
1 22
3 51 65 66
1 55
2 39 60
3 88 22 22
1 37
5 48 54 76 23 71
0
1 14
3 40 52 65
2 47 52
4 41 49 76 44
6 56 73 62 57 75 41
1 58
0
6 53 31 28 19 46 39
1 76
5 35 56 52 82 79
2 69 52
0
3 40 72 55
2 65 6
1 19
6 50 27 28 58 48 48
3 21 37 68
1 38
2 36 74
2 30 41
0
3 24 44 52
5 47 30 27 46 89
1 61
2 37 18
2 87 45
4 29 45 48 74
3 25 49 29
4 22 40 82 84
1 32
4 19 35 47 23
1 32
0
0
3 69 35 38
4 57 80 39 51
3 51 53 49
0
0
4 54 38 39 66
1 55
4 52 43 45 52
3 25 21 65
4 37 46 50 69
4 16 45 59 43
3 69 92 18
1 60
3 53 27 56
4 71 39 44 74
2 21 52
4 81 66 27 39
6 35 34 40 59 58 83
1 43
1 28
2 59 50
2 52 63
3 87 44 48
1 56
7 73 36 1 54 54 70 57
3 79 29 59
1 67
4 33 73 48 68
2 91 55
2 45 5
3 64 32 37
7 35 31 41 2 56 68 28
1 69
0
1 61
2 71 75
1 23
2 44 87
4 80 18 96 27
4 53 54 27 53
1 74
3 79 45 90
5 69 63 35 52 36
3 77 40 82
3 58 32 24
0
0
3 55 26 46
2 37 36
2 76 46
1 44
4 33 39 45 71
1 29
2 67 16
0
7 87 41 66 50 43 52 0
4 28 75 63 78
1 46
3 35 58 50
5 34 83 48 48 14
2 53 24
2 64 52
1 35
1 12
3 5 67 67
3 60 63 48
2 79 38
4 54 69 51 37
0
2 28 22
5 43 36 54 42 24
3 46 18 18
2 14 36
0
2 65 37
3 67 9 33
3 47 89 48
3 73 44 22
1 66
3 36 68 46
1 61
5 45 38 48 12 62
0
4 45 22 46 7
2 68 9
4 61 68 45 53
1 47
3 25 64 77
0
4 73 3 71 28
3 52 44 23
1 32
2 59 32
1 45
3 69 69 61
2 52 52
2 9 27
1 48
0
3 88 40 56
2 32 47
1 69
2 95 48
1 31
3 46 48 49
3 31 75 77
7 47 35 56 30 34 44 25
4 30 32 67 86
3 44 76 58
5 34 27 62 30 49
2 84 59
0
1 62
4 28 41 22 71
5 32 34 36 41 38
5 67 70 64 32 38
2 18 72
2 17 41
2 86 63
1 14
4 70 53 49 26
7 52 55 63 78 70 52 59
2 46 25
1 14
1 56
3 29 53 59
1 45
0
3 48 64 54
1 38
1 33
5 46 58 37 49 63
5 81 30 47 67 34
3 90 62 67
2 52 52
1 74
1 74
1 54
3 51 49 62
2 31 12
2 67 26
8 63 58 16 28 54 61 50 41
2 36 65
2 24 67
1 40
2 29 55
2 54 50
2 38 29
2 43 23
4 32 60 33 59
2 59 44
6 45 40 18 71 40 57
4 47 45 50 44
2 45 66
2 81 59
2 43 68
5 34 65 25 55 40
1 45
1 39
3 1 49 44
4 37 42 47 58
0
3 58 57 30
1 53
1 98
2 63 34
1 57
1 70
5 51 82 35 25 54
2 41 66
5 77 63 65 45 66
3 66 56 61
2 58 43
1 17
3 24 49 77
3 39 75 45
8 83 78 72 28 56 69 29 43
3 37 61 65
3 48 58 75
0
2 60 39
4 60 49 78 44
3 96 39 60
4 44 18 22 32
1 39
2 60 20
3 64 63 77
1 16
3 37 2 18
2 27 86
1 88
1 52
0
3 55 46 58
6 72 40 48 32 35 66
4 65 32 89 46
1 46
1 12
1 25
5 29 52 57 80 79
3 41 31 96
0
1 21
4 85 52 16 37
2 51 38
1 40
3 51 41 42
2 48 14
1 90
4 12 67 47 46
3 95 47 76
5 63 29 74 9 64
2 100 56
4 85 74 40 91
5 5 84 71 44 42
1 40
3 52 11 38
5 16 63 48 79 35
1 39
2 66 60
5 28 99 88 77 76
3 56 42 42
2 65 69
5 22 45 49 57 33
3 59 47 85
1 46
2 52 64
4 40 37 21 37
1 26
2 41 82
2 85 31
0
3 19 47 49
3 52 57 53
3 69 56 31
1 74
2 52 56
1 42
2 57 86
6 65 56 77 61 46 48
2 32 23
0
3 63 40 64
1 54
4 72 77 51 52
2 60 38
6 73 48 46 89 53 22
4 77 69 56 42
5 76 57 58 48 72
4 40 67 11 64
2 58 80
1 74
3 65 31 41
2 53 50
3 51 8 88
2 47 13
3 41 59 82
2 63 44
1 52
2 30 52
4 61 54 61 46
1 32
1 54
5 82 34 83 55 60
2 44 48
0
2 78 28
2 80 41
2 65 61
2 58 49
2 43 59
1 9
1 52
3 26 74 88
3 76 31 20
2 68 56
1 31
1 51
3 41 53 65
2 77 27
3 58 57 25
4 42 64 71 43
4 68 60 34 46
2 55 29
3 27 30 73
1 67
2 35 88
5 62 88 36 43 61
4 36 19 59 64
2 21 42
4 39 72 65 74
0
1 61
2 32 46
2 61 50
1 53
1 74
2 92 35
3 52 50 31
3 89 32 38
2 68 56
5 46 58 35 61 77
1 28
4 57 59 56 55
1 51
7 12 99 30 39 48 66 82
0
2 49 73
3 39 78 50
1 48
4 67 77 40 27
0
0
2 54 46
4 45 75 54 49
2 61 4
8 84 54 31 41 57 51 59 26
4 60 63 34 72
2 30 31
2 87 12
1 63
3 67 57 56
1 79
1 48
3 79 29 51
1 31
2 49 45
3 59 54 4
5 57 36 56 62 64
1 70
1 41
2 51 16
2 62 58
3 59 58 53
1 90
2 48 29
2 42 62
5 26 57 46 59 40
2 10 59
4 50 51 77 57
3 39 35 7
3 31 68 15
3 26 26 69
0
0
3 25 53 90
4 54 89 83 54
1 57
2 53 33
6 23 55 69 66 48 37
2 66 37
2 40 45
4 65 61 55 70
1 65
4 71 56 29 5
1 31
2 80 57
0
1 36
2 48 54
3 63 22 24
5 27 44 81 34 70
3 44 50 65
3 31 21 44
3 28 53 48
2 50 34
4 86 64 32 19
2 16 74
4 24 25 29 49
4 72 63 66 40
4 66 44 62 45
2 68 49
3 59 39 9
1 27
3 57 73 59
2 49 35
3 26 38 48
1 39
2 42 31
3 83 34 41
2 30 38
2 57 39
3 9 95 33
2 65 82
0
4 48 22 48 13
2 18 85
2 32 36
3 66 66 60
2 73 16
2 23 58
4 66 41 85 33
4 55 49 65 24
3 43 67 57
2 46 34
4 21 47 61 32
4 66 43 36 62
2 50 62
1 54
2 40 49
2 22 27
1 58
3 31 23 27
2 50 74
1 72
2 28 74
0
2 61 69
0
3 53 59 26
4 47 20 32 59
