3600 4
0
1 66
3 38 46 48
1 38
0
0
1 41
0
0
1 48
0
2 37 57
0
1 51
0
0
0
2 44 35
2 75 48
1 51
0
0
0
0
0
0
0
1 62
0
1 79
0
2 74 54
0
0
0
0
1 15
0
0
0
1 43
0
1 78
1 43
0
2 29 40
0
1 37
1 61
0
1 74
0
0
2 58 46
0
1 35
0
0
1 82
1 19
0
1 50
0
0
0
1 48
0
1 67
1 39
0
1 37
0
3 19 48 39
1 46
0
1 61
1 78
0
0
0
0
0
0
3 72 32 51
0
1 78
2 49 57
0
0
1 60
0
0
0
0
0
0
0
1 82
0
0
1 93
0
0
0
0
1 2
0
2 31 47
1 27
1 49
0
1 55
1 63
0
0
0
1 53
0
0
0
4 27 38 70 69
0
1 63
0
0
1 72
0
0
1 25
0
0
1 98
0
0
0
1 48
1 48
1 78
0
0
1 41
0
0
1 70
0
0
1 40
0
1 59
2 49 57
0
2 80 98
0
0
0
1 47
0
2 41 51
1 60
0
0
0
0
3 68 63 34
1 39
2 56 51
0
0
2 38 46
1 30
0
0
1 50
1 39
0
0
0
0
0
0
1 41
0
1 60
1 45
1 66
0
0
0
0
0
0
1 47
0
0
3 28 26 75
1 26
0
2 27 40
0
0
0
1 62
0
1 69
1 58
0
0
0
0
0
0
1 45
0
0
1 33
0
1 41
0
0
1 71
0
1 70
1 75
0
2 78 54
0
1 85
0
0
0
0
0
2 81 39
2 88 65
0
0
0
0
0
1 78
0
2 33 74
0
0
0
0
0
1 38
0
1 63
0
3 20 51 42
0
0
1 67
0
0
1 16
0
1 35
0
0
0
0
0
0
1 62
1 49
0
0
2 46 67
1 43
0
1 61
1 33
0
2 66 68
1 52
0
2 63 28
0
1 40
0
2 18 82
0
2 31 30
0
0
0
1 56
0
0
1 15
1 50
0
0
0
0
1 45
0
0
0
0
1 31
0
1 55
2 87 62
2 22 73
0
0
1 44
0
1 63
0
0
0
2 41 53
0
0
0
1 65
1 35
1 63
1 67
0
1 64
1 39
2 71 89
1 67
0
0
0
0
0
1 43
0
0
0
0
0
0
1 63
1 68
1 65
1 65
1 63
1 45
0
0
1 45
1 63
2 90 57
0
1 38
0
0
0
1 48
1 65
1 56
1 59
1 60
1 37
0
2 52 89
0
0
0
0
0
0
1 49
1 55
0
0
0
0
2 76 50
1 22
1 24
0
0
1 15
0
0
1 45
0
2 86 39
1 24
0
0
0
1 62
0
2 62 14
0
0
0
0
1 32
1 38
1 76
0
0
0
0
2 21 56
0
1 83
0
0
0
0
1 80
1 46
0
1 90
0
1 71
0
0
0
0
1 53
0
0
0
2 75 49
1 41
1 59
1 37
3 39 62 60
0
1 26
0
0
1 57
1 61
0
0
1 65
0
0
3 41 26 24
0
0
0
0
1 41
1 65
3 46 22 26
0
0
2 62 54
0
3 35 48 24
2 49 80
0
1 51
1 45
1 34
0
1 62
0
0
1 23
1 74
0
0
1 19
1 91
0
0
1 57
0
0
0
0
1 40
0
0
0
2 63 68
0
1 66
1 48
0
0
3 61 55 55
1 62
1 50
1 45
1 69
0
1 13
0
2 29 69
0
0
1 60
0
1 63
1 84
2 67 55
1 36
1 87
0
0
1 31
1 52
0
0
1 32
2 26 25
0
1 100
0
0
0
1 28
2 26 35
1 59
1 45
0
0
0
0
2 14 39
2 71 69
1 9
0
1 32
0
0
0
0
0
1 20
0
0
2 61 24
0
1 60
3 56 36 45
0
0
0
0
1 48
2 45 51
1 66
0
0
1 7
2 53 37
0
1 73
0
0
0
1 52
0
0
2 32 68
0
1 45
1 33
0
2 45 67
1 83
1 63
0
2 39 23
0
0
2 37 49
0
0
1 46
0
1 34
0
0
0
2 54 51
0
1 45
4 42 57 37 41
1 48
0
1 40
0
0
0
1 30
2 61 70
0
1 41
1 25
0
1 79
0
2 40 52
1 33
2 35 69
0
3 50 44 58
1 38
1 29
0
0
0
0
1 47
1 58
0
0
1 27
0
0
0
2 47 64
1 27
1 28
2 49 19
0
1 40
0
0
0
1 78
0
0
0
1 29
0
1 41
2 51 47
0
1 54
0
1 39
1 86
1 64
0
0
1 61
0
0
1 55
2 65 67
4 19 39 68 57
1 28
1 49
0
0
2 17 78
0
0
3 50 75 43
1 66
0
2 45 57
0
3 75 57 84
3 50 79 57
0
1 73
0
1 43
3 22 54 43
0
2 25 39
0
0
1 36
0
0
1 74
0
0
0
2 43 31
1 71
0
1 22
1 30
2 45 32
0
0
1 68
3 37 63 65
0
0
0
0
2 8 61
2 36 20
1 64
1 50
0
0
1 72
3 36 36 29
1 52
1 18
0
1 48
1 57
0
0
2 61 52
2 2 75
2 69 49
2 38 17
1 57
0
1 53
1 74
0
0
2 40 36
0
0
1 21
1 62
1 56
0
1 64
1 58
1 36
1 47
1 78
0
0
1 64
1 97
1 36
1 52
2 75 19
3 92 43 61
1 58
0
0
2 67 33
1 29
2 49 41
1 40
2 39 18
0
0
0
0
2 51 52
2 51 73
0
1 47
0
2 74 62
0
0
1 41
2 71 77
5 57 38 21 39 53
1 60
2 38 55
2 45 56
0
1 32
1 59
1 62
2 47 47
0
0
0
0
2 26 22
0
1 62
0
1 31
1 65
1 54
3 62 29 51
0
0
0
3 34 35 69
2 61 49
1 22
1 57
1 78
1 68
2 19 71
1 67
2 49 51
1 58
0
2 74 38
0
3 60 32 31
0
0
0
0
0
1 26
0
1 36
2 71 36
0
1 64
1 56
2 52 52
0
0
2 57 37
1 70
0
1 50
0
1 22
1 72
0
0
1 66
2 69 58
0
2 37 83
1 82
1 13
2 43 51
1 46
0
1 27
1 71
0
2 58 48
2 35 31
1 36
2 54 4
0
2 47 5
0
0
2 69 51
1 33
6 53 53 51 34 49 47
1 61
2 31 55
1 80
3 38 51 48
1 27
1 52
2 58 67
1 63
1 17
0
1 41
1 4
0
0
1 54
3 8 49 59
1 33
0
2 60 50
3 27 39 76
1 39
0
1 37
0
0
0
2 40 38
1 38
0
0
1 63
1 85
2 61 72
2 62 36
2 64 50
0
1 61
0
2 24 56
1 69
0
0
0
5 45 52 53 34 61
2 9 69
3 73 53 76
1 98
2 35 61
3 44 35 14
0
2 5 37
1 60
0
1 63
3 59 43 48
1 13
0
1 37
1 39
1 66
2 39 66
0
2 73 57
0
1 25
1 55
1 60
1 51
3 49 52 59
4 48 17 37 66
1 9
0
0
0
3 33 70 49
1 48
1 25
1 77
4 46 30 32 64
1 67
1 62
2 45 61
2 80 41
3 30 30 33
0
0
1 50
2 65 31
2 53 44
2 25 46
2 80 56
0
0
0
2 48 81
2 11 38
1 24
0
1 71
1 64
0
3 48 47 62
1 26
2 42 44
1 23
0
1 47
0
1 52
1 24
3 43 73 75
4 70 55 72 87
2 21 71
1 39
0
1 52
1 45
3 52 58 14
1 56
3 45 63 60
0
0
1 29
0
1 67
1 38
2 55 53
3 66 31 36
2 75 62
0
0
2 58 54
1 57
0
0
0
2 78 57
1 80
0
2 60 44
2 15 22
1 48
2 43 71
0
1 97
2 58 59
4 88 59 32 10
0
1 46
4 28 57 3 46
3 64 28 38
3 12 76 36
0
2 58 82
3 68 65 35
1 13
1 38
1 27
1 61
1 62
1 68
1 87
2 70 41
2 49 17
2 49 65
1 86
1 54
0
0
1 84
0
0
0
2 54 42
2 19 55
1 65
0
1 52
3 69 65 42
3 67 71 52
1 32
1 12
2 31 67
1 50
1 45
3 40 34 64
2 42 86
3 36 21 11
1 35
2 23 82
2 34 73
1 44
1 22
2 74 47
1 59
0
0
3 38 57 72
2 44 59
2 46 44
1 65
0
1 41
2 62 39
2 36 70
0
2 35 43
2 26 15
1 55
4 53 68 40 59
0
2 70 33
1 75
3 40 51 55
1 36
0
2 64 0
2 76 59
1 75
2 28 61
0
1 57
2 69 17
1 12
0
1 33
2 82 39
1 46
2 57 53
1 46
3 34 68 71
2 39 61
1 50
2 39 17
3 76 56 49
0
2 24 62
0
0
4 64 57 70 50
3 42 49 44
0
0
1 31
3 77 91 57
1 48
1 77
5 25 11 60 41 56
3 43 28 39
1 68
1 31
1 53
1 52
2 72 52
1 54
3 55 49 32
2 37 37
2 45 58
1 32
1 59
2 37 59
2 58 25
5 34 52 58 42 73
2 53 54
0
1 36
3 46 74 39
2 38 4
0
0
1 46
1 75
0
1 55
1 84
1 33
0
3 37 64 59
1 82
0
2 30 91
1 84
4 93 66 37 45
1 56
0
1 39
2 41 68
3 36 54 61
0
1 60
1 2
5 79 53 77 54 13
2 52 39
0
0
1 63
1 18
1 43
3 35 67 57
0
5 77 47 66 20 49
0
4 32 28 58 60
2 70 45
1 72
0
1 30
1 51
0
1 31
5 67 17 60 63 65
4 16 81 49 32
1 25
2 53 32
1 22
3 24 27 76
1 41
2 58 30
2 73 21
3 69 61 96
1 75
4 44 27 56 48
1 99
1 73
1 25
5 51 37 68 51 40
1 13
2 70 31
1 22
1 50
1 47
3 62 52 41
1 51
2 54 46
4 27 45 38 31
1 50
0
4 21 45 40 55
0
0
2 36 38
2 37 66
2 35 72
0
2 38 82
0
1 37
2 27 62
1 35
1 63
1 89
2 14 63
3 43 67 78
0
2 60 55
0
1 56
1 70
0
5 40 55 57 45 72
4 56 62 72 80
1 38
1 62
3 94 55 38
2 91 42
0
3 20 74 36
3 33 22 82
1 74
1 44
2 20 14
2 37 62
2 28 75
5 45 67 53 23 43
2 9 77
2 62 50
1 82
2 23 37
1 63
2 49 76
2 61 66
2 48 47
3 96 42 65
3 54 28 43
0
3 28 55 23
0
1 27
0
0
1 49
1 40
0
1 52
0
4 32 73 44 35
1 74
2 52 33
2 41 54
2 74 22
3 32 59 63
2 26 71
2 92 58
3 69 45 34
0
1 63
1 49
1 49
0
3 50 40 50
4 55 48 25 76
0
5 53 73 59 57 79
1 44
3 50 73 38
4 63 49 19 38
0
2 47 73
4 51 49 61 59
0
1 41
0
4 76 72 59 80
0
2 52 60
2 59 60
2 77 47
0
2 89 66
3 61 45 59
1 48
4 74 25 55 43
5 69 22 88 38 56
4 66 20 6 8
0
2 53 82
2 62 76
5 71 58 49 58 23
2 36 42
2 45 55
1 69
2 44 58
1 30
2 67 79
4 46 32 3 92
1 51
2 55 58
1 26
0
2 43 52
1 63
3 60 10 29
1 58
1 32
4 62 48 47 79
1 55
4 38 53 54 24
0
1 51
4 28 67 40 78
0
1 39
0
0
4 42 39 19 52
2 57 72
1 24
2 47 37
0
1 27
5 58 64 37 13 52
2 45 54
3 33 20 29
1 46
3 84 51 76
2 62 37
1 60
0
6 33 65 54 23 44 77
1 66
0
2 85 48
1 37
4 39 71 38 62
3 40 36 46
1 70
1 16
4 56 2 18 55
0
6 56 54 66 47 23 59
3 45 67 53
0
2 33 32
3 31 64 53
2 67 38
1 53
1 38
1 20
0
3 33 78 60
2 80 71
0
2 38 24
1 89
1 33
4 48 68 62 42
3 11 44 36
2 20 34
3 57 81 60
0
1 75
3 41 45 39
0
2 9 52
3 71 73 63
2 79 47
1 44
0
1 70
4 23 55 54 87
1 51
3 35 31 58
3 46 30 50
1 83
2 95 88
2 75 62
6 70 73 58 74 37 78
2 55 71
3 61 19 46
0
2 37 43
2 39 60
3 54 47 52
1 31
2 38 40
3 45 49 27
5 54 58 43 65 71
2 77 43
3 32 74 41
2 44 50
1 61
1 15
0
2 33 49
4 39 58 55 69
3 38 51 59
1 47
0
2 69 41
3 62 61 50
2 48 73
2 66 29
4 68 87 36 89
3 67 44 47
2 72 34
4 56 32 54 62
1 70
0
2 76 67
0
2 23 68
3 13 24 30
2 30 86
1 82
1 32
3 44 57 43
3 13 64 41
1 78
2 60 47
3 68 50 37
1 31
1 25
4 51 12 7 46
2 22 18
2 11 74
0
2 61 50
0
2 66 21
1 18
1 45
4 58 58 23 33
0
6 64 76 26 57 7 51
3 42 63 50
0
1 70
3 53 36 45
2 17 23
2 27 30
4 45 68 90 89
1 33
0
4 65 52 10 45
0
1 7
1 44
4 58 52 14 68
2 38 72
2 37 37
4 48 53 37 44
3 54 31 27
3 23 34 36
1 47
1 46
4 69 24 42 45
3 69 68 28
2 38 45
2 53 20
1 67
2 78 56
2 23 40
2 49 72
1 15
4 61 91 73 34
2 26 48
2 91 24
1 47
0
3 47 27 92
1 30
0
2 43 40
3 66 52 36
2 28 45
2 38 79
5 74 46 43 85 38
0
1 61
2 93 16
3 62 27 26
0
4 54 57 86 46
2 80 56
1 60
1 45
0
4 43 67 44 45
1 27
7 21 42 63 50 46 87 59
1 33
3 23 60 46
0
3 39 99 36
2 46 23
1 73
2 52 79
6 55 36 89 87 56 11
0
2 20 5
3 54 55 57
4 62 41 25 32
1 76
2 35 34
1 53
2 44 63
2 1 49
2 43 92
4 13 42 60 28
0
2 43 74
4 2 67 73 48
0
1 38
0
2 92 22
5 67 34 60 50 44
3 29 56 67
3 70 69 31
7 71 60 41 62 27 73 33
2 41 50
2 98 51
2 75 71
6 18 21 59 70 61 68
3 57 79 41
0
3 40 57 64
1 60
0
3 44 50 45
1 80
1 47
4 78 47 26 40
1 44
1 28
2 21 50
0
2 37 45
3 31 41 62
1 33
1 51
3 70 51 58
3 50 62 60
2 45 44
0
1 54
6 33 32 58 29 53 52
2 36 46
3 70 52 61
2 45 53
2 43 58
2 75 39
1 38
5 60 85 51 8 43
1 48
1 49
2 48 72
4 54 49 30 58
3 49 29 37
2 78 31
1 26
4 10 42 49 48
2 70 62
1 55
4 1 37 50 53
1 55
3 85 12 31
2 74 73
3 39 34 51
4 41 77 30 73
2 22 50
5 45 37 80 46 42
1 55
3 37 55 51
4 39 37 89 20
1 62
2 71 32
4 39 38 66 78
3 37 50 77
2 52 15
3 23 83 75
4 80 50 58 37
3 36 47 45
2 45 67
2 35 42
0
3 53 56 36
2 59 16
2 60 45
1 76
0
0
0
1 56
2 65 47
3 98 12 71
1 76
2 82 67
3 34 54 40
2 21 59
2 27 31
0
3 67 43 47
4 43 20 27 64
2 35 64
5 53 34 69 29 45
1 70
5 53 64 28 19 12
3 62 80 54
4 16 54 49 12
4 27 54 35 42
1 44
3 53 16 37
0
2 38 53
1 53
1 37
3 48 63 40
1 19
1 40
1 74
3 32 39 39
4 29 96 53 24
6 41 43 43 14 56 71
3 34 57 54
4 62 44 83 40
6 51 27 70 45 53 68
2 44 19
2 57 46
1 37
2 51 29
5 61 25 39 54 60
2 77 54
3 44 48 65
1 39
0
4 85 79 42 64
3 53 90 66
2 60 35
2 9 1
2 93 36
2 68 24
2 75 53
2 66 26
2 49 28
2 76 26
2 33 4
0
1 67
0
1 28
2 51 11
4 54 67 48 49
1 46
3 70 62 23
3 76 61 73
4 28 26 68 83
4 45 34 14 67
3 59 47 24
3 33 56 39
2 17 97
1 92
4 57 65 61 76
0
1 67
5 57 45 53 55 60
2 62 64
2 38 52
4 47 61 48 44
4 39 29 55 26
1 37
3 79 60 20
1 20
4 61 31 33 51
3 27 36 73
0
1 54
3 49 47 52
2 44 11
1 25
1 71
0
5 76 33 89 51 27
1 41
3 8 31 46
3 45 43 40
2 63 53
0
2 66 39
3 59 38 33
3 52 57 59
1 63
5 38 36 43 59 97
3 48 80 36
4 58 68 52 39
0
4 45 76 86 50
3 66 43 56
2 96 44
0
3 34 17 87
2 70 63
3 85 54 31
3 33 64 39
0
5 50 44 72 40 35
1 42
0
1 62
1 39
3 62 34 40
3 42 40 33
2 12 64
0
6 41 55 36 54 59 67
1 53
0
1 58
4 43 74 86 89
2 29 41
2 36 72
1 32
4 81 55 79 85
2 13 46
3 36 33 62
3 86 54 61
5 44 57 72 56 28
1 99
4 36 68 47 38
3 34 54 37
3 46 43 48
2 71 10
1 55
6 41 41 63 72 58 66
1 73
2 57 80
2 34 75
6 22 52 67 66 61 56
2 30 40
2 75 85
3 11 61 75
5 70 55 46 58 47
3 57 8 52
0
0
3 23 50 19
1 38
2 57 68
1 4
4 59 68 60 66
3 49 66 27
5 71 51 69 10 15
5 51 48 50 20 62
2 34 19
3 43 77 55
2 8 43
1 38
2 45 35
3 64 67 88
2 37 34
0
2 40 39
5 38 57 42 60 43
1 60
2 78 61
3 36 57 61
1 40
4 67 24 50 58
3 58 66 44
0
4 64 70 71 15
3 71 26 68
1 56
1 73
2 27 38
0
3 48 32 43
4 62 25 36 34
1 72
4 43 36 21 31
1 58
2 38 45
1 52
4 83 24 67 61
2 53 68
4 49 72 50 34
3 54 15 79
2 81 51
2 17 90
3 46 60 35
5 29 81 62 10 12
2 49 40
3 55 93 47
4 71 53 50 15
4 46 35 73 55
3 54 64 21
4 40 65 54 53
1 61
1 51
5 33 46 39 43 48
1 36
4 44 82 44 42
4 85 48 68 42
0
1 30
5 38 54 56 41 23
3 36 53 60
2 33 56
1 78
1 58
1 63
2 39 59
5 14 72 70 52 51
2 58 30
7 58 91 64 53 45 67 75
1 61
2 39 81
3 54 79 73
1 56
2 53 86
2 50 47
2 30 37
2 45 16
4 11 14 87 67
4 92 77 50 77
4 44 38 51 38
2 47 17
2 65 44
1 29
3 60 69 14
1 60
3 39 44 47
1 45
4 87 61 36 57
3 57 62 66
2 28 32
3 48 86 29
0
0
2 55 4
4 44 43 81 32
5 43 62 57 56 65
1 34
3 47 48 22
1 20
3 35 22 57
2 23 83
4 78 74 41 28
3 37 14 43
1 5
3 51 60 80
1 39
7 61 28 25 59 51 36 40
3 43 88 57
1 7
2 54 29
1 58
0
1 62
3 40 57 46
2 40 54
3 62 7 72
1 50
2 37 40
0
3 97 39 34
2 71 35
1 45
2 42 20
5 44 37 39 18 70
4 14 56 22 44
2 22 61
5 78 38 76 48 72
3 36 65 26
1 33
4 43 42 34 34
2 56 88
3 55 63 39
3 51 57 22
0
3 33 57 50
3 68 46 76
3 61 37 46
0
2 71 52
7 33 27 30 50 83 43 56
5 55 90 86 73 14
3 45 64 71
2 57 62
2 60 75
2 46 76
5 92 58 53 40 9
1 65
1 88
4 56 45 60 33
2 65 65
0
3 28 40 47
1 32
4 77 62 40 37
5 72 88 48 73 51
3 55 61 23
6 47 69 68 17 11 65
5 38 55 37 28 79
3 81 39 24
3 89 27 56
2 23 41
1 40
2 47 26
1 33
0
4 56 44 72 67
1 45
2 39 77
2 39 67
2 42 28
2 69 58
2 37 45
1 48
0
4 54 49 69 33
2 26 46
3 65 49 82
2 40 39
4 65 60 41 77
3 47 83 93
6 44 48 31 58 43 55
3 69 36 43
3 81 48 25
3 66 36 65
4 93 42 49 47
1 73
3 75 70 47
1 48
1 60
1 96
3 78 32 44
2 42 49
3 30 60 77
3 39 37 62
2 1 77
0
2 65 62
1 16
2 69 25
1 54
0
4 65 25 33 65
1 67
2 83 60
3 46 37 19
7 47 50 85 70 59 70 15
3 35 26 55
4 10 68 68 69
2 46 33
4 45 73 25 30
2 34 64
4 82 87 52 56
3 42 53 51
4 72 74 34 54
2 44 26
3 58 46 27
3 64 71 64
2 79 61
5 24 73 22 8 52
3 28 43 33
4 66 20 42 63
3 23 73 74
3 52 57 87
1 30
1 62
4 23 20 26 51
0
1 33
1 53
3 57 72 38
1 57
4 67 45 77 6
1 53
2 37 43
3 56 35 51
1 62
6 38 19 74 56 39 40
3 91 48 73
5 52 51 93 43 72
5 18 49 34 28 46
2 41 45
2 68 72
4 61 36 54 49
0
1 49
3 74 41 8
1 30
1 32
1 45
3 23 51 43
1 42
3 91 53 67
0
3 30 38 24
2 76 19
1 23
5 45 53 83 39 42
2 52 80
2 26 56
2 44 77
1 49
3 57 66 56
7 46 15 13 49 52 60 17
0
3 49 24 71
4 21 58 35 39
3 46 30 77
2 21 44
2 73 34
3 22 53 39
2 58 43
3 46 45 74
0
1 93
3 24 56 86
6 73 58 54 53 55 51
1 68
1 45
2 45 20
2 74 87
4 67 58 55 26
3 36 69 58
3 55 12 50
1 64
1 49
6 40 46 35 20 11 51
2 80 41
2 65 51
3 54 58 35
4 36 80 47 63
2 53 42
4 11 63 61 35
1 51
5 78 35 24 32 76
2 80 62
3 71 38 27
1 60
3 39 66 39
1 52
1 61
2 37 62
4 71 23 27 20
1 18
3 60 81 45
3 26 74 30
0
1 29
4 50 64 68 42
3 47 68 66
1 53
2 44 70
2 58 79
6 12 92 46 52 28 69
0
4 43 35 54 47
3 80 62 60
5 41 60 56 12 63
5 58 22 71 52 67
2 62 38
2 33 28
4 48 39 37 42
2 75 19
1 30
1 49
4 65 35 34 52
5 54 37 19 72 56
4 61 14 66 63
0
2 74 49
2 51 46
0
2 62 67
2 56 61
0
5 70 45 40 94 5
6 37 49 39 31 35 63
1 48
4 56 33 11 90
3 13 66 48
3 29 30 40
2 57 82
1 86
4 51 65 26 77
3 66 60 35
1 63
1 0
4 46 40 33 41
2 44 50
2 61 25
3 46 24 25
2 55 71
4 35 60 85 30
1 31
1 91
3 74 36 55
3 46 61 48
7 55 71 75 69 81 81 54
2 71 53
2 49 14
6 46 52 44 77 91 67
2 51 48
1 61
6 37 20 90 32 45 72
3 58 70 37
1 43
3 37 38 71
3 71 63 64
1 80
0
2 58 69
1 48
2 46 30
1 57
3 8 73 52
0
4 47 23 68 77
2 57 21
1 16
0
2 26 37
2 59 51
2 83 42
4 66 65 36 34
2 52 45
4 53 35 58 22
5 47 48 37 11 86
3 13 36 52
4 38 42 58 31
2 19 36
2 34 62
3 49 68 15
3 53 65 51
1 58
4 80 85 29 18
4 49 38 54 45
1 53
3 36 61 83
1 76
2 38 59
2 91 74
3 52 38 51
2 48 66
4 58 85 50 63
4 38 33 60 28
4 60 60 62 53
1 33
6 43 30 57 51 52 34
5 46 35 61 54 47
1 58
5 57 42 23 49 28
1 34
0
4 73 75 68 5
3 51 67 74
3 56 38 66
2 47 62
2 22 88
3 54 26 42
0
0
3 39 82 41
1 49
2 81 50
1 58
0
2 41 61
4 52 61 33 45
2 60 5
2 71 40
2 70 52
4 25 74 39 38
0
7 40 48 35 65 54 61 71
4 23 52 58 42
2 69 45
2 57 27
4 91 25 57 34
1 44
4 53 67 0 46
2 21 35
4 25 48 32 44
2 78 36
3 34 47 82
1 63
2 57 71
2 54 70
5 78 88 25 47 60
1 46
2 72 15
3 67 77 81
1 50
5 7 47 75 60 52
0
4 34 72 50 26
3 38 46 43
4 47 50 44 48
0
2 64 25
1 31
3 27 63 64
2 65 40
0
2 65 39
1 32
3 65 71 36
3 34 64 65
2 38 70
2 45 48
3 1 42 9
1 46
3 24 56 53
1 48
2 36 45
2 53 49
4 65 37 51 27
1 22
6 60 26 38 29 75 42
2 31 69
3 62 35 13
2 67 53
2 56 50
1 37
1 86
1 40
4 41 75 48 40
2 63 59
1 27
4 29 41 53 41
6 48 34 28 71 46 73
1 84
3 66 19 74
5 83 55 38 33 79
0
1 50
2 72 27
2 79 43
5 34 57 49 29 99
2 63 41
2 29 53
2 55 52
2 37 86
2 93 31
1 24
2 32 44
0
2 51 40
4 62 20 72 38
2 7 19
3 72 63 62
4 49 27 48 87
3 87 57 80
1 27
4 32 50 58 33
2 62 88
0
5 58 53 58 61 44
2 7 29
2 43 43
4 62 26 38 79
2 49 54
2 86 70
0
3 23 83 24
3 49 45 48
3 43 72 33
2 46 41
3 39 22 36
1 56
3 37 72 82
2 58 54
7 59 47 14 53 61 79 11
1 45
3 65 64 52
3 44 80 50
7 21 42 59 48 37 42 65
3 48 46 62
1 52
6 59 56 70 38 75 17
2 43 57
0
1 34
2 96 42
2 73 96
3 70 54 67
6 54 37 57 59 75 60
3 91 56 23
2 70 41
0
2 29 52
3 27 42 11
0
3 32 55 46
3 65 87 50
3 45 27 46
2 90 26
1 20
2 56 20
5 41 76 69 44 38
4 53 34 98 37
3 78 47 72
3 87 37 47
3 41 34 42
0
0
0
1 23
1 39
2 32 64
2 28 65
2 54 61
0
3 67 44 64
5 55 72 69 49 39
3 39 64 54
3 66 51 56
2 23 30
1 49
2 46 25
2 12 57
3 61 69 61
5 51 68 77 13 70
4 60 48 57 44
3 76 55 53
1 60
2 24 42
3 64 32 40
2 59 42
2 64 66
3 52 47 45
1 59
2 46 66
4 99 56 63 67
5 35 9 18 77 51
3 32 41 41
3 93 68 19
4 44 86 56 53
1 43
0
2 83 53
1 58
0
1 21
2 39 74
1 73
0
1 28
4 64 80 93 43
2 44 59
5 64 58 42 34 100
2 47 35
2 44 61
2 45 54
2 90 43
1 60
4 80 37 65 67
5 64 37 61 18 54
2 44 34
3 34 5 54
2 39 65
2 41 24
2 46 94
3 17 24 32
3 24 69 23
7 41 52 43 46 67 33 72
3 43 44 28
3 35 55 33
1 71
0
1 47
4 21 52 17 23
3 11 54 26
1 53
4 40 16 42 68
2 51 41
1 51
3 47 26 95
4 66 61 40 43
3 82 67 32
5 33 38 46 41 55
2 62 24
3 59 81 56
2 16 43
3 48 28 44
1 61
2 73 34
2 59 13
1 91
2 66 90
1 41
4 44 46 18 34
2 21 67
3 26 56 100
1 75
0
1 35
3 61 59 32
2 71 45
1 85
3 51 45 25
0
0
5 81 53 72 61 42
2 58 15
4 28 24 35 22
4 49 50 67 57
1 26
5 60 44 77 74 55
2 61 35
3 57 46 68
3 30 75 42
4 66 54 32 54
4 66 42 50 89
3 31 29 64
3 57 52 63
1 20
1 61
2 79 45
0
0
2 36 66
2 43 39
1 41
1 34
2 58 63
1 31
3 48 80 20
1 41
2 21 36
3 34 48 41
1 40
4 27 74 60 55
3 88 59 28
3 64 48 6
2 65 83
1 61
6 76 26 25 72 47 53
1 36
1 40
2 18 73
2 20 25
4 43 40 57 58
0
1 31
3 47 60 46
1 60
1 97
1 35
6 54 69 42 69 85 54
3 90 27 70
5 21 42 6 54 75
4 74 46 56 68
3 17 42 54
0
3 47 46 49
2 43 40
3 38 21 50
5 16 64 56 35 66
2 25 79
1 30
0
1 40
0
6 60 52 51 41 50 48
4 96 77 63 38
1 57
1 46
0
0
1 26
2 29 59
4 51 34 32 21
1 18
2 42 43
1 43
3 34 47 44
5 40 49 96 58 37
1 36
2 51 84
0
0
3 54 32 75
1 20
4 30 73 41 73
2 48 45
3 48 54 41
1 82
1 25
3 32 55 67
3 11 43 49
2 64 86
0
1 56
2 41 63
3 80 54 82
1 67
1 19
5 46 58 43 14 54
4 73 20 39 33
3 61 32 59
2 51 57
3 34 42 60
4 61 51 13 56
0
1 38
0
2 60 63
3 63 4 81
4 31 73 50 39
4 31 29 18 52
5 78 40 37 25 30
5 71 55 86 71 64
2 45 32
3 10 43 64
0
3 57 67 39
3 11 73 46
0
3 53 57 60
1 36
4 85 37 44 27
1 80
3 39 48 65
2 58 76
3 47 54 28
1 67
1 29
1 34
1 25
0
1 59
3 19 53 32
2 66 59
3 37 54 36
4 38 31 48 55
1 84
2 64 75
1 50
2 29 76
1 39
1 54
1 66
2 61 27
2 82 47
2 53 48
5 59 53 60 22 100
3 36 70 73
6 69 15 30 64 38 74
0
1 68
4 29 78 42 54
1 70
3 17 53 82
1 13
2 43 21
2 65 89
3 61 56 46
1 33
0
0
2 83 66
2 46 52
1 46
5 37 98 34 72 25
3 84 46 36
1 19
2 49 46
2 47 55
3 48 52 69
3 55 26 76
1 65
2 31 26
1 44
3 30 46 29
0
3 51 31 46
1 28
3 91 20 41
3 33 78 14
2 54 58
1 54
3 87 60 25
0
1 72
3 62 50 67
3 59 72 63
3 49 55 31
2 21 64
0
0
3 50 22 3
1 28
1 71
4 69 67 76 62
0
1 76
3 34 46 85
2 48 58
2 44 64
1 84
1 36
0
3 81 42 43
3 39 62 31
2 41 33
2 52 36
5 59 46 34 40 72
2 57 46
3 54 25 76
0
1 48
0
2 59 50
1 75
5 25 43 48 35 39
1 64
2 59 67
2 49 33
4 96 87 67 76
3 2 60 50
3 61 42 27
2 92 52
5 68 42 47 54 36
3 43 43 41
2 77 36
3 55 69 49
0
0
2 64 33
2 47 51
2 50 55
3 91 38 55
3 80 49 71
1 48
1 35
3 53 73 39
2 37 69
2 56 68
3 71 53 55
2 37 29
0
4 43 30 75 20
0
0
0
1 76
2 51 65
2 73 62
4 47 62 48 68
2 3 33
2 49 4
2 44 20
1 76
0
3 39 22 49
4 75 54 45 41
1 57
1 65
1 23
3 58 56 71
1 42
1 58
4 42 65 60 57
3 54 61 95
0
2 87 56
2 54 65
2 47 68
0
1 24
2 59 51
3 35 30 52
4 58 40 49 44
3 79 58 93
6 52 40 43 80 38 53
0
2 33 55
4 38 61 54 54
0
1 34
3 52 54 55
0
2 66 16
1 61
0
1 28
2 26 57
0
3 53 49 30
3 17 16 60
2 60 44
5 18 55 35 44 34
2 80 44
2 62 39
2 68 79
5 44 35 30 55 52
1 58
2 44 60
3 41 49 58
5 12 68 59 76 61
2 60 64
3 42 67 47
0
1 81
2 34 68
1 32
3 27 54 99
1 25
2 57 24
1 51
4 46 62 43 44
1 22
1 82
1 45
0
1 58
0
0
2 99 39
5 69 76 71 73 70
0
1 44
2 55 71
3 52 59 42
1 19
3 68 46 61
2 45 71
3 48 36 67
3 26 12 67
5 77 34 89 49 63
0
0
1 81
3 77 37 12
3 31 32 69
1 69
5 54 16 66 61 41
1 44
0
1 39
0
1 51
2 47 57
0
0
2 11 41
3 58 55 48
3 31 59 57
1 48
0
1 72
2 42 70
2 12 46
0
1 45
3 62 69 19
2 82 67
2 54 15
2 58 43
2 53 22
2 42 41
1 59
2 37 41
2 56 54
0
2 62 25
1 62
1 41
3 49 60 75
1 74
2 52 45
4 85 73 65 26
4 47 56 30 34
1 67
1 58
2 28 44
2 36 41
2 64 68
0
4 36 75 50 43
1 20
1 42
0
3 36 60 63
4 80 39 54 77
1 60
1 17
1 76
1 41
0
0
1 74
0
1 70
5 27 55 4 46 82
0
2 35 60
4 39 13 91 49
0
1 43
3 50 29 95
3 49 37 63
2 2 51
1 17
1 25
1 75
3 49 73 74
2 56 34
1 60
3 56 21 38
1 52
0
1 83
0
2 85 36
2 46 72
1 59
2 54 52
1 68
0
2 76 54
3 75 73 53
2 26 51
3 51 58 28
2 58 39
1 44
1 72
1 30
1 61
1 67
2 49 65
1 49
2 64 53
4 70 63 66 51
0
0
1 52
1 72
2 60 31
3 53 57 49
1 25
3 49 56 61
4 82 31 47 45
3 14 67 48
1 32
3 40 43 25
1 54
3 66 49 44
1 51
2 64 53
3 47 45 43
2 75 58
3 47 67 67
0
0
1 30
2 41 65
1 13
2 52 43
3 49 81 75
2 80 37
0
3 72 86 61
1 54
2 64 46
2 40 54
1 66
2 40 30
2 52 75
0
1 56
4 28 63 38 44
0
0
2 74 21
1 18
0
1 60
1 45
0
2 45 51
1 62
2 25 16
5 9 50 39 35 37
2 45 67
1 68
2 35 54
1 30
2 61 41
1 86
0
1 24
0
2 68 39
2 43 34
0
3 53 59 67
1 42
1 85
2 27 40
1 59
1 37
1 13
2 32 83
3 41 43 52
1 21
0
2 71 52
3 50 56 21
2 52 70
2 47 76
1 64
1 62
0
1 51
2 66 53
0
5 64 48 64 55 21
1 44
0
1 61
1 35
1 54
0
1 63
1 62
4 56 52 49 66
1 14
0
2 78 46
1 55
2 69 76
1 47
4 83 17 32 57
4 48 43 30 34
1 34
2 71 9
1 88
1 43
2 91 70
2 93 26
1 47
1 42
1 54
0
3 78 30 55
1 83
0
1 58
1 50
0
1 55
2 47 60
3 63 64 44
4 49 29 45 57
1 56
3 37 14 67
1 18
2 51 63
3 54 46 38
1 58
0
2 49 90
0
1 6
2 41 76
1 35
2 50 50
2 33 66
0
0
0
1 56
4 55 25 49 61
0
0
1 30
1 48
1 49
3 37 59 63
1 56
2 40 55
0
2 80 40
3 62 80 34
2 35 42
0
2 51 63
0
2 47 53
4 46 45 97 64
1 15
1 11
0
4 56 58 72 61
2 47 12
0
1 57
1 82
1 43
1 52
0
1 53
0
1 76
1 31
3 40 60 24
2 27 48
1 13
3 62 57 58
2 41 13
1 63
1 32
1 20
2 76 43
0
4 65 49 50 79
1 65
3 45 65 38
2 55 42
1 82
0
2 39 50
2 76 19
0
1 37
0
1 69
1 43
0
0
0
2 58 27
2 47 57
1 46
1 72
1 79
2 45 32
2 81 47
0
1 56
0
2 50 57
4 58 47 36 19
1 35
0
1 41
0
0
0
3 40 43 58
1 52
1 48
4 41 64 40 71
0
4 40 58 70 51
2 44 69
1 33
1 36
1 58
3 44 31 53
1 52
0
0
1 67
1 49
1 3
3 64 81 51
0
0
2 48 32
0
2 30 30
1 41
0
2 59 75
0
1 24
0
1 27
2 29 23
1 46
0
0
3 60 31 42
0
1 54
3 55 48 47
1 40
1 69
1 65
0
3 49 56 16
1 29
2 62 43
0
2 40 58
2 73 48
1 23
1 43
1 33
1 41
3 44 15 18
1 50
0
0
1 65
1 44
4 19 43 45 70
2 49 42
0
1 35
2 35 50
3 21 68 89
0
0
2 26 65
2 56 33
1 48
2 12 56
2 53 25
2 54 67
3 54 66 54
1 59
1 36
0
1 51
0
0
1 49
0
1 51
0
2 35 42
2 15 37
1 58
0
0
0
1 77
1 38
2 34 51
0
1 71
2 41 3
0
0
1 54
0
0
0
2 17 48
2 99 66
1 22
2 23 75
2 47 34
0
1 51
1 45
3 42 30 55
1 32
1 59
0
0
2 66 36
0
3 52 41 40
3 38 38 18
0
0
0
0
0
2 19 39
1 36
1 30
1 46
2 42 67
1 47
2 25 52
0
0
0
1 24
0
1 20
1 49
1 55
2 39 24
3 59 77 70
0
0
3 85 35 45
2 54 60
1 40
2 43 58
0
1 27
1 75
1 41
1 73
2 23 48
3 59 30 19
0
1 38
1 24
0
1 70
2 57 3
0
1 89
0
5 66 67 19 56 73
1 37
3 68 37 38
1 44
1 48
2 31 59
0
1 45
0
0
0
1 42
1 37
0
1 63
0
1 53
3 45 73 44
1 11
0
0
1 73
0
0
1 34
0
2 55 48
0
0
0
1 73
1 78
1 68
1 48
1 16
0
1 1
2 37 62
1 53
2 47 56
1 66
0
0
0
2 22 20
1 75
2 55 54
0
1 38
0
1 63
0
1 52
1 34
2 41 48
0
0
1 78
2 83 55
1 56
3 50 20 47
0
2 79 60
1 64
0
1 75
1 30
2 42 67
0
2 29 62
1 21
1 43
0
1 19
2 41 50
0
1 56
1 28
0
1 22
0
1 52
1 69
0
0
1 62
0
3 22 33 32
3 34 17 50
0
0
2 45 52
0
1 42
1 94
1 61
1 41
2 66 22
0
1 21
2 53 44
1 72
1 29
1 53
1 31
0
0
0
0
0
0
0
1 72
0
1 60
0
1 41
1 22
1 70
0
1 43
1 34
1 44
1 84
1 63
1 39
1 47
2 46 15
4 70 21 35 38
0
1 42
0
0
1 40
1 43
0
1 39
1 76
1 52
1 20
1 60
2 36 68
0
0
0
2 43 48
3 15 82 47
1 43
0
0
0
0
1 86
1 49
3 31 39 12
0
0
0
2 60 5
1 32
0
0
0
0
2 64 65
0
0
1 69
1 65
1 63
1 45
0
0
0
0
1 22
2 54 67
2 67 49
0
1 31
0
0
1 90
0
2 22 37
2 15 43
0
0
0
0
2 89 51
1 66
2 29 63
2 71 46
1 62
0
1 16
1 23
1 25
1 56
0
0
1 28
0
0
0
1 76
4 51 45 48 42
2 13 36
1 22
0
0
0
0
1 51
1 35
1 49
0
1 55
2 55 35
0
0
0
0
0
1 76
2 49 72
0
0
0
2 46 26
0
0
1 24
1 26
1 28
2 20 67
0
0
1 35
2 46 75
0
0
1 47
0
2 77 70
0
1 63
0
2 43 19
0
0
0
0
1 60
1 72
1 31
0
2 30 64
0
2 43 18
1 29
0
2 28 49
0
0
0
3 9 62 62
0
0
0
0
2 48 69
0
0
0
1 20
0
1 27
0
0
0
1 63
3 67 36 51
1 50
1 23
1 82
1 25
0
1 88
1 75
0
0
0
0
0
0
1 61
2 60 66
0
2 81 46
0
1 17
1 46
1 61
1 44
2 38 79
2 36 29
0
0
0
0
1 46
0
0
0
1 42
0
0
1 39
0
0
1 20
0
0
1 59
4 68 43 42 62
0
2 55 57
2 48 53
2 59 84
0
0
1 70
0
0
0
0
1 58
0
2 53 78
0
0
0
0
0
0
1 59
1 53
0
2 51 78
0
1 45
1 54
0
0
1 61
0
0
0
1 54
1 20
1 58
1 38
0
1 92
0
1 36
1 51
1 54
0
0
1 41
0
1 65
0
1 42
1 45
0
0
0
1 53
0
0
0
