3600 4
4 39 47 35 57
1 54
4 36 70 72 57
2 70 46
0
1 42
1 36
1 39
0
2 79 38
2 33 30
5 68 59 40 57 33
2 58 52
3 60 62 36
3 98 23 68
0
2 41 69
3 42 64 43
2 63 10
2 43 73
1 77
1 42
4 64 69 19 30
1 52
1 47
2 61 74
1 17
2 38 41
3 61 42 40
0
2 81 87
1 65
1 81
3 55 41 85
2 31 93
2 42 64
3 59 32 39
3 62 31 18
3 34 17 58
4 51 42 63 12
1 47
3 39 41 81
5 44 60 74 65 64
0
3 45 46 50
2 60 62
3 87 56 49
2 63 60
2 11 63
2 45 16
1 25
2 72 39
3 86 59 53
2 53 23
2 66 40
0
1 27
2 42 56
4 69 32 80 33
2 23 52
1 27
2 1 15
5 52 74 83 54 74
2 46 74
2 78 39
6 41 50 36 44 64 30
2 15 75
2 68 62
0
1 55
2 24 38
2 46 49
3 53 63 47
4 52 37 23 63
5 31 58 80 46 88
1 27
3 69 22 13
2 51 83
0
1 39
0
2 87 59
3 68 70 53
0
0
2 12 61
3 5 56 36
5 64 13 87 79 53
1 63
1 34
0
2 52 67
1 58
1 37
1 59
4 7 61 35 54
4 60 82 59 59
2 52 68
3 67 37 15
2 35 55
2 43 87
0
3 53 93 68
1 66
0
4 87 32 66 47
1 67
4 49 50 54 48
1 76
2 29 27
2 54 59
1 60
2 33 82
2 74 55
6 28 55 52 25 45 64
3 65 52 82
0
0
0
2 52 63
1 54
4 75 85 65 55
3 37 61 21
7 26 89 48 13 7 74 45
3 86 65 75
3 73 48 28
4 55 26 47 51
1 74
1 41
4 88 28 69 48
1 33
3 47 27 85
2 3 39
0
2 64 77
2 54 47
1 68
2 58 54
2 28 15
3 31 50 67
2 48 86
1 59
1 42
3 79 34 80
4 73 62 59 92
1 36
2 60 22
1 35
1 37
4 55 69 83 19
1 92
1 61
0
3 65 74 72
1 17
1 43
3 43 24 72
4 57 93 27 49
2 57 59
0
0
1 36
5 55 79 22 20 58
1 39
5 58 25 30 63 57
1 61
6 67 58 73 52 48 61
1 96
1 42
2 63 63
1 33
1 79
3 62 51 40
0
3 42 58 25
0
0
1 7
3 63 55 35
2 62 9
2 75 54
2 42 50
3 29 52 55
2 44 75
2 71 45
5 57 67 42 55 40
4 37 41 46 27
2 36 41
4 53 75 29 53
2 56 27
1 35
0
4 96 79 45 73
2 52 43
2 28 21
1 69
3 52 37 50
4 65 47 68 61
0
4 54 33 2 43
1 20
2 38 25
0
0
1 35
0
0
2 19 38
1 40
3 43 46 18
0
1 46
4 60 53 44 74
3 49 67 30
4 31 44 38 11
3 43 75 53
1 61
1 28
1 53
1 32
2 68 24
0
1 51
3 51 33 54
2 14 41
2 45 34
1 8
5 35 63 42 59 82
3 40 40 46
0
0
1 65
4 55 35 29 58
3 47 48 74
1 86
3 49 66 35
1 50
3 77 60 51
2 56 47
1 43
1 52
1 39
1 52
2 43 54
2 30 95
2 36 55
1 36
3 45 55 61
2 31 52
2 65 63
0
3 49 42 46
2 72 95
1 36
3 81 40 55
1 67
1 18
3 42 53 65
3 60 48 78
3 28 76 84
2 37 72
0
2 43 47
3 51 69 29
4 64 36 19 58
4 46 32 41 62
1 51
0
2 26 56
1 31
1 44
1 28
0
1 47
1 29
4 57 50 52 39
3 50 42 35
1 62
4 33 56 37 49
3 28 41 89
2 64 61
2 63 48
1 17
4 61 23 66 22
1 59
1 66
3 23 42 46
1 77
2 43 77
1 39
5 54 29 58 76 45
0
2 80 45
0
1 57
0
3 61 68 53
1 83
2 41 56
1 62
2 20 85
2 58 88
2 13 54
3 13 75 72
2 69 29
0
0
2 70 81
2 52 16
1 65
4 28 51 66 62
0
2 31 47
3 56 55 37
2 38 89
2 76 71
4 48 50 64 27
2 54 29
2 69 42
0
0
1 26
1 37
0
5 37 80 55 77 38
4 48 52 63 94
3 19 56 36
1 60
0
0
2 37 79
1 37
3 79 82 50
0
4 51 73 28 50
0
2 67 47
3 22 35 28
1 52
2 33 70
0
1 52
0
2 45 77
2 72 47
3 33 85 87
1 32
3 35 24 59
1 60
1 56
1 71
1 71
2 51 61
2 44 77
3 59 81 47
0
1 62
3 72 77 41
3 34 61 54
0
2 39 89
2 39 55
4 24 59 28 67
0
0
0
1 39
2 44 34
0
0
1 56
1 10
1 24
1 50
5 48 67 54 34 53
3 77 36 54
0
1 52
1 76
2 29 57
2 49 49
1 43
2 53 47
4 47 53 46 51
3 39 60 39
0
3 37 24 55
1 61
1 55
1 30
4 51 41 68 47
2 60 75
3 67 47 67
0
3 69 22 30
1 47
1 30
1 17
4 72 47 50 24
0
0
0
1 32
3 58 47 47
1 61
1 70
2 62 67
1 53
2 52 62
2 78 55
1 32
3 47 41 20
2 37 40
1 43
0
1 52
0
3 41 91 84
1 37
3 63 39 59
2 61 10
3 19 43 53
4 64 20 30 6
2 64 37
3 77 18 13
1 69
1 64
1 88
1 23
1 42
0
1 20
3 59 58 94
2 57 34
1 21
1 81
2 99 16
0
0
2 45 25
4 10 51 32 31
1 56
1 35
2 18 66
1 43
1 37
1 62
2 50 16
2 55 19
1 50
1 67
0
2 28 80
3 29 7 49
3 35 80 16
1 73
2 65 44
2 37 54
2 18 57
1 71
3 41 54 75
4 88 24 56 46
0
0
0
3 54 43 58
0
1 75
1 60
0
2 46 56
0
0
3 48 22 24
1 66
1 40
1 32
3 10 37 66
1 57
0
1 45
0
3 46 23 32
0
1 80
3 39 54 53
4 38 54 65 81
1 50
0
4 58 59 22 39
0
2 74 66
3 58 71 70
2 65 57
5 65 28 32 32 49
1 33
1 35
1 19
1 40
2 26 80
0
0
1 64
2 39 36
3 63 65 53
3 64 42 37
1 61
1 64
1 56
2 44 53
2 60 74
2 56 48
2 61 51
1 51
1 62
1 62
2 69 68
2 18 63
0
2 80 33
1 53
2 32 60
1 62
0
0
0
2 67 53
2 57 45
2 39 41
4 47 47 38 32
0
1 40
1 41
0
0
2 77 31
0
3 37 9 72
1 61
3 78 52 59
1 34
1 34
1 51
1 74
4 36 44 32 75
3 65 27 36
0
1 54
1 45
1 19
0
1 46
1 79
1 53
2 18 85
2 59 52
1 47
2 45 70
0
0
3 74 62 11
1 34
1 31
0
1 62
1 77
1 69
1 88
0
2 51 49
0
1 54
3 39 35 50
2 26 71
1 40
0
6 48 34 45 49 67 38
1 30
1 63
2 32 87
1 69
1 63
1 55
1 40
0
3 41 79 54
0
3 50 25 58
0
2 72 61
1 12
0
0
2 38 28
1 55
0
1 55
3 85 77 15
1 43
2 29 73
1 31
0
0
1 21
2 36 36
2 41 59
1 39
2 62 83
0
1 58
1 39
4 39 80 41 29
4 28 40 37 22
0
1 61
0
2 44 1
0
0
2 30 42
0
2 89 77
1 48
1 68
0
1 34
1 26
2 47 54
1 56
1 51
0
1 40
1 49
1 43
2 75 31
0
1 34
1 47
2 41 60
1 81
0
2 56 62
1 18
2 14 36
1 59
1 60
2 70 48
0
2 48 64
1 10
2 71 39
1 46
0
1 50
3 79 33 37
0
2 91 27
0
0
2 71 36
0
3 49 75 40
2 69 86
2 24 24
3 83 69 68
2 69 23
0
1 74
2 27 64
0
1 63
1 60
3 62 64 12
1 45
0
0
0
2 84 50
2 34 45
0
0
0
3 11 30 81
0
1 69
1 38
2 38 56
0
2 71 34
1 85
0
0
0
1 61
2 24 62
2 70 70
0
3 60 60 50
1 57
1 41
1 79
1 29
1 9
2 44 21
1 6
1 36
1 42
0
1 38
0
1 35
0
0
0
1 41
3 48 59 66
1 69
1 55
1 57
2 26 28
1 71
0
1 56
2 26 53
1 72
3 66 39 52
1 76
1 16
2 49 93
2 34 72
0
0
0
1 29
1 50
1 46
1 23
1 15
2 61 17
0
0
1 41
1 18
2 44 23
1 57
0
0
4 35 22 64 54
0
1 90
1 60
1 22
0
0
1 48
1 13
1 82
1 77
1 44
1 55
2 60 46
1 77
2 66 50
1 76
0
2 10 89
0
2 79 58
0
0
1 22
1 33
1 67
1 56
0
0
0
0
0
0
3 57 20 82
1 66
2 32 54
4 35 58 55 19
1 55
3 30 78 31
3 22 16 65
1 6
0
2 44 35
1 87
1 47
0
0
0
2 38 17
1 59
2 49 30
2 23 35
0
0
0
0
2 14 38
0
1 61
1 57
1 74
0
0
1 49
0
1 52
1 81
2 41 39
1 69
1 13
1 63
0
2 6 34
0
1 8
0
2 46 54
0
0
2 66 40
2 43 45
0
0
0
1 51
1 62
2 31 27
2 21 38
1 31
1 42
0
0
1 34
2 65 32
0
1 44
0
1 62
1 39
0
1 70
0
0
1 28
1 67
0
1 35
2 76 52
1 43
2 53 38
0
1 67
2 30 62
0
0
1 57
0
2 61 42
1 54
0
1 75
1 62
1 39
1 46
0
1 61
1 28
1 30
0
0
1 21
0
0
2 70 44
1 51
2 91 29
0
1 61
1 55
1 41
0
0
0
1 83
1 56
1 39
0
1 38
0
0
3 49 57 49
0
1 32
1 72
1 23
2 26 27
1 41
1 56
2 26 53
1 39
1 61
3 45 59 54
1 60
0
0
0
0
1 40
0
0
0
1 89
2 14 67
0
1 30
1 56
0
1 37
0
1 45
0
2 45 29
0
2 73 59
2 88 44
0
0
2 61 60
0
1 77
2 60 5
0
1 80
1 67
0
2 66 33
0
0
1 58
1 23
1 22
0
1 59
1 43
0
0
2 82 37
1 38
2 31 11
2 55 75
0
0
0
1 53
1 24
1 32
1 4
1 60
0
0
1 37
0
1 21
2 70 37
1 68
0
0
1 50
0
1 24
0
0
1 57
0
0
1 56
2 49 68
1 93
0
0
0
1 63
1 45
1 61
0
1 52
0
0
0
2 33 72
0
1 29
1 49
0
0
0
1 30
2 73 65
1 70
0
1 70
0
1 30
0
0
0
0
1 37
1 45
2 60 60
1 86
0
2 56 57
3 90 43 30
0
1 54
1 44
1 16
0
0
1 95
1 36
0
0
0
1 32
0
0
2 54 21
0
0
2 70 40
1 68
2 61 35
0
1 41
1 63
1 78
0
2 48 61
0
0
1 56
0
1 76
0
2 54 35
1 48
1 37
0
1 52
0
0
0
1 60
0
0
0
0
0
0
0
0
0
2 7 49
1 62
0
3 22 75 46
0
0
1 43
0
1 24
1 30
0
1 55
3 39 45 52
0
0
1 58
0
0
0
0
0
0
2 34 57
0
0
1 48
1 59
2 21 86
0
1 59
1 46
1 50
0
2 25 29
0
1 66
0
1 70
0
0
1 50
0
0
1 68
1 59
0
4 21 86 73 51
0
0
0
0
0
0
1 27
0
1 63
0
1 36
1 61
1 56
0
1 38
2 60 57
1 73
1 41
0
0
1 23
0
0
0
0
2 77 51
1 58
0
1 43
0
1 40
0
0
0
1 62
1 60
0
0
1 88
0
2 37 71
1 30
0
0
0
0
2 17 54
2 69 48
1 43
1 78
0
0
0
0
0
0
0
1 52
0
1 23
0
1 47
2 34 44
0
1 60
0
0
0
1 67
0
2 48 58
0
0
1 51
0
0
0
1 44
0
0
0
1 38
0
0
2 42 39
2 58 67
0
0
1 45
0
1 46
1 69
0
0
0
1 31
0
1 54
0
0
1 24
1 14
0
1 58
0
0
1 26
0
0
1 55
0
2 58 95
0
0
0
0
2 39 47
0
0
0
3 55 58 34
0
0
0
1 61
0
0
0
0
1 38
1 44
0
1 63
0
0
2 74 48
0
1 69
0
2 37 69
1 66
0
1 80
0
2 82 65
0
1 49
1 56
1 53
0
0
0
0
0
0
0
0
0
2 70 34
1 17
0
0
0
0
1 59
2 25 48
0
1 57
0
1 19
1 43
0
0
1 38
0
0
0
0
2 33 35
2 56 56
0
1 17
1 49
2 65 17
1 27
0
1 35
0
0
1 27
0
0
0
0
1 42
1 35
1 26
1 65
1 15
1 70
0
0
0
0
0
1 49
1 44
0
0
0
0
2 45 74
0
2 53 28
1 66
0
1 63
2 56 56
0
0
0
1 24
0
1 21
1 61
0
0
0
0
0
0
2 55 72
0
1 59
1 79
0
0
0
0
1 59
0
0
0
0
1 63
0
1 63
0
0
0
1 69
1 33
0
1 51
2 25 31
0
0
0
1 36
1 36
0
1 55
1 72
0
1 43
3 52 52 73
0
0
0
0
1 60
0
0
0
1 16
0
1 82
2 37 25
1 49
0
0
0
2 23 68
0
1 19
1 92
2 39 56
2 76 9
0
1 50
0
0
0
3 45 25 70
0
0
0
0
0
0
0
0
0
1 56
0
2 52 44
2 75 27
1 51
0
1 46
0
0
0
0
0
1 29
0
0
0
0
0
1 50
1 66
1 50
0
2 24 31
1 83
0
2 32 20
0
0
1 67
1 63
0
0
1 40
0
0
0
0
1 81
1 57
1 72
0
0
0
0
0
0
0
1 44
2 26 62
0
0
1 73
0
1 61
3 31 64 45
1 37
0
0
1 79
0
0
0
0
0
0
0
1 25
0
1 77
1 67
0
0
1 37
1 30
0
0
1 7
0
2 49 34
0
1 72
1 23
1 42
0
0
1 35
1 0
2 55 32
0
0
0
1 87
0
2 59 46
1 63
1 30
2 18 92
0
0
0
0
0
0
1 60
0
0
0
0
1 69
0
1 28
1 59
1 38
2 52 51
0
0
1 28
3 49 16 64
2 85 35
0
0
0
0
1 76
0
1 32
0
0
0
2 51 54
0
0
1 60
0
0
0
2 51 56
1 72
1 50
0
0
1 77
1 61
0
0
0
0
0
2 57 76
0
0
0
2 44 39
0
1 51
0
1 52
0
1 15
1 70
1 43
0
0
0
2 68 34
2 52 77
0
0
1 18
0
1 68
0
1 53
1 48
1 55
2 61 58
1 57
0
0
1 41
0
1 71
1 55
0
0
0
1 67
1 58
0
0
1 26
0
1 73
0
1 26
1 39
0
0
2 24 30
0
2 32 19
0
0
0
2 57 32
0
1 48
1 53
0
1 68
2 34 70
0
0
0
0
0
0
2 59 58
3 43 53 53
1 39
1 28
0
0
0
2 36 33
1 0
0
0
1 32
0
0
0
2 50 85
2 52 31
1 62
0
0
0
1 24
0
1 42
1 39
1 78
1 53
2 52 28
1 82
0
0
0
0
3 40 43 61
0
0
0
0
0
0
1 41
1 57
2 40 71
0
0
0
0
3 4 24 55
2 47 60
2 40 64
0
0
1 14
0
1 42
2 28 73
1 31
1 26
0
0
1 36
0
2 49 7
0
0
2 32 45
0
0
1 51
0
0
0
0
0
0
1 59
2 68 71
1 52
1 49
1 50
1 63
1 68
1 66
1 70
0
0
0
2 88 25
2 63 63
2 52 71
0
0
1 48
2 42 23
1 49
0
0
1 88
0
2 50 64
1 47
0
0
0
0
1 30
0
0
0
1 56
0
1 55
0
1 43
0
1 31
1 63
3 65 51 54
0
0
1 18
0
1 50
1 6
1 32
1 56
0
1 45
1 21
1 50
4 44 72 24 32
3 51 67 33
0
1 41
0
1 36
0
0
1 47
1 43
2 69 84
1 71
0
0
1 60
0
0
0
0
2 48 66
2 51 42
1 77
0
0
2 12 34
1 38
1 59
1 41
1 53
2 42 56
0
1 67
0
1 36
1 58
1 47
0
0
0
2 41 30
1 62
1 40
2 36 67
0
2 30 78
2 80 77
1 47
2 71 55
0
1 46
0
3 51 46 52
0
0
1 5
1 41
0
0
0
0
1 36
2 32 56
0
1 57
3 34 57 55
1 47
1 72
0
1 57
0
1 71
1 58
2 48 28
0
0
1 59
0
0
0
0
3 40 57 91
3 75 43 52
0
2 31 33
0
0
3 58 57 70
1 93
3 52 21 89
0
0
2 67 0
1 37
0
0
0
1 30
0
2 34 53
2 35 25
1 32
0
0
1 33
0
0
0
1 66
0
0
6 49 87 44 83 28 24
2 57 29
1 38
0
1 80
0
1 73
1 12
0
4 62 53 56 53
1 43
1 52
1 52
1 49
1 76
0
2 57 60
0
0
1 66
1 34
1 86
1 42
0
2 73 66
1 61
1 35
2 34 65
0
1 43
1 41
1 51
0
2 29 39
1 53
1 60
2 44 68
3 59 44 63
2 59 35
1 50
0
1 71
0
0
0
0
1 60
1 61
0
0
0
0
2 43 27
2 58 66
1 21
2 52 88
1 67
0
4 52 64 45 54
0
0
0
1 14
1 60
1 42
0
0
1 62
3 39 22 62
1 23
0
0
3 49 45 74
1 41
0
0
0
0
0
4 54 22 54 63
1 61
4 59 33 32 69
2 42 85
0
0
1 34
1 3
0
0
1 54
2 52 50
0
1 72
0
2 54 70
2 29 62
4 69 71 51 50
0
2 80 47
0
0
3 62 31 37
1 58
0
2 58 87
1 41
0
1 37
4 31 15 87 27
3 70 46 31
0
1 34
0
3 42 80 49
0
2 19 60
0
1 54
1 28
0
0
1 83
0
0
1 63
0
3 59 59 47
0
2 39 62
1 22
1 56
3 35 39 41
1 55
2 74 13
0
1 36
1 32
0
2 22 60
2 63 37
1 72
1 28
1 54
2 55 80
2 45 55
0
3 70 40 32
3 39 47 50
0
0
0
3 36 27 47
0
1 85
5 4 68 51 14 60
1 43
1 50
1 60
1 18
1 55
2 74 78
0
0
4 3 47 56 38
0
1 35
1 78
0
0
1 78
1 36
0
0
0
0
0
1 12
2 30 96
3 60 57 40
1 20
3 76 32 61
0
5 34 61 49 85 45
2 95 57
0
0
1 33
0
2 60 74
1 75
3 48 86 70
1 47
2 91 73
1 46
1 23
2 58 62
0
3 14 9 79
1 82
3 61 32 47
0
1 39
1 47
1 57
0
1 38
3 50 37 55
1 38
0
3 41 41 18
2 50 47
0
0
1 78
2 51 41
0
2 74 45
1 74
0
3 32 59 32
3 59 57 77
2 50 78
0
1 47
1 53
1 49
0
1 38
1 47
3 26 37 65
1 73
3 19 97 56
1 78
2 43 74
0
0
1 60
0
0
1 63
2 67 51
1 29
1 41
4 33 39 69 56
1 34
1 67
1 44
2 36 85
3 79 97 83
1 39
3 71 57 38
2 57 57
4 14 39 49 49
0
2 37 69
0
1 61
3 57 80 30
1 55
3 79 52 35
2 73 79
1 15
2 64 31
0
1 35
1 44
0
2 54 38
1 41
3 48 37 49
0
1 25
1 39
1 32
1 72
1 36
1 64
2 52 55
1 64
3 11 50 88
2 59 46
2 74 74
2 56 30
1 37
0
1 77
1 60
0
0
2 49 24
1 36
1 50
2 45 52
0
1 57
2 51 39
0
3 42 62 54
2 67 44
2 53 54
2 44 70
2 59 87
1 58
1 46
2 74 52
4 38 46 53 53
0
2 33 33
0
1 51
0
0
0
0
2 31 61
1 67
2 59 33
4 41 79 40 84
0
1 40
2 55 41
0
1 13
3 53 32 25
0
3 31 48 38
0
1 85
2 88 33
1 17
2 57 37
0
3 64 64 28
3 59 86 43
4 87 60 37 41
1 43
0
1 45
1 68
2 49 92
0
0
2 39 42
1 62
0
0
2 56 35
0
2 45 93
2 68 73
1 39
3 49 93 50
3 37 29 62
3 63 65 91
2 56 77
1 38
1 73
0
2 32 67
2 85 53
0
1 62
2 70 39
3 19 52 73
3 43 34 61
1 78
1 35
0
0
2 77 31
1 65
1 64
0
0
2 25 63
3 66 67 17
2 50 22
1 54
1 37
3 49 55 90
2 74 17
2 41 29
1 36
1 68
0
3 72 53 49
2 42 92
1 58
0
3 48 45 30
0
2 17 87
3 100 13 41
4 43 39 62 33
3 42 79 27
0
0
3 97 63 49
2 51 67
3 11 56 35
1 45
0
0
3 43 45 25
1 21
2 80 23
5 93 68 4 73 49
1 21
5 24 36 90 76 77
1 60
2 64 20
1 72
2 38 44
1 34
2 56 52
1 54
1 68
1 51
4 36 37 54 50
2 33 40
0
2 32 90
2 47 47
1 43
0
0
7 66 56 49 35 26 58 31
0
1 73
1 21
0
1 71
1 54
1 58
2 54 29
4 77 87 67 43
3 74 74 44
2 64 71
2 96 22
2 69 55
4 24 38 83 51
1 60
2 47 57
1 33
1 33
1 14
0
2 69 89
2 52 37
3 69 43 47
1 80
1 72
1 42
2 66 27
1 75
1 53
1 60
1 99
2 33 51
2 52 63
1 25
4 32 71 48 51
0
1 74
2 86 58
5 52 34 61 83 47
6 47 51 69 31 57 64
2 37 49
3 82 48 67
0
1 67
1 34
0
1 57
0
0
2 36 31
2 14 54
2 31 65
3 79 50 52
4 78 13 11 68
1 86
3 62 14 33
2 62 56
1 62
0
2 59 16
3 17 62 28
1 12
1 68
1 30
3 32 41 53
1 52
2 84 54
1 77
0
2 47 90
2 50 31
1 31
0
1 41
2 62 57
5 58 57 55 56 55
5 79 36 91 56 70
1 40
2 87 54
3 21 15 38
1 48
1 66
4 54 53 62 60
4 54 70 25 54
2 27 59
3 44 55 77
3 56 44 35
2 72 62
2 2 54
1 46
0
2 63 63
0
2 45 27
2 36 51
3 60 59 12
0
3 65 67 45
0
0
1 87
2 51 41
1 81
3 34 35 87
0
6 41 53 49 67 65 53
1 60
0
4 60 32 32 40
1 27
2 36 67
2 32 27
2 73 69
2 67 60
1 69
1 75
1 23
3 74 35 52
0
3 44 29 50
2 60 56
3 73 38 65
3 43 30 32
5 26 42 30 61 46
1 57
2 31 54
1 54
1 32
1 70
1 74
1 51
1 53
4 16 45 46 60
0
2 63 59
0
6 44 44 68 33 40 94
2 43 57
3 59 55 63
3 66 57 56
0
4 32 55 63 41
0
2 48 24
3 34 65 49
1 31
1 52
1 78
2 58 34
2 66 53
1 49
4 53 53 34 52
3 60 38 25
1 33
1 37
0
0
1 36
2 46 30
6 35 15 72 20 36 75
1 46
1 20
2 68 49
2 24 43
2 54 18
3 77 40 86
3 62 21 79
3 66 60 74
1 33
3 32 73 67
3 27 22 68
1 57
1 45
3 36 22 58
0
2 24 69
3 41 81 59
2 18 82
2 90 51
1 26
0
0
1 55
3 51 66 58
1 46
3 37 57 50
1 68
1 58
1 34
6 21 53 76 63 42 35
1 13
1 38
2 65 66
1 71
2 31 80
4 63 48 33 35
3 41 34 57
1 72
1 12
2 60 28
1 35
0
3 71 51 63
3 48 59 65
0
2 52 32
5 30 47 65 64 70
0
5 71 39 36 71 30
2 56 68
0
1 20
5 63 54 58 80 81
4 63 49 69 65
3 71 69 40
3 42 35 45
0
1 55
3 73 44 55
2 76 27
4 72 67 71 84
2 28 59
3 39 68 30
1 39
0
0
1 27
2 66 88
3 25 56 20
3 45 94 42
4 39 14 57 48
6 25 15 49 46 69 43
0
3 66 73 10
0
2 46 56
2 29 76
0
2 59 51
3 81 1 77
0
0
2 47 73
2 51 90
0
0
1 72
3 30 66 54
2 53 30
1 42
1 2
3 48 68 68
1 41
2 57 54
4 44 53 58 42
1 50
2 48 27
0
4 36 56 73 48
1 79
2 50 61
4 55 56 40 47
0
2 41 72
3 59 29 34
2 66 56
1 20
3 53 53 86
2 37 37
1 53
2 82 31
2 46 26
4 43 60 61 53
1 62
4 93 63 10 66
1 51
3 40 20 59
2 39 67
2 75 58
0
3 51 35 85
3 70 62 62
5 50 56 61 58 65
2 74 27
4 42 34 66 33
3 74 76 75
1 45
1 43
5 50 36 68 71 54
3 70 65 60
0
2 75 50
1 65
4 46 93 68 61
2 92 72
1 64
2 14 56
7 33 81 52 17 59 47 50
2 14 47
2 20 52
1 46
1 54
2 28 48
1 66
1 35
4 31 46 76 56
2 75 64
1 48
1 80
2 58 72
2 8 70
4 32 52 63 34
2 73 48
4 62 44 33 56
2 48 48
1 42
4 48 3 7 71
1 86
2 42 43
0
2 46 24
1 57
3 40 66 44
1 26
0
1 31
3 49 74 37
0
3 46 37 95
2 46 61
1 38
1 36
5 22 55 7 28 64
3 82 22 33
1 36
3 60 52 22
2 45 51
4 24 14 48 56
2 14 64
2 51 76
0
4 58 39 41 37
2 46 52
2 67 19
7 56 31 62 66 97 75 50
3 30 45 42
3 61 73 35
3 38 73 46
1 14
4 55 25 45 27
0
2 11 15
2 61 72
1 29
1 28
4 67 70 64 52
0
1 42
3 23 9 44
3 55 52 58
1 73
4 63 59 36 34
2 79 35
4 31 46 27 76
2 65 63
2 47 55
2 50 60
7 32 75 59 23 7 34 71
2 72 37
1 39
1 52
2 68 93
0
1 46
2 35 68
0
0
3 55 29 74
2 60 50
3 38 89 43
3 65 59 70
2 73 45
1 41
2 65 63
1 44
2 43 36
1 58
3 35 88 30
4 37 77 47 50
0
2 55 39
3 45 34 51
4 40 94 93 35
4 47 100 52 19
1 56
4 21 54 23 51
3 76 58 37
4 61 12 62 40
0
1 53
2 7 63
1 54
1 72
1 54
2 39 38
2 46 44
2 32 34
3 47 25 61
1 41
2 50 61
2 45 70
4 59 61 71 36
2 49 60
1 26
2 40 33
3 61 71 24
5 50 49 17 35 12
0
2 38 20
4 68 53 84 60
2 62 53
2 46 50
5 95 57 76 85 51
3 66 66 79
2 68 52
2 30 44
1 53
0
1 34
3 28 53 48
3 17 26 59
5 54 62 28 66 55
1 35
5 29 26 55 45 66
1 56
3 27 68 67
0
0
4 29 24 25 70
1 43
0
2 44 54
5 62 61 12 36 78
2 58 67
1 42
3 50 14 82
3 51 53 70
4 39 43 62 24
0
3 4 64 82
3 75 76 44
2 49 56
2 48 47
3 52 44 50
3 45 72 41
1 42
5 38 71 39 62 82
0
3 36 55 68
4 47 20 51 34
0
3 49 25 23
3 51 75 50
3 41 46 53
3 40 99 60
1 26
5 46 25 56 5 41
3 70 40 76
2 51 43
3 51 28 56
3 21 34 33
1 60
6 53 57 8 58 56 23
3 74 60 31
5 24 60 54 42 34
6 29 59 50 44 33 39
2 50 66
0
6 59 17 44 36 46 74
2 30 48
0
3 29 56 61
1 54
1 54
4 62 45 37 49
1 60
3 62 39 49
0
2 87 75
1 68
2 30 43
1 31
0
1 31
3 24 31 25
0
3 54 69 67
3 40 66 33
1 68
0
1 29
3 33 52 12
4 18 60 38 1
4 52 48 33 49
5 16 75 32 49 51
4 29 34 18 41
4 71 42 61 48
1 52
2 35 44
2 63 60
6 58 51 76 82 52 35
0
0
1 21
2 56 34
1 67
4 66 56 66 58
5 37 36 42 12 41
3 49 73 48
3 49 36 54
0
2 81 73
0
5 20 53 76 26 66
2 34 53
3 49 51 32
3 23 46 38
5 66 43 32 63 68
1 44
3 51 42 65
2 53 89
5 25 45 65 45 42
2 31 34
2 32 12
0
1 60
1 66
0
2 54 27
2 58 46
4 77 49 37 32
2 71 76
4 43 93 32 50
4 30 56 76 42
1 27
1 40
1 51
1 53
4 54 20 65 52
4 61 61 65 28
3 24 63 74
4 41 97 56 31
3 62 16 47
3 58 63 92
1 33
3 35 52 50
4 62 46 13 80
2 65 81
3 73 88 59
1 44
1 58
2 23 34
2 55 70
4 47 57 41 45
2 74 63
3 44 77 28
1 17
2 49 78
3 21 57 58
4 51 63 43 90
1 52
5 35 53 68 10 29
2 75 24
3 50 72 31
4 63 68 54 33
1 28
2 48 28
1 62
0
7 56 81 51 45 46 45 31
2 44 51
2 48 45
2 82 47
3 73 57 21
1 71
1 36
2 49 95
0
2 48 65
2 37 76
2 92 52
1 22
3 55 56 60
1 69
4 23 57 25 71
2 57 23
1 34
3 70 56 64
2 22 36
3 28 66 17
4 77 46 52 64
3 36 34 21
2 68 8
1 50
2 40 44
3 25 75 48
0
3 26 94 48
5 72 29 45 85 42
1 60
1 28
0
1 29
4 26 71 49 39
6 65 44 33 76 71 79
0
3 53 42 80
5 25 33 26 68 35
4 22 37 50 58
1 37
3 77 44 39
0
2 49 28
0
3 51 28 62
1 23
3 38 40 54
5 44 34 44 31 56
2 49 68
2 55 40
7 62 66 28 46 42 67 66
2 64 50
3 78 35 38
5 52 57 38 85 37
5 55 31 57 40 47
3 45 55 51
5 70 59 32 36 97
2 29 32
3 82 64 48
0
2 54 31
0
4 68 72 20 5
2 47 37
3 50 35 85
3 37 12 26
4 33 90 47 43
6 36 47 62 57 25 35
2 92 37
2 71 99
1 47
5 68 71 65 53 74
2 37 29
3 48 44 49
2 68 68
6 63 63 9 49 29 70
2 44 67
3 64 54 48
2 13 70
1 62
1 66
3 50 73 31
4 26 47 42 48
3 3 33 21
4 52 25 52 54
0
3 36 60 43
1 55
0
1 41
1 25
0
3 13 77 58
5 76 41 44 34 61
1 55
2 68 42
3 86 81 49
1 52
3 35 27 39
0
1 28
2 46 25
2 83 48
3 61 44 31
0
3 73 81 51
4 24 68 65 41
3 23 41 26
1 74
1 50
2 52 52
4 38 33 52 19
4 36 67 33 58
5 85 32 42 70 23
3 58 39 50
5 41 32 53 52 51
4 10 55 40 44
2 2 62
2 67 72
0
0
0
2 71 39
3 74 70 42
3 17 97 52
2 60 58
4 46 17 50 39
1 48
4 36 48 55 49
2 26 33
4 27 49 24 59
3 57 62 38
2 62 46
1 26
2 32 9
1 16
0
3 57 36 61
0
3 26 48 53
3 54 89 40
3 62 52 50
3 72 36 75
3 69 0 65
1 62
4 51 43 68 53
3 61 28 65
4 90 47 31 59
4 44 65 38 21
6 26 69 52 59 31 52
1 66
3 50 64 76
2 2 38
3 61 38 68
3 46 66 45
4 88 57 32 38
3 67 100 7
2 47 44
4 75 52 64 71
0
1 35
1 44
3 36 42 75
5 52 39 16 66 53
3 33 61 41
0
3 40 28 26
2 43 57
6 38 34 17 59 43 64
3 40 47 56
5 23 33 27 56 34
3 45 72 48
4 36 53 78 72
2 17 24
6 9 21 68 55 50 51
1 60
1 51
5 66 61 42 39 37
1 6
3 22 58 44
1 35
3 66 56 29
5 38 40 88 44 40
1 41
3 37 37 36
1 61
0
0
6 51 59 42 52 70 59
1 32
4 20 43 7 36
4 25 62 40 40
4 21 57 58 62
1 70
4 13 52 53 25
1 25
5 80 78 41 73 52
1 30
1 50
2 31 18
1 50
2 17 69
1 46
6 55 46 58 63 47 81
3 73 37 80
2 77 59
1 86
0
3 33 39 85
3 49 38 41
1 63
0
2 39 54
2 86 65
3 20 50 24
1 72
0
4 44 64 84 51
2 22 34
3 48 54 33
2 67 84
2 79 63
5 28 59 54 15 53
3 34 56 50
4 16 67 52 57
1 50
1 32
4 22 60 44 39
2 75 67
5 65 47 45 42 51
3 68 43 77
4 52 24 82 38
3 49 74 23
5 18 37 46 77 34
2 67 64
1 14
1 5
3 59 56 66
2 43 66
1 60
2 65 38
2 38 61
1 51
3 40 29 43
2 74 65
6 49 44 52 61 65 62
1 53
3 53 52 67
4 63 27 28 58
3 43 24 35
2 74 65
2 65 30
2 47 26
2 60 74
3 45 41 43
4 46 67 64 20
2 39 33
2 26 64
0
4 56 58 18 72
0
3 63 60 26
3 38 60 69
3 65 49 28
2 51 54
1 70
1 54
2 23 44
4 42 63 22 31
1 50
4 43 39 94 39
4 49 8 92 37
4 50 52 40 19
1 66
3 66 3 49
1 30
0
4 66 23 55 36
1 34
1 24
3 38 87 42
0
4 58 51 73 48
0
1 55
1 20
3 35 74 18
2 44 52
6 53 47 20 59 69 35
1 38
3 67 47 57
3 34 60 40
3 59 66 64
2 44 75
2 95 69
2 58 86
3 49 56 48
4 53 48 47 31
8 41 83 66 48 63 27 40 76
4 58 33 51 45
4 30 80 66 32
2 56 26
5 49 88 23 64 73
1 49
4 93 52 72 47
2 47 27
3 64 49 48
2 50 36
4 58 47 39 7
5 64 49 23 47 73
1 43
3 9 89 60
1 41
2 41 53
2 63 44
1 56
1 75
3 70 19 42
2 46 17
3 69 66 38
4 81 59 64 47
4 88 55 76 54
2 15 74
1 49
3 84 20 56
2 35 60
2 26 53
1 90
1 54
1 45
2 46 45
0
6 67 55 40 44 27 33
3 47 79 67
2 52 30
0
3 76 49 66
2 75 54
3 88 18 63
3 58 55 12
2 59 65
2 47 70
2 30 29
4 62 40 37 56
2 49 42
4 39 1 70 34
4 68 40 0 33
5 23 52 56 45 23
2 23 13
3 46 80 47
1 29
1 76
1 27
5 45 31 73 31 47
2 59 86
4 46 19 37 34
3 45 57 62
3 73 35 62
3 44 71 92
3 26 28 23
3 42 33 43
2 39 33
1 41
2 11 46
0
3 84 60 25
5 40 47 22 40 61
0
4 17 71 56 40
3 26 42 41
6 18 44 27 49 13 42
2 89 33
3 50 51 68
1 24
1 35
0
6 62 39 35 99 58 58
3 30 15 39
2 55 58
6 47 86 85 49 41 60
7 29 55 53 44 38 50 62
0
5 97 37 58 73 45
4 93 67 32 26
1 37
0
3 52 61 85
2 42 52
3 49 40 33
2 46 62
1 84
1 29
2 70 55
2 33 36
3 65 65 31
1 57
2 51 34
1 67
4 57 27 15 60
1 64
3 93 40 56
1 57
1 48
6 55 43 66 74 3 53
3 45 70 69
3 67 34 63
1 19
2 54 31
1 54
4 91 57 34 54
0
5 31 47 55 67 63
4 32 54 69 69
2 66 37
2 89 63
1 20
7 16 38 63 58 59 83 70
2 33 89
3 43 44 52
1 77
2 17 24
2 49 47
4 22 53 13 35
0
5 47 71 51 38 67
1 33
1 20
1 51
4 49 53 74 68
1 54
4 42 75 47 59
2 50 58
0
2 49 46
5 35 62 31 63 27
1 36
2 36 70
1 33
2 32 47
1 22
2 39 19
3 44 74 67
3 73 46 50
2 19 63
2 65 20
1 55
6 80 28 63 16 86 79
7 69 48 47 24 60 80 64
1 13
1 55
0
0
4 57 40 8 32
1 38
1 49
4 46 40 39 32
4 50 55 44 41
3 65 37 71
2 53 18
3 75 42 62
3 73 74 44
4 73 37 53 47
2 13 43
2 57 37
1 8
4 66 52 40 73
1 43
7 23 65 50 50 56 74 25
3 77 58 61
3 58 52 50
2 50 15
3 41 65 58
1 73
2 95 38
3 44 41 45
2 83 24
1 51
2 18 50
3 63 37 49
1 56
0
2 40 50
2 84 57
4 73 98 78 46
3 51 58 75
4 63 50 20 45
3 51 24 26
2 57 49
3 42 81 82
3 3 35 60
2 58 50
1 64
1 40
4 72 62 43 23
3 27 28 52
2 51 70
4 73 46 58 55
2 49 67
2 62 70
1 80
1 82
2 61 44
2 25 57
4 77 9 37 50
3 50 75 42
0
5 37 48 39 64 70
2 24 82
4 65 72 48 32
2 56 58
2 40 49
4 43 25 37 60
6 34 55 28 47 13 40
7 48 55 45 60 76 86 40
5 33 29 78 39 65
2 39 60
2 44 66
1 27
2 40 54
4 53 46 32 79
2 47 52
1 48
4 50 60 63 30
0
1 38
2 36 47
1 14
5 49 46 73 16 34
1 40
1 59
1 5
2 80 38
3 50 47 56
2 62 43
1 26
3 60 40 78
3 64 52 52
2 70 54
3 36 34 64
1 57
2 44 61
3 63 66 23
2 30 33
6 38 92 52 47 64 65
1 66
2 60 53
2 15 13
4 56 26 26 57
3 39 55 12
2 55 60
2 73 83
0
1 46
0
1 47
6 26 44 49 66 26 56
4 91 43 26 38
3 54 86 42
1 54
2 41 62
4 80 53 51 54
2 72 75
1 25
2 56 14
1 56
2 19 38
5 35 68 69 54 42
1 56
2 35 31
1 65
3 61 64 75
4 54 71 27 44
3 69 65 44
1 60
2 47 39
3 59 62 38
3 62 42 64
3 32 82 36
2 70 94
1 18
3 57 26 47
1 24
0
2 22 44
1 24
4 58 58 55 12
1 21
4 18 33 53 84
5 8 66 40 32 42
2 16 72
6 86 39 53 21 61 57
2 51 49
3 42 24 65
1 56
3 22 55 65
0
0
1 10
0
3 78 21 52
3 51 68 37
3 65 31 34
4 44 76 71 38
3 52 24 39
3 73 51 21
3 50 17 57
4 32 88 41 59
1 38
0
1 90
4 43 25 59 47
1 97
3 56 67 65
1 78
3 58 48 62
1 64
4 26 64 65 4
2 11 36
0
4 71 50 42 51
3 37 65 14
4 21 30 41 63
5 41 54 58 31 40
2 63 33
2 50 29
2 95 40
3 48 80 15
3 56 69 57
2 57 77
2 56 36
1 11
0
1 42
1 34
4 67 39 37 42
3 16 58 38
1 38
1 48
4 56 42 58 42
3 43 45 68
1 82
4 51 2 43 64
4 77 34 21 38
2 74 41
3 9 57 59
2 15 62
4 62 81 60 76
3 16 87 40
2 50 46
0
4 37 81 61 57
3 58 58 45
3 29 79 51
6 45 37 42 48 50 41
0
1 55
1 60
1 25
1 39
2 76 49
0
2 36 88
4 64 26 59 40
0
2 48 23
1 68
2 23 48
2 69 26
4 18 25 80 55
5 36 50 13 69 48
2 85 43
2 61 79
4 57 75 70 53
1 28
8 41 54 45 78 39 54 80 48
1 70
2 46 6
2 21 61
1 58
1 42
1 53
3 60 49 57
2 55 54
1 35
6 42 1 44 53 62 26
2 48 40
2 74 49
1 35
0
2 37 68
1 41
1 57
4 73 49 83 42
2 26 62
2 62 69
2 33 75
1 94
2 26 56
1 27
1 29
5 53 73 48 50 22
2 79 62
4 47 22 55 42
2 39 72
4 40 65 54 75
2 78 42
2 98 67
3 75 46 74
4 51 24 50 81
3 33 59 43
2 59 94
2 74 24
7 61 46 48 47 54 64 70
2 54 32
0
