3600 4
0
0
1 43
2 37 37
0
0
1 50
0
0
0
0
0
0
1 16
1 59
0
1 61
0
0
0
0
0
0
0
0
0
2 48 49
0
1 26
1 35
2 22 47
0
0
1 61
0
0
1 34
0
1 36
0
1 23
0
0
2 22 68
0
1 61
2 46 60
0
0
1 75
0
2 28 63
1 26
1 51
1 39
0
0
1 52
4 55 93 74 35
0
0
1 47
0
0
0
0
1 62
1 57
0
1 68
1 71
0
0
1 47
1 26
1 50
1 14
0
0
0
1 52
0
0
1 31
0
0
0
0
2 35 61
2 58 45
1 34
0
0
0
0
0
0
0
1 45
0
1 82
2 66 28
0
0
0
0
0
1 40
0
0
2 51 36
0
2 71 31
0
0
1 45
0
1 70
1 10
0
0
0
2 61 42
1 36
0
0
0
1 54
1 37
0
1 47
0
1 77
0
0
0
0
1 32
0
0
0
0
0
0
0
1 96
3 30 53 52
1 39
1 25
1 24
1 62
0
1 46
2 58 64
0
2 52 57
1 14
0
0
0
1 33
0
0
0
1 41
0
0
0
1 87
0
0
0
0
0
0
1 47
0
0
0
0
0
0
0
1 65
0
0
0
0
1 63
2 63 17
1 33
1 88
0
3 64 62 43
1 51
2 27 53
0
1 91
0
0
0
1 48
1 63
1 40
0
1 65
0
0
0
1 39
0
1 59
1 52
0
1 41
0
1 63
0
0
1 86
1 9
1 62
0
0
3 9 48 54
1 76
1 53
0
1 20
0
1 40
0
0
1 48
0
0
0
0
0
0
0
1 78
0
1 86
1 70
1 69
0
3 53 41 46
0
1 46
1 56
1 47
0
1 69
0
0
1 69
0
0
0
1 61
0
1 36
1 32
0
2 38 28
0
0
0
0
1 23
2 45 67
1 14
0
1 91
2 35 45
0
1 77
1 72
1 70
1 61
0
1 57
3 80 14 54
0
0
1 65
0
0
0
0
0
0
1 84
0
0
1 68
0
0
1 27
0
2 33 45
1 45
0
2 69 67
1 26
0
1 53
1 67
0
0
1 51
0
1 45
1 38
0
0
0
0
0
1 39
0
1 65
2 37 42
0
0
0
0
0
1 46
1 62
0
1 23
0
1 4
2 49 43
1 48
1 55
0
1 58
0
0
0
0
0
1 26
1 31
0
0
0
0
0
1 40
1 52
0
1 87
0
1 52
0
1 35
2 43 62
1 77
2 45 67
0
2 46 45
0
0
2 42 63
0
2 82 41
3 20 44 59
1 9
1 9
0
0
1 14
0
2 70 50
2 55 77
0
1 69
0
0
0
0
2 64 79
0
0
1 30
0
0
0
0
1 53
2 8 36
0
2 41 60
4 63 36 40 47
0
1 69
1 79
2 44 75
0
0
1 47
0
1 25
2 71 31
0
0
1 53
0
1 61
1 50
0
0
0
1 50
0
1 23
2 38 68
2 77 58
0
0
1 48
0
0
0
0
2 45 52
0
0
0
1 11
1 51
0
0
0
1 49
1 61
1 74
0
1 75
0
0
1 22
2 33 29
1 35
2 37 39
0
0
1 58
1 49
1 19
1 64
2 83 27
2 49 68
0
0
2 46 51
0
1 43
0
0
0
1 57
1 68
1 58
0
0
0
0
0
0
1 53
1 57
2 78 64
2 41 37
0
0
1 35
0
0
1 68
2 52 85
1 57
2 65 71
0
0
2 44 40
1 55
0
0
1 48
1 43
1 46
0
1 70
0
1 78
0
1 57
2 42 57
1 71
1 40
0
0
2 38 15
2 84 76
0
0
0
1 25
0
0
4 37 41 60 44
0
2 40 38
1 42
4 80 44 63 32
1 59
1 64
1 45
1 79
0
2 30 63
0
2 59 51
1 49
0
1 51
2 70 49
0
1 64
1 30
0
0
2 28 35
1 43
1 51
1 45
0
1 60
0
2 66 37
2 44 69
1 57
1 59
0
1 29
1 59
1 69
0
2 46 91
1 42
0
1 59
0
2 32 27
1 43
0
1 66
1 39
1 29
1 48
0
0
0
0
1 64
0
1 56
0
0
2 47 48
0
0
4 52 18 29 65
3 39 57 31
2 85 31
1 67
0
0
2 64 65
1 35
0
0
1 44
1 53
0
3 55 44 68
2 56 43
2 26 47
1 45
1 62
0
0
0
0
1 59
2 41 6
0
3 41 49 51
0
1 73
2 46 51
0
1 51
1 54
0
0
0
0
1 43
2 45 45
1 24
0
0
1 28
4 11 50 51 44
2 99 69
1 22
0
0
1 51
2 96 40
0
1 32
0
2 42 57
1 61
1 77
2 26 76
0
0
1 52
2 36 44
1 38
1 43
0
0
0
0
2 10 51
0
2 33 58
4 54 22 42 86
1 58
3 34 62 68
1 35
0
1 72
2 71 45
0
1 38
1 54
0
1 40
0
0
2 25 51
0
1 36
1 84
1 58
1 53
1 38
3 46 29 66
0
1 39
0
0
1 51
0
0
0
5 38 71 47 77 46
1 46
1 26
0
1 36
1 73
2 49 19
3 50 50 61
2 46 80
1 48
0
1 44
2 49 69
3 52 4 52
1 48
1 53
2 39 48
0
1 56
1 1
0
1 47
1 10
2 44 54
0
0
0
0
1 29
0
3 56 51 69
3 24 37 55
1 36
1 63
0
3 39 47 39
0
1 93
2 78 58
2 9 18
0
1 61
2 65 62
1 69
1 47
1 68
2 49 63
2 58 73
1 20
2 39 16
2 59 66
2 61 55
1 53
0
1 55
0
1 61
0
0
3 38 44 30
0
1 41
0
0
0
0
1 52
2 19 72
0
3 42 30 57
2 72 54
0
4 14 62 66 55
1 95
1 18
1 79
2 60 58
2 51 40
2 73 22
1 26
1 53
4 61 63 49 54
0
1 44
0
0
1 52
1 65
2 54 19
2 49 38
0
0
0
1 77
2 62 46
0
1 36
2 49 27
1 58
2 52 73
2 79 68
0
4 44 50 77 57
0
1 71
2 25 37
0
3 81 67 57
1 87
1 48
2 78 63
0
0
1 15
2 25 43
1 45
0
0
1 74
2 26 14
1 67
1 61
4 38 54 38 53
1 44
0
3 57 62 19
2 36 52
0
1 85
1 48
2 46 33
1 0
4 50 70 83 38
0
0
0
1 33
0
0
4 61 44 32 38
1 60
1 20
0
0
2 52 53
0
1 75
2 90 36
0
0
0
2 55 41
2 68 80
1 28
1 60
1 63
2 75 82
3 70 41 26
1 64
3 56 32 27
0
0
0
1 29
3 71 47 48
3 46 53 50
3 55 61 33
0
1 21
0
4 43 56 49 40
0
0
3 35 57 53
0
1 44
2 98 59
3 29 46 49
0
2 27 60
1 59
1 65
2 51 45
2 40 54
1 37
3 13 56 47
2 63 42
2 53 48
0
0
1 62
1 44
3 64 52 58
0
0
1 50
1 24
1 40
1 45
3 44 58 50
2 61 59
3 79 69 44
2 55 33
1 39
1 51
2 63 40
2 80 82
0
1 47
2 43 40
1 82
2 61 41
1 52
1 10
1 36
2 17 27
1 4
3 52 7 51
0
1 77
1 23
0
3 76 12 59
1 51
2 64 18
0
0
4 40 3 66 42
0
2 73 63
1 53
2 56 58
3 60 43 65
3 74 53 34
1 47
0
0
1 48
3 77 61 55
2 79 42
1 35
0
1 56
1 43
1 49
0
1 28
1 70
1 38
1 63
1 70
3 34 34 84
0
0
2 56 84
2 55 29
1 5
2 66 41
1 40
3 42 54 18
4 81 74 6 61
0
3 28 25 42
2 35 46
1 50
1 23
0
3 56 85 54
2 34 60
6 53 31 46 32 37 40
3 63 37 37
0
1 31
2 40 66
1 40
1 50
2 67 53
0
1 67
1 6
2 6 49
1 31
1 23
1 50
0
2 37 1
3 74 59 39
1 17
2 74 64
4 45 30 35 39
3 94 56 47
3 21 53 42
1 28
3 58 42 45
1 37
1 34
3 42 50 80
0
4 42 17 53 85
0
3 42 34 42
1 47
0
1 56
2 47 90
2 58 60
1 73
2 48 35
4 50 48 35 74
1 71
1 39
0
0
3 28 31 55
1 69
1 54
0
0
1 75
0
1 51
2 60 45
1 51
2 39 89
1 97
0
3 67 46 54
1 30
1 25
2 45 29
1 24
3 65 51 30
5 15 22 71 59 47
1 38
6 21 80 62 27 15 67
0
1 97
0
1 15
2 33 77
3 44 40 14
2 68 56
2 78 70
1 68
0
0
0
3 22 73 6
0
6 49 58 58 48 46 40
3 66 24 80
3 14 58 42
0
1 28
1 1
5 61 50 78 45 38
1 64
1 64
0
0
3 12 65 39
0
2 49 59
2 29 46
4 19 62 47 30
1 52
4 47 85 62 85
1 50
1 12
1 72
2 65 65
0
4 20 51 29 63
1 44
2 27 63
0
4 55 67 31 74
3 59 35 13
2 60 24
0
1 54
5 71 37 37 43 53
0
3 53 50 34
1 43
1 2
0
2 49 71
2 57 28
1 43
1 53
2 49 44
2 85 66
2 58 46
1 34
5 47 97 61 33 37
3 28 68 42
1 31
0
2 69 74
1 16
1 38
1 36
3 39 8 51
4 53 72 67 49
0
1 74
3 47 59 78
2 71 23
1 16
0
2 23 15
2 70 71
2 85 58
1 30
3 64 33 11
1 61
3 51 36 31
0
2 23 51
1 79
1 28
0
1 31
1 54
2 78 42
4 42 37 78 50
0
1 30
2 27 40
4 56 30 55 39
1 61
1 64
0
1 38
1 48
1 51
1 66
1 55
3 58 55 43
3 39 62 56
2 51 34
1 81
4 30 16 51 35
2 49 34
4 83 53 39 58
1 52
0
3 57 31 14
3 62 56 74
2 42 81
2 54 58
3 51 67 38
3 17 62 57
4 81 89 44 74
1 57
3 54 64 62
2 60 45
0
1 70
2 24 68
2 62 35
2 63 21
0
1 32
1 49
1 25
2 63 33
1 55
1 76
0
4 79 21 71 62
4 8 50 20 77
3 43 64 59
1 9
3 36 62 28
3 38 56 59
2 9 56
2 58 68
1 74
4 57 30 37 49
2 39 39
3 47 36 72
2 27 74
2 27 33
0
1 88
2 54 90
1 48
1 76
3 71 39 48
2 51 7
1 57
2 78 77
1 72
1 86
1 91
3 47 35 33
1 37
3 56 47 39
1 70
1 34
1 58
1 61
2 58 38
1 60
3 19 88 35
1 25
2 34 45
1 31
1 32
2 44 1
0
1 41
3 26 47 54
0
4 53 51 58 79
0
6 26 63 86 46 22 30
1 68
2 65 63
1 53
2 72 47
1 47
0
4 26 88 85 76
3 89 51 35
2 55 48
5 41 79 41 53 56
1 59
2 33 77
4 46 66 66 54
0
0
4 51 88 68 37
2 54 11
2 58 29
1 49
1 58
2 24 58
3 44 46 67
1 64
5 74 36 54 35 22
2 42 71
2 55 68
2 45 38
3 54 41 79
1 100
2 94 63
4 33 58 37 85
3 45 60 29
0
2 38 74
3 50 70 1
3 6 71 21
1 57
4 58 82 34 36
1 58
3 51 34 38
3 50 47 10
0
1 41
2 67 77
1 30
1 50
2 30 63
0
0
2 31 62
3 15 62 53
0
2 63 21
3 78 35 50
4 52 53 22 69
2 79 59
2 50 21
1 44
2 86 19
3 24 45 50
4 70 83 39 44
2 30 80
1 63
0
3 51 20 66
4 60 50 4 55
2 34 40
0
2 71 12
1 70
1 29
3 35 31 57
1 37
1 42
1 79
1 30
4 91 62 2 49
5 50 8 53 50 50
2 82 48
4 37 62 48 24
2 27 61
5 56 77 79 86 68
0
2 27 16
2 38 48
2 45 15
0
3 39 54 30
4 27 35 46 61
1 10
1 25
2 84 55
2 48 46
3 31 47 48
3 78 46 71
4 8 13 33 63
4 21 11 82 75
2 18 2
1 62
0
1 38
1 55
4 46 55 60 76
1 58
3 42 41 76
2 59 5
3 64 89 63
3 35 32 45
3 49 44 76
2 61 79
2 58 50
0
2 49 45
3 23 42 45
2 47 14
3 66 39 50
2 33 39
0
2 59 45
2 48 9
1 53
2 43 54
3 27 7 36
0
1 71
4 17 51 63 60
2 90 63
1 60
2 60 73
1 24
0
2 9 52
4 61 57 77 61
2 71 42
2 10 22
2 93 25
1 49
4 42 22 55 72
1 47
1 36
5 54 73 47 56 25
5 57 47 20 49 41
2 36 50
4 73 53 64 62
4 98 48 18 47
1 76
4 50 64 51 31
1 33
3 26 45 43
5 16 57 71 43 48
0
2 88 85
1 30
1 31
1 51
0
3 51 33 35
2 30 18
3 57 78 53
2 62 57
3 8 27 20
3 85 92 39
4 54 24 50 65
5 43 25 49 63 64
0
2 50 6
3 72 27 19
2 71 26
3 49 36 52
0
2 56 40
4 35 37 59 51
2 53 53
3 54 67 46
2 43 35
3 28 63 26
1 64
2 44 49
1 65
4 41 15 61 45
1 49
1 67
3 47 86 16
1 43
1 60
1 75
1 74
4 70 48 43 46
1 55
0
0
0
2 40 2
6 65 29 13 40 82 19
2 24 4
1 55
1 53
4 69 32 22 38
1 34
2 38 63
1 63
2 24 8
2 46 49
2 77 52
5 66 49 62 59 57
1 52
1 43
5 56 63 50 48 71
1 32
1 69
4 55 47 38 86
3 69 36 31
3 74 42 72
2 9 40
2 47 55
0
4 41 32 30 38
2 92 91
3 59 77 15
3 52 56 70
1 70
3 49 48 62
5 22 82 47 52 43
2 11 40
2 72 43
2 59 21
1 41
2 50 29
2 62 37
0
1 90
0
4 32 57 47 49
2 73 93
2 68 29
5 32 44 31 56 85
3 26 43 57
4 22 52 55 13
0
3 43 74 41
2 46 35
0
2 66 49
4 33 22 59 63
4 60 40 51 48
3 59 97 57
1 26
4 71 46 53 40
1 61
3 36 44 63
0
5 49 75 34 41 27
1 60
2 38 69
3 24 41 46
0
0
3 40 52 40
4 44 40 76 71
3 40 65 69
2 49 46
2 38 68
1 3
4 33 63 62 53
0
0
2 75 34
3 52 21 67
3 79 69 51
2 43 37
4 26 47 98 71
2 65 25
0
0
4 28 40 48 67
4 36 62 79 56
3 75 58 32
2 57 74
2 43 42
2 63 79
1 67
5 52 50 67 74 52
2 38 41
3 26 43 24
1 20
2 66 63
2 12 33
3 30 19 42
3 49 40 63
1 49
2 56 76
5 37 72 75 12 53
1 65
2 43 53
2 55 65
4 21 53 37 28
3 59 35 39
2 51 64
1 43
2 62 64
0
2 31 47
3 19 67 63
3 87 87 36
1 54
4 28 44 69 66
2 49 19
2 73 43
2 87 33
5 74 53 51 29 100
3 49 43 15
1 42
1 41
2 45 44
0
3 82 61 83
3 43 49 38
4 78 63 41 61
2 65 42
2 25 35
3 47 59 41
1 81
0
2 52 14
2 44 45
4 86 61 59 6
3 32 85 53
0
6 52 37 30 53 55 73
2 51 71
6 4 62 52 27 10 39
4 37 88 71 20
1 17
1 54
2 56 40
1 30
1 52
3 91 53 83
6 29 18 21 65 55 23
2 16 53
2 47 58
3 41 59 43
2 30 73
4 64 58 56 48
4 42 71 35 75
4 64 79 43 11
2 35 26
5 79 63 50 36 34
4 62 45 89 76
2 47 68
1 20
2 52 56
2 24 57
0
3 29 61 62
4 34 38 17 57
2 85 78
3 79 70 57
2 70 52
2 45 60
2 40 56
3 45 48 51
2 70 91
0
1 41
2 63 29
0
3 43 15 43
1 79
4 47 47 32 55
2 87 49
1 52
1 56
1 49
1 53
3 43 83 34
1 64
4 50 39 48 22
2 81 71
2 76 26
3 28 34 27
1 51
2 49 82
1 39
3 36 71 35
3 24 86 78
4 32 12 43 70
2 35 52
4 56 42 71 80
3 37 15 26
1 59
3 30 13 39
2 73 43
2 60 59
3 63 84 52
3 76 43 56
0
0
8 54 22 34 36 47 63 53 51
5 62 51 67 47 13
2 53 34
3 68 38 32
2 41 11
2 79 65
3 58 43 54
1 67
3 42 75 16
3 38 39 78
4 40 45 57 45
3 47 81 22
3 93 54 26
1 46
1 51
1 2
3 83 69 17
0
4 41 68 69 22
1 28
1 49
2 68 3
2 39 51
3 23 37 59
1 36
2 38 50
2 18 81
2 26 66
5 25 67 61 24 40
2 88 29
3 55 41 52
4 5 10 53 32
2 78 28
5 36 71 60 22 63
6 42 56 53 63 29 44
2 43 48
2 37 23
1 18
3 65 59 64
3 83 44 74
2 47 62
3 30 62 29
5 45 36 20 65 30
1 45
1 73
3 54 26 47
1 58
6 47 58 74 64 63 48
2 62 44
4 31 22 67 42
1 58
2 59 36
2 53 44
0
3 36 10 50
6 60 20 74 78 7 58
2 54 34
2 17 19
0
3 68 37 1
3 61 34 79
1 50
4 35 52 60 36
2 75 30
2 40 80
5 85 28 76 30 45
2 26 20
3 18 11 83
0
5 63 75 62 60 79
0
2 54 64
2 69 55
1 78
1 57
1 67
4 24 62 19 55
3 54 85 73
4 18 30 34 44
1 67
5 54 60 44 27 55
3 22 55 43
5 34 74 64 64 92
0
1 49
2 71 56
1 8
4 46 77 56 29
1 30
3 37 44 25
3 42 57 30
4 39 37 16 48
1 68
3 78 54 30
0
2 82 61
3 59 25 24
2 64 42
1 84
6 35 43 79 29 52 29
4 45 57 47 27
0
2 8 60
1 38
4 75 47 95 63
2 51 48
2 45 30
5 32 63 32 31 30
1 39
2 32 21
2 57 33
3 50 33 55
2 60 44
1 60
8 46 33 28 48 75 40 64 55
3 64 48 63
3 57 54 28
4 60 29 47 43
1 48
3 43 27 15
4 96 52 37 22
1 54
3 63 72 70
0
0
2 20 54
4 46 59 44 58
1 2
2 72 49
4 65 66 49 72
0
2 9 56
0
1 7
3 70 69 37
3 69 27 42
1 41
2 37 51
6 51 55 43 58 34 90
6 41 34 44 79 62 32
5 27 74 51 22 28
3 35 74 43
7 63 64 54 41 47 11 28
2 86 52
5 62 69 55 24 68
3 72 57 61
5 58 75 52 14 52
2 42 40
1 32
3 51 22 46
1 58
2 36 39
1 48
0
3 65 22 47
2 61 78
2 43 44
4 71 79 38 63
1 24
2 85 41
2 45 81
3 68 47 45
2 34 46
1 88
1 71
3 20 70 65
3 32 54 30
2 68 52
3 55 51 70
3 32 83 34
4 47 62 37 41
4 42 47 56 68
4 68 44 30 19
0
3 20 35 50
0
6 93 29 60 21 67 39
4 62 76 40 93
4 12 33 51 66
3 53 22 50
3 66 23 38
3 44 72 61
5 42 38 64 63 53
0
2 74 55
2 83 66
0
0
2 62 46
1 49
2 98 40
4 37 42 71 44
1 38
2 54 63
5 75 38 67 54 43
2 48 73
4 68 94 43 73
1 36
0
4 54 35 67 78
2 46 29
1 34
2 62 72
0
2 79 73
3 85 1 32
0
3 36 34 57
4 75 41 35 46
3 45 17 67
2 27 27
2 36 42
5 17 55 77 49 76
4 24 27 35 78
2 62 64
0
4 20 34 21 44
0
4 74 85 51 74
0
3 11 65 56
5 32 13 21 46 45
4 62 68 61 59
2 37 65
2 76 45
2 70 30
5 60 41 33 41 29
2 88 51
1 40
5 58 96 35 69 75
1 41
5 52 41 86 11 47
0
3 56 59 98
2 39 10
2 75 71
3 60 58 30
4 89 37 68 34
5 77 52 34 45 66
3 44 74 53
2 41 49
2 62 68
3 49 43 39
3 59 69 50
3 66 47 43
3 63 64 48
1 58
0
4 22 53 59 37
4 62 28 35 41
2 28 45
2 14 1
5 65 59 57 65 39
0
3 58 70 55
3 44 18 33
4 75 53 30 18
3 60 65 48
2 33 47
1 62
1 32
6 54 34 50 86 50 81
1 69
4 16 85 73 59
2 49 63
0
5 35 30 86 83 46
1 58
0
5 54 72 70 73 72
0
5 58 41 47 44 62
2 51 60
2 52 44
2 67 53
1 36
0
1 49
2 46 67
3 58 49 30
2 65 59
3 91 63 41
2 52 48
3 61 61 15
2 46 8
2 45 40
2 36 67
2 21 47
3 18 19 35
2 87 46
4 70 74 53 34
2 49 75
1 30
3 73 30 40
0
0
3 50 65 45
7 29 70 13 55 61 37 67
5 51 45 28 52 17
1 72
3 53 59 23
0
6 78 79 38 38 48 53
1 72
5 37 33 88 39 64
3 16 44 49
1 29
2 81 76
4 46 59 62 69
3 34 50 47
3 44 55 30
2 40 72
2 8 54
3 43 47 22
2 57 76
0
4 44 64 56 67
4 80 39 86 70
3 51 29 55
3 46 28 53
4 27 49 54 71
2 56 25
1 48
1 45
2 49 32
2 59 54
2 62 43
3 41 25 62
1 90
4 60 29 45 69
5 62 80 35 86 40
3 55 50 51
2 37 37
4 36 49 29 46
0
4 45 31 72 62
1 69
1 83
4 4 94 70 25
0
1 33
2 36 72
4 45 34 61 55
4 47 53 68 36
4 15 36 54 47
1 43
3 36 59 70
2 74 57
0
3 56 43 52
4 35 40 73 37
4 53 64 56 66
4 41 58 52 87
1 70
2 43 45
1 43
6 45 40 57 61 71 44
3 44 58 50
3 26 36 92
2 67 44
2 36 92
1 64
5 6 85 49 35 54
3 67 45 41
4 52 43 65 29
1 60
0
4 70 46 56 88
5 51 47 41 52 50
4 73 52 41 20
2 35 33
1 94
0
4 26 17 79 30
5 56 53 92 53 60
4 88 54 49 49
2 29 84
2 62 48
3 63 59 32
1 34
3 37 45 36
3 27 50 44
1 58
3 78 69 62
3 73 53 52
4 16 63 21 45
1 35
0
2 63 39
1 20
3 46 74 57
0
2 29 70
2 25 49
2 69 70
1 32
2 34 78
3 45 42 86
4 27 59 35 32
5 62 75 52 65 45
4 46 64 54 60
1 40
1 64
5 62 86 62 77 62
0
4 60 17 46 66
2 65 95
6 36 45 50 76 64 42
1 71
2 90 14
3 61 75 41
2 29 53
3 65 46 24
3 77 44 72
0
1 20
4 54 15 60 62
4 82 34 75 73
3 61 40 43
2 27 24
1 70
3 66 19 37
4 65 58 52 77
3 45 50 29
6 33 63 53 31 45 53
4 45 25 52 40
2 40 31
1 67
1 49
4 45 39 54 67
1 64
0
1 52
3 17 39 59
2 28 59
2 52 87
1 93
0
3 37 83 22
3 46 42 51
6 48 59 56 39 46 67
1 98
4 37 47 65 59
3 33 13 52
1 52
4 25 87 8 44
2 50 25
2 69 63
2 32 51
4 48 79 62 69
3 27 87 49
4 50 54 68 63
2 74 41
3 55 75 36
1 61
3 67 54 80
5 89 32 58 18 73
1 76
3 49 83 56
3 32 19 25
2 62 60
2 37 68
2 32 41
2 34 16
4 36 41 41 51
1 53
3 17 45 77
1 100
5 8 89 41 43 43
2 47 55
3 50 78 19
6 55 77 41 51 62 43
2 40 39
2 46 60
1 71
1 8
3 69 64 38
3 24 32 65
4 67 60 70 34
3 21 60 31
2 75 81
1 52
2 72 57
1 22
4 29 26 14 46
1 36
3 90 52 23
1 48
3 60 66 44
5 72 52 43 22 84
2 40 38
2 27 57
3 66 17 73
0
1 27
5 63 54 38 76 60
2 73 40
1 67
4 53 29 52 41
1 45
2 44 56
3 100 27 59
1 26
3 51 42 36
0
2 35 37
3 61 52 47
1 44
2 46 34
1 65
1 63
3 70 49 46
1 29
2 7 70
3 80 52 48
3 56 30 45
1 40
3 34 57 32
3 57 27 53
3 40 26 66
2 99 54
0
2 65 69
3 64 49 54
5 89 81 35 39 38
1 32
1 47
3 28 79 95
1 23
5 33 65 29 73 29
4 50 56 51 76
6 53 44 63 47 41 51
0
3 37 65 64
4 48 47 44 45
3 44 32 35
0
1 76
1 27
2 99 39
3 48 41 69
1 73
1 69
3 57 32 58
1 36
2 62 82
2 43 53
3 55 36 41
3 63 70 61
2 58 47
3 23 4 64
2 21 65
3 51 34 57
6 53 23 78 12 30 42
3 23 55 41
2 33 32
4 40 77 39 47
6 54 59 71 40 33 43
3 57 35 31
0
2 47 42
3 30 70 70
2 21 40
2 27 24
3 39 49 42
2 60 50
2 68 75
4 33 88 57 48
6 45 68 22 40 78 75
2 45 3
1 54
3 63 65 49
3 45 43 52
3 59 60 7
0
3 60 86 59
5 82 37 63 37 75
3 86 62 49
0
0
3 83 36 46
0
4 64 25 48 25
3 67 57 35
4 47 36 49 51
1 45
1 66
1 70
0
2 24 53
1 37
3 45 32 61
2 53 87
3 29 32 54
2 23 65
5 56 55 48 98 32
2 60 59
1 23
1 67
2 76 66
1 77
2 44 48
4 60 54 35 74
0
2 27 45
3 51 34 49
1 36
5 15 56 67 98 45
1 42
3 85 60 71
5 68 1 62 46 58
4 53 40 30 52
2 56 48
3 54 24 33
2 73 63
2 36 61
3 20 56 74
2 28 71
3 55 26 70
6 34 53 90 45 41 54
2 20 16
4 26 72 52 37
3 53 55 71
1 27
5 56 59 57 68 85
4 44 27 56 26
2 67 58
2 62 57
2 46 68
0
4 36 27 67 60
3 56 54 33
2 47 39
2 8 32
2 30 32
2 40 66
1 32
2 66 50
0
1 76
1 53
3 37 48 41
2 52 41
2 60 67
1 8
3 76 72 60
3 97 59 43
2 39 29
2 53 70
1 64
5 74 52 56 70 30
0
3 44 45 69
1 29
2 41 68
2 35 51
3 54 45 24
1 36
3 41 32 39
3 79 24 42
6 57 58 61 80 35 46
0
2 75 57
3 79 34 41
1 72
3 53 47 70
0
1 44
4 47 11 35 76
1 49
0
4 29 77 51 37
3 42 70 15
4 59 18 68 64
5 73 46 53 40 55
2 31 47
1 50
1 57
0
2 33 46
4 57 46 19 11
4 72 42 44 61
2 84 63
2 35 73
2 67 49
1 36
3 45 60 31
5 46 77 7 53 11
3 40 54 43
4 35 32 13 47
3 33 78 86
1 43
2 91 81
0
2 80 55
2 44 55
2 26 43
3 46 47 5
3 54 64 93
2 83 42
0
0
2 33 23
2 83 28
2 37 15
0
0
2 70 67
1 51
3 75 35 19
4 52 75 53 25
6 64 54 55 89 62 40
0
2 46 40
3 58 22 33
2 48 46
2 67 48
2 44 41
4 65 53 64 79
2 67 58
0
4 52 35 88 58
2 36 30
4 63 31 37 74
1 41
5 40 63 57 50 27
2 37 23
1 38
2 77 77
3 57 80 28
0
2 32 61
3 28 50 70
2 71 63
3 48 44 56
4 49 63 58 54
2 47 23
1 50
2 57 55
4 43 16 30 76
1 80
1 67
2 66 44
5 81 71 20 35 67
3 52 14 47
5 35 52 41 62 63
2 19 76
1 43
5 22 51 48 37 51
1 48
1 52
2 69 45
1 34
1 34
1 58
2 68 72
1 37
5 27 100 27 40 60
1 29
0
2 43 81
2 27 10
3 23 82 36
4 66 54 89 84
3 22 31 25
2 50 18
2 85 30
1 43
2 74 39
2 17 12
1 21
2 64 69
2 50 45
5 44 45 6 31 67
3 74 48 25
2 33 27
3 26 43 27
1 20
4 43 54 27 18
3 59 61 28
1 40
0
0
0
2 71 54
1 50
2 78 47
1 99
2 3 56
2 51 42
1 62
5 84 77 61 41 15
1 35
3 39 29 62
1 26
0
0
0
4 34 51 37 41
7 76 73 40 25 44 48 77
0
1 27
0
6 54 46 42 67 53 30
1 60
1 16
2 18 66
2 47 37
1 50
3 22 63 38
4 81 84 48 94
2 51 59
4 60 50 51 64
2 54 40
6 77 66 19 64 34 44
0
3 71 55 20
5 41 37 19 52 12
4 41 56 29 37
4 35 61 81 66
3 38 77 41
0
3 36 46 19
1 47
1 50
2 72 75
2 45 4
2 35 33
3 33 82 54
2 47 13
2 23 64
3 60 86 71
0
3 42 40 40
3 82 97 55
1 45
1 29
3 34 38 67
1 79
1 41
1 22
0
1 33
3 68 47 75
1 11
1 52
4 27 46 62 43
2 79 55
3 52 80 56
0
2 59 43
2 49 69
1 17
2 32 64
2 46 43
3 58 21 55
1 55
1 93
3 77 69 75
4 10 43 57 66
4 26 45 46 46
0
3 35 36 26
2 44 68
2 67 60
0
0
1 79
1 51
1 59
2 51 38
2 65 53
1 52
2 50 38
0
1 63
6 29 63 45 53 50 59
3 30 43 30
4 62 71 36 18
3 47 27 61
5 27 71 21 34 30
0
2 48 24
0
3 90 24 68
2 51 80
3 58 38 66
3 60 59 24
2 46 63
2 57 49
2 15 54
3 54 20 55
2 35 67
2 65 51
4 88 26 32 43
4 20 17 51 30
3 60 34 60
0
5 41 61 28 55 61
1 52
0
2 49 47
1 67
1 55
1 52
1 85
4 77 46 35 52
4 67 53 25 55
3 24 51 29
3 34 85 50
2 66 57
0
1 60
2 42 67
4 59 56 51 59
2 68 23
2 42 46
2 17 57
1 48
0
3 58 64 38
3 47 88 71
0
0
3 50 35 61
2 54 24
2 13 30
3 84 96 43
1 64
3 54 33 28
0
2 49 63
2 59 33
2 52 41
1 54
1 22
3 41 49 43
1 68
2 48 24
1 59
2 48 39
1 31
5 51 48 52 52 41
3 47 74 54
1 40
3 39 49 41
3 26 81 45
5 36 57 72 65 61
1 69
3 41 34 38
1 73
2 19 79
2 61 84
0
3 41 45 52
1 47
1 70
1 72
0
0
1 48
1 47
3 70 30 76
3 64 20 51
4 54 60 72 83
1 48
1 75
1 29
2 65 45
1 42
2 41 57
1 38
5 63 25 78 70 39
3 47 55 51
5 27 52 32 34 47
1 62
3 58 44 49
0
2 53 53
3 40 58 67
2 20 80
0
2 31 37
4 30 33 52 47
1 43
1 13
3 60 41 17
0
4 78 64 64 56
3 29 90 56
2 17 66
1 56
0
1 43
2 37 58
2 35 53
2 85 79
0
3 33 94 49
2 94 47
1 60
2 73 60
2 64 43
2 65 31
2 84 49
0
1 53
1 74
0
0
5 18 45 64 87 54
1 54
2 37 46
1 35
1 95
0
3 31 55 63
0
0
1 70
5 52 87 8 48 56
3 39 34 42
1 66
2 52 86
3 42 16 62
0
3 62 45 77
1 60
1 48
2 53 56
2 35 24
1 53
4 46 69 52 35
0
3 49 50 65
1 34
2 74 32
1 69
0
1 14
3 12 45 55
0
3 44 61 38
1 44
2 56 24
1 22
2 38 58
2 83 73
2 87 32
1 22
0
2 60 35
2 34 45
1 85
1 29
2 51 28
4 45 71 61 81
2 70 22
1 26
1 70
3 76 30 48
2 72 46
4 27 57 30 52
1 30
3 35 47 29
3 41 88 61
2 77 65
2 65 43
0
1 53
4 52 34 12 14
2 55 30
1 59
1 66
2 35 60
1 56
1 23
1 37
1 34
2 82 61
1 51
3 77 28 32
3 48 67 58
2 60 52
2 65 63
1 33
3 66 38 56
1 62
1 39
2 45 62
1 41
1 75
1 14
3 50 83 53
1 64
0
1 25
1 27
2 16 55
4 71 54 32 40
2 54 52
1 30
3 76 45 39
2 75 52
0
2 67 62
2 24 58
0
1 69
2 37 32
3 42 77 16
1 73
2 76 58
2 12 41
0
0
1 20
0
1 57
2 53 34
0
2 49 16
1 34
1 36
2 46 54
0
3 52 58 58
1 43
4 36 32 43 61
0
2 60 41
0
0
1 63
0
2 70 37
1 78
2 47 32
4 57 68 39 2
2 36 58
1 64
2 38 18
2 44 83
1 61
1 66
5 68 43 27 56 45
0
4 57 32 69 18
3 20 64 76
1 43
2 67 47
0
2 26 55
2 71 39
2 47 54
0
2 32 48
2 78 5
4 37 68 33 40
1 23
1 14
1 51
1 41
2 66 96
1 23
0
3 25 84 51
0
1 73
1 48
2 38 39
1 52
2 63 16
0
1 67
3 75 66 76
2 70 65
2 30 88
3 15 61 13
0
1 71
0
2 46 45
3 47 73 52
3 78 62 35
3 63 86 68
0
2 29 54
4 33 39 51 33
1 71
1 46
1 85
0
0
2 51 31
3 42 62 46
2 44 65
3 86 43 59
2 41 36
0
1 51
2 41 42
2 40 27
2 42 57
1 44
3 47 41 62
0
0
1 55
4 32 24 67 63
2 50 70
0
2 41 35
3 57 12 51
1 42
0
2 52 17
1 67
0
4 37 64 68 26
1 60
3 76 26 51
2 59 44
1 48
1 37
0
1 49
1 34
1 34
0
3 86 36 45
1 31
2 36 18
4 65 78 58 41
1 67
0
3 30 58 28
1 60
1 24
1 56
1 72
1 72
4 50 89 19 92
0
1 35
1 44
2 45 42
2 32 71
1 68
2 42 63
1 22
2 84 26
3 48 42 63
0
2 89 51
2 40 81
1 20
0
0
2 67 54
1 79
0
0
3 79 59 56
1 37
1 60
2 88 37
0
0
0
0
3 86 77 37
1 26
1 30
1 65
3 31 41 57
0
1 29
3 69 32 60
2 33 87
1 61
1 2
1 35
2 54 45
2 14 37
1 66
0
1 22
1 53
2 53 28
2 85 46
1 81
3 98 15 42
1 48
4 29 41 60 24
1 66
0
1 55
1 46
0
0
3 29 18 38
0
1 43
2 74 70
1 51
0
0
2 56 29
3 46 59 44
0
1 14
5 76 41 23 38 28
4 48 46 71 27
0
0
1 60
1 55
2 76 82
1 67
0
3 36 34 19
0
0
1 47
1 49
0
0
0
2 33 40
0
2 46 33
1 5
2 48 34
1 52
2 57 96
0
1 29
2 58 53
0
1 76
1 85
2 81 24
2 80 32
0
0
1 41
1 23
1 67
3 31 38 39
2 37 72
1 60
3 51 74 55
0
2 51 16
0
1 73
2 37 77
1 61
1 70
1 79
2 43 47
1 42
1 60
1 62
0
2 25 34
5 76 85 54 77 4
1 85
3 32 57 81
1 33
0
2 56 44
0
1 54
2 66 24
1 39
2 54 63
0
0
0
1 43
3 48 29 67
2 79 47
1 37
1 38
0
2 52 45
0
1 22
1 54
0
1 54
1 64
0
0
0
2 33 17
1 83
2 40 22
0
2 59 44
1 42
0
1 48
1 63
2 18 57
0
0
1 81
3 67 31 86
2 74 58
0
3 34 68 50
1 80
1 34
2 62 58
0
3 43 65 50
1 73
0
2 69 81
0
2 21 32
3 38 18 61
0
1 38
1 39
0
0
1 75
2 11 55
2 43 40
0
1 26
0
1 58
0
2 44 69
1 60
1 45
1 51
1 31
1 42
0
0
3 75 66 58
0
0
0
2 49 36
1 37
1 62
1 58
2 64 7
1 51
0
2 42 65
2 79 57
0
0
0
2 45 68
1 70
1 89
0
1 58
1 14
0
1 41
2 55 49
0
2 40 30
1 31
0
0
1 51
2 42 24
3 57 32 47
2 28 34
1 40
3 34 49 32
3 69 51 41
0
0
1 91
1 51
0
1 80
3 34 29 70
2 76 43
1 71
0
1 40
1 45
2 44 80
2 68 37
1 70
1 34
0
4 23 31 64 47
1 35
0
2 43 19
2 56 60
0
1 65
2 33 19
0
0
0
2 28 74
0
0
1 68
1 25
0
0
2 68 60
2 47 74
0
3 55 56 69
2 55 88
2 57 49
0
1 46
0
1 44
0
0
1 78
0
0
3 66 57 99
0
1 64
0
0
0
1 40
2 65 7
1 87
1 55
0
1 51
1 16
0
0
2 58 47
0
2 25 32
1 59
1 63
2 61 98
1 50
1 76
1 53
2 45 42
1 34
2 34 54
1 52
1 27
0
1 41
0
3 52 66 25
1 75
0
1 84
2 63 56
0
1 53
1 28
0
0
1 45
0
0
0
0
2 21 66
0
0
1 62
2 59 30
0
0
0
0
0
1 45
2 41 50
2 54 29
0
1 49
0
0
2 85 31
1 26
1 51
0
3 46 32 60
0
0
2 45 29
1 58
2 78 86
0
3 58 20 62
0
0
0
1 65
0
0
1 50
3 20 69 36
2 32 65
0
2 16 61
0
2 24 23
1 46
0
0
1 52
2 43 3
0
1 50
0
0
2 70 24
1 38
0
1 71
2 90 86
1 87
1 46
0
1 62
1 16
0
2 28 51
1 67
1 54
0
0
0
0
0
0
1 47
1 53
1 15
1 28
0
0
0
0
1 78
0
4 50 69 81 61
1 55
0
0
1 80
1 25
0
0
0
0
3 72 18 17
1 62
2 36 55
2 53 60
1 40
0
1 52
2 79 26
0
0
0
1 85
1 86
0
0
1 66
0
0
0
2 30 37
0
0
0
0
1 81
2 49 43
1 65
2 61 74
1 63
0
1 40
0
1 83
2 68 21
0
0
0
1 38
2 46 36
0
0
1 44
0
2 40 88
1 49
0
1 56
1 34
2 56 35
1 48
0
0
0
1 56
0
2 22 43
1 40
2 9 59
1 54
1 59
0
0
1 36
0
0
1 48
1 51
0
1 76
0
1 52
0
1 41
0
1 38
0
0
0
0
0
0
0
2 62 45
1 67
0
0
0
1 66
0
0
0
0
2 54 34
1 26
0
1 44
1 41
2 43 55
0
1 95
1 57
0
1 36
0
0
0
0
2 44 31
2 26 53
0
2 17 75
2 37 99
0
1 52
1 46
1 47
1 35
1 64
1 48
1 74
0
0
0
0
0
1 72
0
0
0
0
0
1 52
0
0
0
3 57 49 35
0
1 4
0
0
4 69 4 65 26
0
0
0
0
0
0
0
0
1 26
2 37 14
1 83
0
1 49
1 50
1 56
2 42 40
1 48
2 68 52
1 41
0
2 48 76
2 57 66
1 27
0
1 33
1 46
1 52
0
0
0
2 55 40
1 25
0
1 44
0
0
0
0
1 31
0
0
2 69 73
0
0
0
0
0
1 96
2 59 53
1 63
0
2 43 54
0
0
0
1 45
1 30
0
0
0
1 61
1 66
1 47
0
0
0
1 56
2 22 29
0
1 61
1 46
0
0
1 54
0
0
1 46
0
1 74
2 62 36
0
0
0
0
0
0
1 43
1 52
0
1 49
0
0
1 47
0
1 64
1 61
1 35
0
2 61 82
1 22
0
0
0
0
1 65
1 34
0
0
0
1 40
0
2 59 59
0
0
2 48 19
0
0
0
1 16
0
0
1 53
1 59
0
0
0
0
0
0
1 68
0
1 57
0
0
4 66 41 34 34
1 37
0
1 34
0
0
1 63
0
1 17
0
1 66
0
1 32
0
1 0
1 45
0
2 58 69
1 26
0
2 57 56
0
0
0
1 46
0
1 76
0
1 52
0
0
1 78
0
1 53
0
0
0
0
1 52
2 55 14
0
1 51
1 59
1 69
0
0
1 33
0
1 65
2 31 69
2 69 22
0
0
0
0
0
0
1 52
0
2 38 52
0
