3600 4
2 18 48
1 73
0
0
1 68
1 34
1 56
0
0
0
0
1 55
0
0
0
1 63
0
1 31
0
1 32
2 55 72
2 51 63
1 95
0
0
1 34
0
0
2 19 24
0
0
1 58
1 75
1 60
0
0
0
0
1 66
0
1 52
0
1 67
1 42
1 43
1 0
0
1 51
0
1 83
1 47
0
0
0
0
0
1 64
0
0
1 38
0
1 26
1 34
0
2 32 74
0
0
0
0
1 31
0
0
0
1 85
0
0
0
1 23
1 81
1 13
1 66
2 89 59
2 60 42
1 47
0
0
1 35
0
0
0
0
0
0
0
0
0
0
1 27
0
0
0
2 26 43
1 43
0
1 47
0
0
0
2 30 86
0
1 60
1 41
1 75
0
0
0
1 50
0
3 38 36 38
0
0
1 61
1 49
1 21
0
1 74
0
0
0
0
0
0
0
0
1 94
2 66 46
0
0
2 60 59
1 40
0
0
1 59
1 48
2 47 53
0
0
1 50
1 69
1 10
1 61
0
0
0
1 32
2 55 22
0
0
0
0
0
0
0
0
1 64
0
0
0
0
1 67
0
1 43
3 34 97 47
0
0
1 36
0
2 41 52
0
1 57
1 32
0
1 36
0
0
1 45
1 50
1 53
2 44 42
1 56
0
0
0
0
0
0
0
0
0
0
0
1 44
0
1 58
1 59
0
0
1 36
0
3 25 57 42
0
1 49
3 72 27 45
0
0
0
1 75
0
0
2 74 67
1 64
0
0
1 94
1 27
0
1 45
0
0
1 48
0
1 30
0
2 55 51
0
1 69
1 52
0
1 39
0
1 58
0
1 44
0
0
0
1 60
0
0
1 40
1 55
0
0
0
0
0
0
1 72
3 27 40 55
2 49 26
0
0
1 45
0
0
0
0
0
1 16
1 39
1 63
1 54
1 26
0
0
0
1 45
1 29
2 67 42
1 47
2 7 73
0
1 53
0
0
2 54 81
0
0
0
1 42
0
0
0
1 66
0
0
1 55
1 68
0
1 64
0
0
1 48
0
0
1 66
0
1 45
0
3 38 65 67
0
2 36 35
0
1 59
0
0
0
1 23
0
1 84
0
0
0
1 37
0
1 16
1 72
0
0
0
1 52
0
0
2 50 64
0
0
1 24
0
1 65
0
0
1 45
0
0
1 71
0
2 24 43
1 70
0
0
2 24 64
0
0
2 28 76
1 75
0
0
1 34
0
0
0
1 50
1 39
0
2 56 57
0
0
1 42
0
1 16
0
0
2 45 60
1 48
0
3 24 49 66
1 24
1 79
0
0
0
0
0
1 54
0
0
0
1 49
0
0
0
1 49
0
4 68 75 41 61
0
2 70 31
0
2 85 35
1 53
1 23
1 48
1 31
1 92
0
0
1 61
2 42 77
0
1 15
0
0
0
0
1 66
0
0
0
3 47 63 83
1 70
1 73
0
0
1 44
1 61
1 58
0
1 52
0
0
0
1 8
1 29
1 71
0
0
2 24 57
0
0
2 76 21
0
0
0
2 28 23
1 52
2 47 94
1 63
0
0
2 66 45
1 18
1 50
0
0
2 39 58
0
0
0
0
0
0
0
1 49
2 71 45
1 76
0
0
1 57
0
1 71
0
0
2 46 48
1 54
0
0
0
0
1 48
2 64 74
1 48
0
1 62
0
2 53 36
0
0
0
4 28 54 49 36
1 62
0
0
1 59
2 87 55
0
0
0
1 66
2 13 72
1 68
0
0
2 49 23
2 49 35
1 74
0
1 69
1 72
0
3 35 59 41
1 40
0
0
2 68 33
1 65
0
0
3 42 49 89
1 24
1 46
1 35
0
0
0
1 47
0
0
0
0
0
1 85
0
1 46
0
0
1 25
0
1 63
1 43
0
2 30 54
0
1 26
2 50 43
1 37
2 47 46
1 38
0
0
1 35
0
0
0
0
2 22 25
1 32
0
1 49
0
0
1 73
3 27 4 51
1 17
1 67
0
0
2 24 0
0
2 67 28
1 40
0
2 50 61
1 56
1 41
1 36
1 87
0
0
1 68
3 33 39 61
0
2 45 24
2 62 91
2 36 34
0
1 36
1 39
0
0
0
1 45
0
1 52
0
0
1 14
0
2 70 29
0
1 21
2 59 19
1 71
2 59 94
1 52
1 72
0
1 68
0
0
0
0
0
0
3 64 94 16
0
0
0
0
2 37 73
2 74 66
1 70
0
1 48
3 57 14 51
2 48 59
1 64
0
2 67 34
1 59
0
0
0
4 25 35 48 47
2 40 43
2 69 38
0
2 75 57
2 65 9
0
3 65 59 14
1 79
0
0
1 45
0
0
0
1 58
1 54
0
1 73
2 41 72
0
0
0
2 65 78
1 64
0
1 53
0
0
2 37 33
0
0
0
1 45
4 50 15 65 32
1 14
1 32
0
1 43
4 58 54 39 52
1 61
0
1 83
0
0
2 40 54
0
0
1 56
2 80 59
1 32
2 29 78
1 72
1 43
1 57
1 51
2 50 64
1 62
1 17
0
1 31
1 62
1 48
1 47
1 48
1 31
0
1 40
1 54
1 6
0
4 71 55 89 58
0
0
0
3 66 55 74
1 70
1 49
0
2 65 23
1 33
0
1 22
3 28 57 51
1 51
0
1 66
3 64 36 55
1 40
0
1 48
1 54
1 54
0
1 56
2 15 74
0
1 35
0
0
0
0
0
2 91 55
0
1 47
2 70 77
0
2 77 84
0
1 39
2 70 80
0
1 57
1 53
0
0
3 60 70 50
2 72 40
0
0
1 61
4 54 56 42 53
0
4 68 36 71 30
1 36
3 57 56 39
1 31
0
0
1 18
2 48 53
1 31
2 36 28
3 41 56 65
1 37
1 23
0
1 47
1 85
1 45
1 72
1 63
0
1 59
2 29 25
2 25 42
0
2 92 64
0
0
0
0
2 76 70
1 64
1 47
0
1 22
0
0
3 29 58 34
1 54
2 46 42
1 60
2 55 53
1 33
0
1 56
1 49
3 69 43 51
2 79 25
1 42
0
0
0
1 76
0
0
1 13
1 23
1 52
1 45
4 64 65 67 59
2 36 43
2 23 71
0
1 48
0
0
2 61 38
0
1 44
3 71 83 2
2 10 89
2 47 81
0
0
2 41 73
1 47
3 42 43 29
0
1 33
1 50
1 5
0
4 56 40 31 64
4 49 58 31 71
2 39 27
1 92
0
1 29
1 45
2 35 94
1 49
3 57 42 46
3 34 55 82
0
0
1 59
3 50 35 62
0
1 62
1 60
2 82 54
0
0
1 40
1 67
1 42
2 69 73
1 55
1 37
1 12
0
0
1 29
4 41 67 52 43
3 43 54 40
2 77 75
3 53 60 42
0
1 29
0
0
1 21
1 18
2 58 82
0
1 59
1 55
1 36
0
0
1 61
0
1 22
0
4 92 60 53 40
1 39
1 65
0
0
1 18
3 11 56 50
3 42 63 86
2 30 67
1 55
1 38
4 1 30 75 59
2 49 42
1 42
1 72
0
0
0
1 62
1 42
1 51
3 43 31 58
4 61 47 11 38
1 80
1 71
1 4
1 63
1 89
1 38
2 85 33
2 68 1
2 56 82
1 60
1 55
0
1 98
2 54 38
1 27
0
2 26 49
1 49
1 86
2 53 43
1 17
0
0
1 17
2 54 73
2 58 47
0
1 29
3 46 49 67
1 23
1 43
1 43
2 63 78
1 26
1 53
1 48
1 65
1 41
2 21 61
4 34 55 47 32
1 74
4 62 50 49 35
2 54 39
3 44 49 62
2 48 34
1 75
3 37 46 52
2 38 74
2 33 24
2 35 52
2 54 38
1 63
3 34 45 53
1 60
1 48
2 70 80
1 13
0
0
0
1 79
0
3 42 67 72
0
2 48 75
1 78
1 48
2 18 44
1 42
1 78
3 45 55 30
1 52
1 41
1 57
2 29 12
1 30
3 34 48 23
3 17 43 28
3 49 13 65
1 47
2 60 51
4 49 53 66 54
2 22 51
1 32
1 36
0
1 39
1 63
1 53
1 27
2 55 13
1 58
2 27 21
2 43 67
1 74
3 94 55 36
0
0
0
2 51 31
0
3 61 53 16
3 58 61 71
0
2 40 44
1 30
0
1 63
2 32 39
2 39 73
2 37 8
3 22 52 49
0
0
3 38 39 46
0
1 51
4 87 61 69 67
0
1 62
2 55 37
3 9 31 37
1 45
2 53 34
1 20
2 47 63
1 23
3 45 46 58
2 47 49
1 100
0
1 46
4 87 14 92 31
1 34
0
0
1 62
0
0
2 60 62
3 48 62 60
1 31
1 55
2 78 59
2 57 32
2 51 49
0
3 71 46 80
4 54 31 81 60
1 19
0
1 26
3 46 71 35
0
2 50 32
2 70 15
0
4 76 80 61 69
0
0
3 40 38 86
3 69 36 68
0
1 34
0
3 87 67 45
0
5 35 53 72 51 48
0
5 77 50 31 47 64
3 69 23 75
1 65
1 46
4 71 67 56 64
2 24 39
1 37
1 32
1 75
0
0
1 39
1 85
1 67
1 33
3 42 59 10
3 94 21 70
2 43 25
2 35 59
1 43
1 44
0
2 34 65
1 73
1 66
0
4 49 38 26 55
2 54 60
2 59 64
3 46 53 43
3 50 55 15
2 54 15
1 52
5 55 47 48 15 17
1 49
2 98 76
2 41 75
1 29
3 57 23 50
3 38 74 58
1 58
0
0
3 76 33 40
2 30 51
2 58 42
0
1 51
0
2 29 81
0
0
4 82 64 50 32
1 79
3 40 48 81
1 10
0
5 54 45 73 22 39
1 26
4 40 36 26 36
2 19 55
3 54 55 17
3 58 11 46
1 52
0
2 37 22
0
0
3 36 81 51
2 74 59
2 75 54
1 55
3 50 29 41
2 42 48
0
1 84
1 26
1 61
0
1 43
3 78 82 59
1 43
2 44 75
2 28 81
2 78 62
2 61 34
7 74 95 45 31 68 49 61
3 45 73 61
1 59
4 92 75 58 65
2 36 58
0
2 70 23
3 64 56 40
1 65
1 52
2 25 37
2 76 15
3 52 64 20
0
3 35 59 38
3 47 67 57
1 29
0
3 33 49 42
1 8
2 56 35
1 45
2 41 57
0
1 62
2 26 52
2 42 41
2 47 36
1 66
1 88
2 52 57
1 55
2 55 53
4 65 6 40 75
4 51 16 50 40
1 73
1 65
2 6 73
2 8 66
3 64 8 64
4 33 72 61 69
2 32 88
1 10
1 56
0
3 74 52 63
6 76 69 37 54 12 63
2 24 50
1 40
3 42 21 49
0
2 28 76
1 68
1 38
1 51
1 47
1 60
1 74
1 34
1 65
1 54
4 72 39 76 43
2 40 31
2 46 49
2 29 59
0
2 48 80
1 73
0
1 68
3 44 40 50
5 55 31 23 59 46
1 29
3 60 42 64
0
0
1 50
0
1 4
3 31 43 48
3 41 50 30
3 28 52 70
3 70 38 64
1 59
4 23 55 51 54
4 0 6 45 33
1 29
1 41
3 49 27 45
2 51 36
2 37 50
1 39
4 39 79 8 46
4 50 26 72 26
3 75 68 25
3 15 59 30
1 31
2 52 11
1 51
2 76 49
1 82
2 35 94
1 37
3 15 71 87
1 22
1 78
1 26
1 47
1 51
3 82 59 57
1 62
0
0
2 55 70
0
1 71
2 78 24
4 51 52 73 69
6 36 29 66 56 28 21
5 86 30 38 33 75
1 43
1 54
2 37 27
3 70 36 17
2 27 61
0
4 27 76 65 23
0
1 46
2 82 26
3 29 88 60
1 54
3 51 72 30
5 32 62 44 80 98
2 86 64
0
2 47 58
1 40
2 63 47
3 49 63 42
0
2 36 47
1 68
0
1 16
6 47 60 51 58 90 43
2 67 58
1 66
2 66 74
2 62 71
6 43 74 33 72 38 73
2 18 63
4 86 40 12 51
1 61
2 42 32
1 29
2 70 65
0
2 47 68
5 19 32 65 68 20
4 70 60 38 65
2 58 38
2 67 28
0
3 45 44 69
3 56 30 64
5 68 66 55 15 5
2 30 44
2 52 67
2 35 61
3 42 55 24
3 57 62 33
1 23
4 27 19 53 37
2 32 58
1 44
1 70
3 90 58 66
0
2 28 50
1 2
5 62 29 38 53 45
0
0
4 55 26 26 79
3 44 76 54
1 75
1 81
0
1 37
1 64
2 26 4
2 81 59
2 49 64
2 40 50
0
4 18 87 41 97
3 20 28 54
2 52 53
3 41 33 58
1 55
3 46 75 18
0
0
4 46 43 42 63
2 85 66
2 19 69
1 61
2 48 37
2 28 41
1 69
5 39 25 62 46 94
0
1 36
3 29 61 74
2 79 59
3 23 57 31
2 44 16
0
2 59 45
5 48 81 43 50 56
0
3 32 55 54
1 73
4 52 57 34 5
3 65 47 62
0
1 44
3 47 39 46
4 82 52 58 65
2 36 61
3 35 39 46
2 85 12
2 41 28
0
2 73 34
3 62 52 25
4 22 44 46 27
3 63 17 83
3 38 44 75
2 83 48
2 46 73
2 25 53
2 50 29
4 64 56 79 64
1 31
1 55
4 61 77 33 30
2 75 58
1 67
1 48
2 70 56
3 34 44 29
2 69 73
1 59
2 28 3
5 40 39 27 85 79
2 11 29
1 32
0
3 60 44 68
2 79 56
3 37 49 45
3 38 65 44
1 26
1 61
1 36
3 54 97 50
2 36 61
2 40 68
4 55 74 59 94
6 29 74 78 59 63 32
1 63
3 26 48 46
2 45 16
2 49 79
3 32 61 53
1 55
1 37
1 37
1 57
2 26 41
0
1 53
3 57 56 44
3 35 23 2
0
2 26 38
2 57 21
0
0
2 66 46
2 80 63
3 52 49 12
2 51 58
1 81
3 32 26 21
1 64
4 45 15 26 80
5 17 71 27 94 54
3 29 55 32
1 28
4 27 74 52 82
2 22 64
5 17 69 38 50 35
4 38 45 46 89
3 47 67 19
3 54 60 55
3 58 51 74
3 38 40 29
1 59
4 39 45 42 39
2 60 28
2 73 59
3 96 75 37
0
1 22
0
1 51
2 72 18
0
1 37
0
3 50 35 50
3 38 52 34
3 37 27 60
3 36 32 48
0
4 44 23 74 34
1 20
2 54 56
1 25
3 65 52 53
2 32 59
4 56 64 73 56
3 17 62 67
4 46 43 69 32
3 54 37 45
3 57 49 25
3 66 93 41
3 8 39 47
2 47 47
6 25 58 40 91 92 33
2 52 92
5 42 41 58 36 90
0
2 60 31
4 40 50 46 74
2 24 51
1 33
4 87 32 42 38
3 61 26 53
0
2 46 65
1 34
2 34 65
2 29 41
2 60 33
2 61 8
1 24
3 40 38 25
2 58 48
5 43 38 87 45 41
1 51
3 67 45 69
2 45 29
0
2 54 47
4 53 31 65 54
3 28 19 98
1 62
4 96 37 41 72
2 86 64
3 40 33 71
0
6 49 85 42 36 68 58
3 62 65 71
4 75 25 55 29
1 59
2 42 50
3 32 34 28
4 53 50 65 45
1 64
1 38
1 43
2 39 55
0
2 80 37
1 30
2 35 42
2 37 26
1 40
3 62 40 42
3 13 96 32
1 28
2 42 47
3 25 34 45
4 38 70 50 90
0
2 54 63
4 47 27 34 42
2 38 19
1 5
2 42 42
5 55 55 31 64 64
2 32 43
2 65 58
2 69 50
4 97 71 83 32
1 57
2 46 15
1 41
4 37 66 29 20
1 36
1 53
3 36 86 38
4 37 60 68 66
4 49 34 24 70
0
2 46 45
3 66 58 45
1 88
2 54 50
2 70 96
3 54 69 53
2 79 40
3 69 72 34
3 43 64 49
2 64 48
3 33 65 32
2 64 47
3 76 51 35
1 53
3 32 17 51
2 37 65
1 39
1 40
6 46 58 18 54 34 21
6 33 37 15 87 93 52
4 50 12 38 25
4 62 71 52 44
1 45
3 41 34 39
3 40 40 68
1 59
4 48 23 54 39
2 41 33
2 65 13
2 55 57
4 80 37 13 34
4 77 40 68 47
1 54
1 37
1 25
1 39
2 45 86
0
3 59 48 66
2 63 74
1 47
1 78
4 16 65 35 53
2 51 74
1 54
0
0
4 9 31 41 82
0
3 39 42 48
1 47
6 57 63 62 40 53 77
6 27 48 85 44 36 29
3 31 50 58
3 80 17 51
4 18 79 33 81
5 40 77 62 40 75
2 67 89
3 71 59 52
3 49 86 76
3 43 34 20
3 46 53 67
2 38 77
1 39
3 62 29 56
1 56
2 61 48
0
3 69 38 51
2 72 26
2 68 50
4 34 64 50 42
2 89 65
1 40
1 45
3 71 59 61
2 32 29
0
4 26 60 28 51
2 50 71
5 60 52 74 51 48
3 29 76 56
1 62
1 38
4 63 48 39 38
0
3 5 28 43
2 68 72
3 64 58 41
1 65
3 17 61 26
4 21 39 61 57
4 79 62 27 25
2 91 27
5 38 65 47 42 31
1 35
2 45 31
2 62 41
2 22 2
5 49 67 24 31 38
1 60
1 51
1 39
1 52
3 35 82 68
1 73
6 52 57 55 69 68 67
2 42 58
2 78 49
2 55 51
4 56 92 46 35
4 72 23 43 91
0
1 50
2 84 16
1 40
3 56 23 36
3 49 59 25
2 61 41
3 37 33 24
2 75 68
2 68 79
2 91 51
2 47 59
4 66 63 52 69
2 52 86
1 23
2 62 41
2 58 82
2 44 48
5 68 61 49 7 67
7 74 72 79 16 85 66 63
3 54 60 56
2 54 62
3 43 46 54
4 64 78 18 19
1 42
5 58 81 68 70 32
2 83 52
2 90 69
2 42 74
0
1 69
3 20 89 34
2 35 84
2 41 55
4 41 12 16 27
5 11 33 52 52 44
0
2 74 64
1 74
5 69 88 53 44 20
0
0
1 84
0
3 51 76 51
1 8
3 66 58 77
6 47 71 25 26 23 43
0
4 44 38 53 51
6 79 59 58 82 33 49
0
1 18
3 55 44 33
4 65 58 66 46
5 63 76 56 50 25
3 50 52 50
4 41 53 71 20
4 32 82 41 57
4 54 37 4 40
4 45 45 46 73
3 65 42 60
2 54 22
2 37 75
2 32 33
2 64 53
1 27
3 32 76 77
2 56 13
3 42 57 63
4 92 8 52 55
4 13 74 69 37
1 19
3 34 59 75
1 71
0
2 56 49
1 16
3 61 39 58
3 28 66 51
1 55
1 21
3 61 11 64
2 65 61
3 63 70 51
2 83 22
1 64
4 28 61 14 46
2 49 14
4 75 14 53 44
3 39 66 53
3 59 50 53
1 78
1 47
1 43
2 74 27
3 47 34 59
4 56 66 43 54
1 55
1 21
5 60 47 39 100 68
1 52
3 66 55 47
1 20
3 63 26 57
5 66 73 48 62 74
3 43 68 76
2 71 24
3 47 59 51
3 46 41 10
5 16 42 53 53 54
4 57 52 32 71
1 62
2 68 69
3 47 34 29
6 32 65 1 47 81 62
2 75 42
0
4 59 41 45 40
2 55 46
1 54
2 40 43
2 58 75
3 60 30 22
0
2 55 46
2 76 48
4 71 24 87 32
2 46 26
0
4 46 73 69 61
1 37
0
3 53 6 77
0
1 64
3 55 86 9
1 26
5 50 58 61 85 87
2 23 62
5 29 28 72 42 52
2 60 17
2 67 25
1 56
1 83
4 50 30 39 58
0
2 53 58
5 46 43 26 54 9
2 47 67
1 33
5 49 48 18 42 17
3 90 50 58
1 18
3 75 65 55
2 71 91
5 73 66 47 74 43
5 78 33 42 39 16
3 77 72 63
4 63 25 77 45
2 40 61
2 32 54
3 33 60 66
1 17
1 58
2 23 56
6 67 51 21 34 41 40
4 45 79 72 48
5 43 9 70 58 40
2 64 63
1 56
3 35 58 40
1 48
2 46 51
4 29 67 49 41
3 39 35 45
1 24
3 42 40 57
3 62 36 20
3 38 75 47
1 33
1 50
1 11
2 79 33
3 40 44 40
5 41 46 64 65 53
4 50 40 22 35
4 66 69 40 71
3 41 44 17
2 30 46
2 40 46
3 66 81 54
5 45 79 69 52 39
3 17 85 54
3 46 63 34
2 38 62
2 65 59
0
4 79 51 33 67
0
3 55 48 67
1 47
5 62 69 65 42 67
2 42 54
1 70
5 52 38 66 44 26
2 37 32
3 48 79 80
4 41 61 66 53
1 58
4 38 48 59 70
0
1 48
1 69
3 61 62 65
2 61 41
1 53
1 61
2 53 60
3 95 33 44
2 23 65
5 44 60 67 44 12
2 38 55
0
3 59 16 35
1 45
6 72 49 75 96 62 50
1 22
4 39 86 40 57
4 33 74 27 25
5 42 48 38 34 67
3 73 5 14
6 86 50 72 98 69 42
1 22
2 63 93
1 73
3 36 65 19
3 24 41 66
0
2 38 55
1 67
1 77
2 53 61
0
3 69 81 78
3 39 26 54
5 43 79 36 77 53
3 81 84 59
3 65 15 61
2 69 25
3 44 15 56
4 11 36 43 73
2 41 46
2 84 21
3 27 96 44
4 33 59 38 24
6 63 42 66 71 57 48
2 48 57
0
5 41 37 66 67 59
6 62 46 64 41 73 52
4 36 73 50 33
0
4 70 55 53 59
1 63
1 55
5 61 63 82 29 21
2 33 56
3 40 51 57
3 87 49 54
2 48 63
6 54 51 39 57 29 15
1 65
3 71 52 44
2 45 32
2 64 50
3 70 66 62
1 52
0
0
1 55
2 45 9
2 60 24
4 63 67 7 42
0
1 33
4 77 33 51 36
2 48 53
3 90 56 9
3 69 52 84
2 44 26
3 35 20 67
3 51 76 67
0
3 51 79 41
3 42 54 36
3 74 37 26
2 50 48
1 60
3 44 54 82
2 56 59
3 74 22 3
4 57 64 59 54
2 36 58
1 59
1 81
5 59 33 34 41 29
5 33 61 60 77 23
1 72
3 45 63 13
3 39 38 67
3 36 33 47
4 66 24 57 68
0
2 65 46
2 71 56
1 61
4 16 61 69 17
4 53 50 65 77
1 55
5 68 15 56 60 20
3 20 61 18
4 62 69 38 36
4 38 60 50 49
3 72 29 50
6 57 29 40 47 57 42
3 47 24 61
3 85 73 39
2 51 28
6 78 55 26 55 60 43
1 44
4 67 52 42 59
1 26
1 50
1 67
1 61
0
2 61 92
3 39 34 58
1 13
3 29 25 68
1 64
2 69 45
2 40 58
2 94 18
4 48 38 68 43
1 56
2 82 44
1 65
4 34 71 68 17
0
1 70
3 56 64 72
1 26
4 23 75 47 17
2 38 18
2 50 48
2 44 29
4 58 42 36 80
2 79 48
0
2 51 3
1 59
5 84 36 26 63 44
5 46 29 65 48 40
2 44 77
3 17 16 58
1 36
3 48 42 49
4 66 15 51 14
1 51
2 50 66
5 51 64 25 48 64
1 19
3 70 41 38
4 56 80 76 16
4 45 47 72 67
1 86
2 68 69
5 25 35 23 63 52
2 67 71
1 48
2 35 45
2 39 62
6 54 55 73 39 33 66
0
1 52
1 67
1 59
4 20 43 68 43
1 53
5 60 48 32 99 33
3 72 63 45
0
3 38 68 44
4 28 46 47 22
1 55
3 77 80 48
5 53 43 49 57 71
2 49 26
3 41 57 48
2 40 31
3 69 75 60
2 19 61
5 39 82 76 0 48
4 68 72 50 34
3 63 42 41
2 35 85
2 33 28
1 68
2 18 32
2 71 34
2 44 24
3 26 61 46
1 45
2 77 32
3 40 61 80
0
3 4 90 70
1 41
2 20 42
2 40 73
2 79 52
6 28 85 12 76 44 38
1 10
1 29
4 52 21 39 16
4 28 31 67 24
3 61 82 44
4 58 67 29 42
3 64 10 36
7 25 72 45 36 37 35 38
3 43 13 53
3 79 30 45
0
4 55 76 42 29
2 53 44
2 53 36
2 61 66
2 32 58
2 70 46
0
3 66 47 76
2 34 52
2 55 52
6 25 51 20 61 68 52
1 48
2 63 27
2 76 71
1 52
5 79 37 50 54 52
2 59 37
0
4 27 100 95 29
2 64 70
4 47 27 50 33
1 47
3 28 53 58
3 62 66 52
0
4 64 72 63 47
2 63 64
2 67 34
3 52 42 74
1 72
2 61 75
1 44
3 60 48 39
2 67 67
4 69 61 11 81
2 81 13
0
5 58 16 27 29 61
5 47 46 26 31 67
3 66 24 26
1 73
6 60 73 53 40 28 47
1 27
2 60 36
2 50 41
1 49
1 45
0
3 75 46 37
3 72 20 23
3 49 44 56
2 56 38
7 28 24 63 49 12 70 91
0
2 47 50
6 13 45 37 64 41 41
1 43
3 32 59 63
3 42 51 3
2 57 80
3 36 27 36
2 77 47
2 47 54
0
2 58 13
3 47 60 51
0
1 27
2 34 29
2 68 61
1 37
6 90 32 63 54 55 49
1 33
0
3 44 42 40
1 60
1 69
5 68 39 57 60 64
6 39 24 7 5 34 44
4 70 44 84 71
3 41 77 28
2 14 58
4 61 59 61 48
5 65 78 67 81 45
6 43 41 18 75 62 47
2 50 37
3 68 44 38
4 50 50 44 20
2 30 69
3 44 57 45
1 82
4 74 7 51 37
3 60 54 31
2 47 79
2 45 74
1 55
0
3 54 26 55
0
2 51 45
4 34 34 88 23
2 62 68
3 57 51 57
2 68 64
0
9 66 43 59 59 46 35 69 60 47
1 44
1 48
1 33
0
2 78 29
1 34
3 50 68 52
1 66
3 94 89 49
1 2
3 63 31 59
1 57
2 47 25
3 45 55 47
1 14
1 78
3 52 64 24
0
3 68 33 41
4 31 63 71 53
3 14 76 48
0
3 62 58 53
1 46
3 32 51 66
1 88
6 55 36 57 28 52 85
1 36
1 55
2 53 49
1 68
3 50 66 36
1 66
2 33 41
1 75
1 74
2 47 57
2 57 47
4 57 51 23 68
2 53 28
2 44 29
2 61 53
2 13 76
3 42 35 47
7 53 31 72 30 53 60 67
2 61 53
2 43 35
3 11 17 37
0
3 53 55 50
5 34 54 73 60 22
4 47 30 50 84
3 50 62 51
1 43
6 35 80 1 28 57 58
2 39 40
1 66
3 49 85 29
3 10 48 53
2 21 28
2 32 49
0
3 43 54 43
2 43 9
0
1 41
6 75 20 8 71 55 71
0
1 43
1 61
3 50 61 26
4 55 63 38 44
3 41 32 23
2 63 56
1 54
2 52 54
1 91
3 44 21 57
1 21
4 83 15 11 75
3 28 45 72
1 69
3 49 81 76
2 49 2
0
0
2 70 58
4 57 65 75 53
1 79
3 37 85 34
4 26 66 45 19
3 64 48 57
1 44
4 58 12 64 36
1 47
5 53 47 43 40 37
0
2 37 40
1 34
4 39 15 31 96
1 51
3 53 76 97
1 85
5 46 60 47 56 45
2 41 26
2 37 72
2 52 11
2 83 95
5 65 77 37 38 45
1 35
2 62 32
2 73 35
3 35 78 43
0
3 64 50 61
3 42 64 52
0
2 29 43
1 49
2 33 45
3 76 51 85
2 30 41
3 81 74 81
0
5 35 47 73 70 34
1 85
6 55 40 57 44 51 34
2 79 75
3 29 37 62
2 20 55
2 31 15
4 34 48 46 46
2 47 30
3 70 34 50
0
2 67 54
1 57
3 60 61 36
1 25
3 55 28 46
2 40 53
1 30
2 26 64
4 31 74 52 75
5 67 17 46 24 61
2 59 44
1 41
1 49
1 57
2 59 84
3 75 32 46
5 10 20 71 62 72
2 72 94
1 41
5 12 22 25 52 69
2 57 6
1 63
1 53
2 72 59
2 90 23
2 62 38
3 50 69 52
0
4 76 72 40 44
3 56 54 39
2 52 32
4 33 13 44 30
3 83 40 66
0
2 99 46
3 61 63 70
1 36
3 34 70 58
3 36 71 46
3 71 62 45
3 65 80 61
3 6 87 42
2 29 45
1 28
3 22 65 27
2 44 53
1 55
3 67 46 52
0
2 65 51
2 46 54
0
2 72 45
2 35 67
1 48
4 53 71 54 45
3 53 39 24
1 66
3 59 39 43
4 45 48 81 59
2 50 59
3 69 56 14
1 53
5 35 57 81 12 59
0
3 38 59 36
1 33
0
2 45 56
0
3 58 31 78
3 9 69 21
3 47 30 56
1 47
2 31 54
0
3 25 49 52
3 45 11 54
2 74 74
6 49 34 33 45 68 41
1 83
1 66
2 49 61
1 72
1 72
2 38 62
3 43 38 48
2 40 25
0
3 21 18 31
3 38 62 33
3 54 23 75
3 61 47 55
2 32 89
5 37 82 54 36 50
2 65 48
2 42 40
0
0
3 36 37 49
6 54 91 62 65 77 61
1 51
4 14 55 64 80
6 72 44 57 62 83 52
1 25
2 86 40
2 9 23
2 49 56
3 44 59 21
4 48 56 78 24
2 65 42
2 61 44
1 30
1 51
1 31
3 73 73 54
3 61 27 51
1 31
4 79 68 51 49
0
1 41
2 59 46
2 74 62
0
1 46
4 52 49 19 31
3 35 48 32
4 31 73 27 82
5 41 62 60 27 57
1 63
1 34
2 51 80
1 82
1 48
1 39
0
1 52
1 62
1 30
0
3 67 65 59
3 46 36 18
3 65 98 77
0
3 66 71 68
0
2 45 58
2 60 51
2 79 54
3 21 49 54
2 56 39
2 31 52
0
2 51 28
3 87 68 59
2 75 41
2 56 34
3 42 51 55
1 44
3 20 61 49
4 45 50 52 42
4 51 65 60 6
1 71
1 36
4 64 49 33 57
3 37 45 27
1 34
6 35 54 20 30 75 38
1 63
0
2 44 51
2 76 54
4 59 61 52 59
1 42
3 67 74 37
0
2 60 35
0
4 59 10 67 37
1 49
1 74
0
3 41 32 20
2 50 52
5 58 74 23 48 50
0
3 63 29 61
5 73 38 82 53 5
0
1 74
2 36 32
1 19
2 74 34
4 51 49 42 47
2 74 29
3 45 58 31
2 70 53
0
0
2 21 44
3 60 33 40
1 14
2 51 61
4 63 64 72 35
0
3 48 49 15
1 58
0
1 34
1 52
3 42 46 19
2 50 24
0
1 52
2 30 45
1 28
5 30 41 37 26 48
2 64 54
1 74
2 65 34
1 35
2 46 59
3 50 73 81
3 72 49 26
1 12
0
4 47 36 58 38
2 83 2
1 44
1 54
1 64
1 63
2 61 95
2 49 47
3 43 42 30
5 81 6 80 45 74
3 25 56 34
3 61 73 34
5 27 34 36 26 42
1 62
1 34
4 64 84 43 44
1 30
0
3 67 53 39
3 50 49 9
3 28 38 47
2 80 44
2 26 54
3 21 29 18
1 28
2 65 64
4 70 64 81 45
3 28 85 83
1 62
0
2 59 29
0
1 55
0
2 42 90
3 37 62 49
1 51
2 46 28
1 63
1 81
0
4 54 61 84 77
1 78
1 60
1 57
1 59
2 32 36
2 32 69
2 17 61
2 74 52
2 29 55
2 44 42
1 73
0
0
2 42 51
2 49 32
2 61 43
2 58 36
1 71
1 39
2 74 88
1 26
1 85
1 21
2 88 54
2 62 30
3 27 89 45
3 47 48 39
1 24
1 36
1 86
1 66
2 46 87
3 40 43 61
4 45 37 48 18
2 37 45
1 49
0
3 36 43 51
2 21 65
2 49 20
1 63
4 67 44 10 58
0
1 55
3 54 25 84
0
4 53 87 56 62
3 29 42 60
1 59
1 41
0
3 71 66 54
4 34 54 29 40
3 61 55 67
1 49
2 67 36
2 44 15
1 21
3 48 62 67
1 69
2 15 48
0
1 71
1 31
1 62
1 32
4 33 81 56 70
0
1 40
2 27 57
3 32 47 45
3 59 67 86
0
1 12
1 25
4 35 59 60 37
3 58 27 7
2 72 43
2 76 74
4 48 78 39 44
3 36 59 51
5 48 51 48 47 20
2 26 40
1 53
2 45 22
2 87 64
1 43
1 38
0
1 28
1 57
1 41
2 7 29
0
1 33
4 94 44 33 21
1 43
1 78
1 41
1 67
0
0
2 54 47
2 55 60
2 22 67
1 51
1 94
1 34
3 57 82 62
2 75 66
1 27
4 55 54 24 77
1 61
4 80 62 47 63
2 38 66
1 43
1 56
3 45 76 57
0
1 55
2 59 43
2 40 39
1 53
2 60 66
2 56 75
1 10
2 67 64
4 35 36 69 60
4 15 63 53 61
1 43
0
2 44 32
2 43 58
1 45
2 28 71
1 92
2 33 64
0
0
1 44
2 39 52
1 57
0
4 39 38 57 32
0
0
3 56 50 40
0
3 35 39 69
5 66 21 85 68 44
4 50 89 16 61
2 53 42
0
3 46 57 67
2 36 48
2 38 46
1 57
3 66 20 50
0
0
1 13
1 73
0
1 63
0
2 32 45
2 88 34
2 78 46
2 25 43
1 49
3 48 62 80
1 44
1 68
4 63 52 49 62
2 30 17
0
0
1 57
0
2 51 40
1 57
2 24 78
2 96 53
1 64
2 82 51
1 53
0
1 25
0
1 38
0
0
1 33
1 30
0
2 90 84
3 41 34 31
1 20
4 31 44 69 33
0
3 40 25 63
1 57
3 67 52 57
1 43
1 38
1 75
1 61
3 26 77 35
2 52 53
3 61 27 63
0
1 52
2 11 44
3 47 50 73
3 36 44 68
0
1 94
2 66 51
1 54
3 33 48 70
0
3 78 38 71
2 59 52
1 67
3 29 78 47
4 69 50 39 75
1 56
0
0
0
1 88
1 43
0
4 76 20 69 12
1 44
3 60 20 69
0
2 54 76
0
0
2 78 27
2 40 73
2 74 66
5 35 65 37 45 63
1 59
4 45 9 99 19
2 39 38
0
0
1 17
0
1 38
2 35 59
1 77
2 53 46
1 66
2 66 36
0
2 58 36
2 59 37
1 28
2 65 56
3 60 30 69
0
0
0
4 48 29 33 33
2 25 42
1 69
1 32
4 56 55 51 32
1 51
1 9
0
1 34
1 46
1 49
1 25
0
1 54
1 80
1 34
2 54 53
3 47 29 73
1 46
0
2 85 76
0
3 50 51 39
0
1 79
2 40 41
1 78
2 39 45
1 48
0
0
1 33
1 63
0
1 31
1 38
1 39
1 58
1 62
0
1 11
2 54 72
0
3 51 53 51
1 80
0
2 78 69
1 51
1 91
2 48 47
2 29 60
2 26 48
2 48 47
2 21 52
0
2 69 38
1 75
0
1 58
0
1 74
1 60
0
2 33 84
3 44 78 37
3 69 28 72
1 32
1 17
4 28 68 81 63
0
2 50 64
2 56 37
1 43
1 22
1 73
1 62
2 23 91
3 53 46 37
2 15 36
0
4 69 30 41 27
0
2 27 70
0
0
0
2 53 33
3 49 55 42
1 47
3 26 41 70
0
4 59 58 63 64
0
1 56
0
3 2 38 50
1 57
0
2 47 40
1 23
1 58
2 65 30
0
2 59 77
0
2 39 34
3 38 67 22
0
3 57 75 49
0
1 84
0
1 46
0
1 47
0
1 45
0
1 59
0
0
1 50
1 21
1 33
1 51
1 50
2 21 20
3 31 29 54
3 70 11 47
0
1 49
2 46 73
2 54 38
0
1 57
0
1 53
1 54
2 68 46
0
4 25 60 33 43
1 34
0
2 92 61
2 20 54
1 75
2 74 19
2 34 71
1 76
0
0
0
1 65
2 92 51
0
3 59 75 43
2 70 73
1 58
2 63 36
0
2 44 31
0
0
1 34
2 71 47
1 12
1 82
2 49 18
1 44
1 13
1 62
2 20 26
4 43 48 43 74
0
2 41 16
0
1 54
0
0
1 88
1 74
0
1 71
0
1 50
0
3 35 54 64
0
0
4 36 57 56 47
0
0
0
2 51 55
0
0
0
1 40
2 63 43
0
1 68
2 55 57
3 61 45 41
1 70
3 24 46 28
1 3
3 60 23 68
2 34 73
0
1 63
1 40
0
1 9
0
3 74 50 41
0
0
1 28
1 19
2 20 18
2 63 14
0
0
0
1 45
1 60
1 65
1 30
0
2 68 36
1 54
1 43
0
3 60 14 52
1 43
2 85 63
0
0
0
0
2 68 68
1 27
0
3 49 40 51
2 47 37
3 16 22 52
1 49
0
1 42
0
1 44
0
4 36 63 71 55
0
1 64
0
1 78
1 37
2 58 59
1 100
0
1 73
1 20
0
1 30
0
1 39
0
2 16 46
1 88
0
0
2 78 42
0
1 8
0
0
1 70
1 65
0
2 27 37
1 66
0
2 50 79
1 41
0
1 41
1 48
2 40 77
0
0
4 87 10 74 5
1 43
1 49
0
2 48 38
0
1 43
1 37
0
0
1 61
1 92
2 63 61
0
0
2 33 51
4 57 24 58 47
2 47 39
1 60
1 19
2 49 43
1 48
0
0
0
2 79 25
0
0
0
0
1 81
0
0
2 69 29
0
4 55 46 35 17
1 21
0
1 7
0
1 47
0
0
0
2 30 57
2 64 60
1 27
0
0
1 53
0
0
1 36
2 17 29
4 47 72 57 65
1 54
0
1 70
1 40
0
1 73
0
2 65 42
0
1 53
1 41
0
1 56
1 33
3 68 62 42
1 39
3 9 21 90
0
0
1 60
0
1 27
1 34
0
1 11
0
1 58
0
1 49
1 71
3 77 35 62
0
0
2 81 60
0
0
0
2 93 39
1 54
0
2 41 36
2 41 68
0
0
0
0
1 45
0
0
1 5
1 53
0
0
0
0
0
1 37
0
1 9
1 68
1 9
3 43 42 80
0
1 41
1 40
0
1 9
1 55
0
0
2 32 43
0
4 39 9 44 52
0
2 67 66
0
1 35
0
0
2 44 40
0
1 67
1 75
0
3 46 36 48
1 24
0
1 22
0
0
0
1 39
2 11 23
1 42
0
0
1 64
1 56
1 69
0
2 49 52
1 81
0
2 31 48
0
0
0
0
1 77
0
1 56
1 53
1 41
0
2 44 51
0
0
0
0
0
0
2 77 24
1 79
2 51 27
2 78 51
1 49
1 26
0
0
1 48
2 38 43
1 63
1 57
0
0
1 32
0
0
0
1 49
0
0
0
2 47 28
0
2 44 54
0
0
0
0
1 46
1 50
1 58
0
2 18 50
0
0
1 12
1 77
1 15
1 60
2 4 30
2 34 44
1 37
1 21
3 47 50 63
2 85 59
0
0
0
1 42
0
0
0
0
3 21 64 64
0
0
1 58
1 43
0
2 45 50
0
0
0
0
0
0
0
1 60
0
1 53
1 64
0
0
2 63 58
0
0
0
0
1 48
1 27
0
0
0
1 69
0
2 43 26
1 53
0
0
2 97 52
1 48
1 57
1 93
1 35
2 96 88
0
0
0
0
0
2 44 24
1 54
0
1 15
1 57
1 19
0
0
0
0
0
0
0
1 47
0
0
0
1 62
1 60
0
4 75 58 80 24
0
1 71
0
1 70
0
0
1 77
0
1 33
1 96
0
1 49
1 65
0
0
1 40
0
1 71
0
1 56
0
0
1 84
0
2 89 53
2 81 76
1 48
1 47
0
1 73
0
1 58
1 60
0
1 38
1 43
0
0
0
0
0
2 66 57
0
1 44
0
1 64
0
2 44 50
1 59
1 66
0
0
1 55
0
0
0
0
0
0
0
0
1 54
1 21
0
2 45 64
0
1 58
1 77
0
2 41 78
0
0
0
3 36 64 1
2 76 39
0
3 26 65 43
0
0
0
0
0
0
0
0
0
0
2 61 76
1 65
1 18
0
0
0
1 19
0
0
0
1 77
0
0
0
1 42
0
1 51
