3600 4
2 59 59
4 51 53 80 40
2 75 92
3 60 93 60
2 52 49
4 63 56 26 35
2 70 66
4 75 20 25 25
2 70 42
4 59 58 31 23
1 65
2 76 64
2 54 72
2 35 57
5 46 67 28 30 17
2 54 65
1 69
1 30
4 67 37 56 71
4 45 68 52 45
1 31
2 49 67
5 45 49 68 58 48
3 79 59 56
1 59
2 47 38
1 28
3 58 48 30
0
2 42 46
0
1 95
3 58 13 38
2 52 67
2 51 43
2 75 39
6 36 35 39 48 82 39
4 70 32 86 60
4 49 42 47 83
4 0 28 81 52
1 67
1 56
2 32 49
5 51 60 35 26 58
4 81 67 62 42
2 80 38
1 1
2 66 48
1 62
2 37 48
3 77 67 76
3 55 65 19
0
1 26
4 54 53 14 67
4 74 22 70 66
2 38 48
2 42 34
2 43 47
4 41 26 59 47
0
1 57
2 46 28
5 54 3 62 70 35
2 38 92
6 63 32 62 54 63 45
3 69 9 40
3 16 56 46
1 67
2 2 33
4 19 73 27 52
2 90 59
3 57 79 48
2 64 36
3 35 62 21
2 80 61
2 32 43
3 11 71 37
2 55 53
2 25 45
2 59 57
7 39 26 45 87 25 66 66
2 57 17
3 54 59 38
2 32 86
1 34
4 52 18 35 69
2 12 59
4 58 58 49 37
4 24 60 76 52
0
0
5 43 58 46 33 41
2 63 63
2 11 41
2 10 69
4 50 62 62 58
3 49 39 67
3 19 41 65
2 36 56
3 53 57 56
2 57 42
3 94 64 15
2 70 54
1 26
1 65
1 50
4 40 39 57 42
0
2 58 31
1 60
4 67 70 48 71
3 63 62 68
2 63 48
0
3 27 41 74
2 87 60
5 59 44 46 28 93
2 39 64
3 74 43 79
1 65
2 49 52
0
4 17 49 68 73
0
1 15
3 82 44 68
2 67 40
4 47 62 31 60
6 63 63 48 22 46 47
1 45
4 59 24 49 43
3 70 50 21
3 44 63 36
5 61 74 64 55 69
2 67 77
4 24 79 44 43
1 21
3 82 90 22
2 19 76
5 43 73 82 0 49
3 55 7 62
1 66
2 83 86
1 49
3 38 44 79
1 34
1 65
1 69
2 44 14
1 55
0
2 59 75
2 72 55
1 43
3 15 26 52
2 17 51
5 14 27 55 37 28
4 46 73 51 34
1 50
0
1 34
5 60 69 52 35 48
5 53 57 78 54 22
4 86 54 45 88
3 86 50 68
2 57 75
3 28 30 65
2 72 60
0
5 91 70 43 38 70
2 73 52
3 57 33 72
2 25 18
2 27 49
4 35 23 53 42
1 45
5 59 64 72 86 36
3 55 54 21
1 58
5 11 64 44 75 51
2 32 45
1 48
1 33
0
3 15 88 67
3 65 56 67
4 34 36 29 31
2 41 73
2 25 24
1 35
2 56 48
0
0
3 38 50 21
1 49
1 41
2 49 53
3 35 83 34
3 43 69 100
4 57 75 50 64
4 62 66 77 31
1 36
3 23 74 32
2 87 41
3 20 67 43
4 33 42 40 61
4 60 52 49 52
4 54 37 40 73
2 43 52
4 96 33 81 54
1 64
4 61 83 100 62
1 63
4 49 70 52 41
1 19
4 87 38 26 29
1 33
3 52 60 76
3 75 23 48
1 34
1 52
5 50 43 47 33 28
1 20
0
3 20 52 29
3 55 47 34
0
1 40
2 3 58
1 40
2 76 66
3 52 39 48
0
3 54 29 23
5 52 61 74 88 56
1 63
3 85 57 66
4 73 67 65 72
5 61 74 41 58 28
0
2 68 48
2 67 32
1 83
4 28 75 52 75
4 69 29 76 64
1 41
3 77 40 27
4 55 68 54 83
4 46 47 14 35
1 79
1 34
0
2 23 50
3 62 32 39
0
2 31 37
3 29 59 59
3 62 62 74
4 27 71 65 48
1 58
2 51 54
4 78 51 8 31
0
1 50
4 52 18 54 43
3 65 56 66
2 64 20
0
3 23 45 3
1 44
1 49
2 62 56
2 41 49
2 27 47
6 19 38 68 59 77 27
5 47 44 45 34 11
5 68 23 44 61 34
3 37 72 89
1 80
4 39 51 64 47
1 42
2 54 56
2 46 18
2 75 42
2 65 80
0
1 45
4 55 58 19 78
0
1 78
1 62
0
1 50
5 45 21 83 66 50
2 43 28
2 58 43
3 64 52 72
4 82 3 56 49
2 82 54
4 41 36 87 63
1 38
1 53
1 45
2 83 35
3 26 52 82
5 55 28 55 52 52
3 28 10 51
1 42
3 57 58 58
1 62
2 33 68
1 40
3 66 42 25
0
2 56 72
1 86
3 49 51 44
5 62 62 56 36 37
2 55 36
3 53 68 54
2 75 57
1 69
3 79 38 22
2 66 51
2 70 67
3 64 80 5
3 59 40 24
3 20 33 57
2 52 53
2 69 35
3 77 57 36
2 55 46
5 48 61 61 48 53
0
1 56
1 80
4 62 19 71 44
5 43 29 30 35 56
1 25
2 31 47
1 42
2 53 61
4 68 81 51 36
5 26 42 48 51 60
2 51 58
4 58 85 59 66
2 48 81
1 24
5 78 70 68 69 48
2 59 38
1 57
3 32 76 18
0
4 50 50 38 57
6 25 42 45 34 78 66
1 51
2 55 73
0
1 27
1 47
1 45
3 74 49 40
0
1 44
2 46 80
1 71
0
2 63 63
2 37 58
5 58 69 50 22 51
3 39 53 97
0
5 58 43 43 53 35
1 61
1 33
0
0
3 43 55 31
1 53
3 40 66 24
2 51 77
1 24
1 29
3 33 59 67
2 40 28
0
0
2 58 60
3 13 62 56
1 54
2 60 57
2 26 51
2 62 37
4 53 61 62 47
3 70 29 58
3 34 34 22
3 46 42 72
4 78 43 68 22
2 71 34
1 61
4 53 53 71 80
3 41 34 43
1 44
2 55 35
3 44 43 42
5 49 41 61 60 54
0
1 55
5 70 24 43 87 80
3 42 53 53
2 31 63
1 30
1 56
4 77 61 49 38
2 17 47
3 48 33 72
1 63
0
2 53 54
1 47
2 92 74
1 47
4 35 35 74 32
3 71 42 57
1 20
3 78 50 41
0
1 45
3 57 72 50
4 45 45 50 78
3 69 62 92
3 37 14 49
4 30 25 33 45
5 62 24 18 80 45
4 63 76 52 70
2 23 34
2 36 23
4 55 55 49 56
1 78
0
0
1 28
1 30
7 68 38 74 40 66 49 46
1 79
0
1 38
0
1 53
1 51
1 78
6 41 34 36 78 31 44
4 55 33 79 60
1 58
2 71 27
3 50 27 29
2 47 58
1 33
0
2 38 54
1 53
3 22 21 46
2 88 49
4 54 60 44 65
1 54
1 43
2 33 68
2 67 95
1 41
5 93 51 59 32 74
1 58
4 70 58 35 71
4 81 24 31 72
3 52 33 35
1 41
1 60
0
1 65
3 49 36 84
5 65 53 74 77 65
4 47 80 42 51
1 21
0
3 24 47 36
4 43 53 28 45
2 81 41
1 75
1 23
0
0
3 71 30 77
0
5 27 75 50 17 66
1 15
3 46 38 68
1 72
3 14 64 35
1 67
2 52 40
1 37
2 41 69
7 48 81 49 24 82 47 49
0
3 65 55 40
4 39 60 48 58
0
2 47 62
2 77 41
0
3 37 88 66
1 39
0
3 74 19 61
2 82 22
2 61 49
5 50 48 50 47 21
2 23 73
3 64 69 8
1 46
5 57 8 16 51 37
3 22 68 9
0
3 27 43 20
0
1 43
2 53 32
1 36
3 37 100 64
1 36
3 32 30 28
0
1 53
2 80 20
3 28 24 61
0
0
5 81 66 32 30 15
0
4 30 61 31 48
0
1 36
5 41 65 86 45 63
5 56 64 58 48 27
1 69
2 61 63
3 71 30 26
2 24 23
2 57 61
1 50
4 68 35 76 79
2 13 91
1 17
1 57
1 75
1 31
1 55
3 11 30 66
1 63
2 62 48
3 41 60 78
2 86 55
1 40
2 53 23
3 59 27 28
2 37 28
1 59
2 49 34
1 40
0
1 85
1 64
2 66 27
3 53 34 64
3 44 43 51
1 67
1 39
2 44 63
0
2 39 49
1 33
3 37 85 26
0
0
3 24 55 76
1 37
2 24 53
2 45 54
2 31 75
1 41
1 73
2 41 49
1 71
4 58 37 35 39
1 31
2 66 77
1 53
3 46 49 52
3 79 11 52
3 46 61 62
4 89 51 87 36
2 42 38
2 80 63
4 54 45 59 51
0
1 72
3 42 25 18
0
1 47
1 47
2 51 30
0
4 16 70 39 66
1 66
3 47 5 78
1 52
0
0
2 62 38
0
3 56 44 25
1 54
1 55
1 54
1 52
2 36 46
2 66 37
4 42 39 46 42
2 66 33
0
1 45
1 26
2 14 74
3 82 40 52
4 52 39 44 23
3 66 15 67
2 27 66
3 98 66 89
4 66 71 59 75
1 71
1 35
2 41 15
1 78
1 53
2 36 49
2 41 61
3 64 43 48
1 71
3 45 55 61
0
1 56
1 55
0
1 56
5 65 66 11 74 46
1 33
1 34
2 54 33
1 90
0
2 61 52
1 61
0
1 4
0
3 45 84 72
4 56 68 52 40
0
3 59 45 31
2 34 20
1 71
2 44 67
1 30
1 28
2 13 50
1 44
3 65 42 62
4 36 50 40 26
3 48 52 60
1 43
1 19
4 65 37 42 50
2 61 70
3 77 54 58
1 51
1 37
3 90 17 63
1 75
1 47
0
2 52 99
2 23 42
3 69 60 54
2 61 42
0
1 26
1 77
1 39
0
2 80 61
2 39 13
2 56 34
1 42
2 1 11
2 18 64
1 74
4 32 58 65 51
4 86 49 80 90
1 13
1 64
0
2 47 54
2 33 29
1 17
2 18 44
2 53 62
1 61
1 97
3 30 59 67
3 28 77 13
0
2 43 80
1 32
0
4 60 55 4 74
0
3 95 85 42
4 41 65 44 92
0
2 62 83
3 34 31 29
1 32
0
2 82 31
1 47
1 48
1 26
1 57
4 67 78 47 57
1 32
0
1 40
2 48 43
1 43
1 32
1 74
1 41
1 59
2 55 54
1 62
0
1 54
1 53
2 60 33
3 74 42 23
3 5 97 61
0
2 96 53
2 61 37
2 59 63
5 67 62 56 47 35
1 59
2 28 54
2 47 67
0
1 72
2 94 19
2 27 84
0
2 62 46
1 26
1 67
2 37 39
3 55 72 23
2 55 65
3 53 27 25
2 79 62
3 23 43 34
0
1 51
0
0
2 72 60
1 50
3 58 60 82
3 28 98 31
0
1 50
0
3 39 47 43
0
1 77
2 58 28
2 36 38
0
2 34 50
1 39
0
2 72 27
1 67
1 45
3 41 80 19
4 78 27 66 67
4 16 80 39 74
2 69 51
2 38 62
3 75 82 86
1 95
3 76 61 83
2 64 22
0
0
0
1 53
2 72 56
2 46 29
2 45 40
1 19
3 28 30 34
0
2 27 29
1 51
3 65 61 50
1 66
0
2 35 68
3 43 69 60
0
1 43
2 77 37
2 22 40
0
0
1 45
4 64 50 66 44
0
3 14 1 73
0
2 57 55
0
0
1 74
1 58
1 49
0
0
1 42
3 32 24 43
0
0
2 36 44
2 54 78
3 47 74 39
2 47 75
0
2 50 63
3 63 47 28
0
2 60 52
3 81 33 92
0
1 17
2 40 60
2 36 70
0
0
2 56 29
1 31
1 50
0
1 51
0
3 54 38 44
1 80
0
2 79 63
2 39 69
1 47
0
4 53 33 63 67
0
3 61 49 34
2 47 53
1 83
0
0
1 37
3 48 23 57
2 70 33
1 70
2 0 56
2 42 56
3 46 51 76
3 41 43 75
1 56
2 43 51
0
2 51 38
2 48 51
1 40
0
1 45
0
3 57 50 28
0
1 63
2 48 48
2 19 35
0
1 58
0
0
2 82 18
3 30 26 36
1 43
0
2 75 59
7 59 45 46 40 57 44 54
2 84 55
1 48
0
1 49
0
2 55 89
2 33 25
2 36 39
1 68
1 20
0
2 79 60
1 40
2 51 47
1 93
0
0
1 14
2 71 15
2 55 94
1 66
1 36
1 50
0
0
0
3 30 73 77
1 52
0
1 27
0
3 61 15 48
1 30
2 42 28
2 39 58
2 44 73
0
1 50
1 56
2 33 65
1 67
0
3 63 47 60
1 51
2 50 67
1 74
0
0
0
1 61
0
2 63 30
1 70
2 50 61
2 65 74
0
1 56
0
0
1 55
3 25 23 58
1 33
2 38 38
2 10 52
1 87
0
1 41
2 31 66
2 71 81
1 72
2 27 45
3 27 50 31
0
0
1 50
2 38 27
2 54 60
2 85 57
0
1 91
1 57
0
0
1 45
2 50 57
1 43
1 17
1 18
0
1 36
1 34
1 47
1 12
1 79
1 63
1 54
1 56
0
1 60
2 66 12
1 53
1 37
2 24 62
0
0
3 52 22 38
2 52 8
2 30 51
1 53
1 33
0
4 73 25 22 50
1 79
1 59
1 52
1 28
3 64 16 54
0
0
3 49 96 52
2 90 17
2 33 26
0
0
1 46
1 28
0
0
0
2 41 57
3 22 53 32
1 73
1 4
0
1 44
0
2 24 44
0
0
0
5 77 15 64 35 85
0
1 61
0
0
0
2 48 47
2 45 48
0
0
3 37 61 54
0
3 28 40 68
2 60 43
2 48 44
1 57
0
0
0
0
0
3 45 69 62
4 8 69 61 58
0
1 71
2 51 71
1 42
1 55
1 54
2 29 31
0
0
0
0
2 28 64
1 22
1 77
0
0
1 51
0
2 55 33
0
0
1 48
2 59 72
1 50
1 81
0
3 58 36 57
1 61
2 39 67
1 52
0
1 45
1 44
1 54
1 16
1 66
2 24 35
2 37 23
0
0
1 54
1 62
2 36 60
1 12
2 81 73
1 53
0
1 71
1 3
0
1 51
0
0
0
2 53 54
0
0
2 63 52
0
2 6 58
0
0
1 51
0
1 74
0
0
1 70
0
0
1 66
1 36
2 24 36
2 32 70
0
0
5 39 38 52 74 35
0
1 44
1 56
1 69
1 59
1 28
0
0
1 39
0
3 40 43 60
2 51 66
1 72
0
2 70 87
0
0
0
2 49 60
1 52
1 46
2 51 54
0
2 18 52
2 69 51
0
1 52
0
3 65 54 65
1 9
1 43
1 45
1 61
2 43 50
0
1 68
0
3 37 60 77
1 40
1 65
1 66
0
1 69
1 75
0
1 38
1 54
1 28
1 81
1 76
0
3 44 33 37
0
1 49
1 40
0
1 59
0
0
0
0
1 42
3 60 43 66
0
0
2 31 52
0
1 53
0
0
1 36
0
0
1 72
0
0
2 25 76
1 33
0
1 10
0
0
2 18 86
0
2 74 40
0
0
0
2 53 13
0
1 60
0
1 86
1 45
0
2 29 53
1 92
2 42 31
1 35
0
0
0
1 23
0
1 40
2 40 30
0
1 84
1 54
1 26
1 28
0
0
1 56
1 80
0
0
1 88
0
1 80
1 61
1 57
1 44
1 36
0
1 49
1 76
2 33 40
2 64 55
1 56
0
0
0
0
1 31
0
0
3 57 39 42
1 81
1 79
0
0
0
1 22
0
0
2 23 51
2 35 78
0
0
0
2 30 68
0
0
1 41
2 37 31
0
2 70 35
1 63
0
0
2 51 74
1 70
1 35
2 66 25
1 19
0
1 13
0
1 52
0
0
1 70
0
3 53 47 28
1 70
0
0
1 7
1 61
0
0
2 20 14
0
0
0
0
0
1 39
1 83
1 48
1 50
0
1 9
0
1 66
0
0
0
2 61 46
0
0
0
0
1 1
2 37 23
1 36
3 64 13 80
1 30
0
0
0
0
0
0
0
0
1 32
0
0
0
0
0
1 16
1 92
1 88
1 31
0
4 65 33 32 52
0
2 42 22
2 43 35
2 58 74
1 68
1 8
0
2 28 14
1 34
2 57 60
0
1 49
0
0
1 53
0
1 30
0
1 49
1 70
2 43 56
0
0
0
1 15
0
0
0
0
2 19 58
1 63
0
0
2 20 38
1 78
0
0
0
0
2 49 42
0
0
1 38
1 61
0
0
1 30
0
0
1 34
0
1 40
1 40
1 48
2 38 52
1 62
0
0
0
1 67
1 47
0
1 44
1 46
1 82
1 34
0
0
1 29
1 49
0
0
0
0
0
1 55
0
1 23
1 77
1 58
2 80 64
0
0
1 59
0
1 63
1 37
0
0
2 34 52
0
1 58
1 47
1 58
1 81
0
0
1 38
0
1 83
0
2 59 66
0
1 71
0
1 61
0
0
1 70
1 43
0
0
0
0
0
1 66
1 82
0
1 40
1 42
0
0
1 61
2 54 64
1 50
0
0
0
2 50 29
1 67
0
0
1 57
0
0
1 89
0
1 71
0
0
1 40
0
0
0
3 52 75 49
1 30
0
1 46
0
0
0
0
0
0
0
0
0
1 37
2 47 87
1 53
0
0
1 51
0
1 29
0
1 60
0
1 42
0
3 46 86 55
2 61 64
1 56
0
0
0
1 11
1 91
1 47
0
0
1 73
2 22 35
1 66
0
0
0
1 69
0
1 54
1 55
0
0
2 66 64
0
0
1 56
0
0
0
0
0
0
0
1 40
1 59
0
0
1 66
0
1 27
1 57
1 88
0
0
0
1 75
1 75
1 71
0
0
0
1 49
1 28
2 38 41
0
0
0
1 67
0
0
0
0
0
2 68 57
0
2 73 59
0
0
0
1 80
1 59
0
0
0
0
2 70 43
0
1 57
0
0
0
0
0
0
1 44
0
1 64
0
1 88
2 67 28
1 39
0
0
0
1 68
1 34
1 77
0
0
0
1 82
0
2 51 77
0
1 38
0
0
1 6
0
0
2 46 50
0
0
0
0
1 57
1 59
1 57
0
0
0
1 65
2 53 55
0
0
0
2 93 46
2 58 66
0
1 69
0
1 64
0
0
1 37
0
0
0
0
0
1 4
0
0
0
0
2 41 36
1 52
0
2 40 56
1 54
0
1 69
0
1 42
0
1 31
1 50
0
0
1 69
0
0
1 64
2 44 50
0
0
2 13 17
2 69 31
0
1 41
0
0
1 43
0
2 50 5
1 47
0
0
0
0
0
1 14
0
0
0
2 14 30
0
0
0
0
0
0
0
1 35
2 80 54
0
1 57
2 86 29
0
0
0
2 0 24
0
1 46
1 46
0
0
0
1 83
0
0
0
0
1 84
1 64
0
0
0
2 28 63
0
0
1 65
0
0
1 86
0
1 86
2 33 46
1 32
0
0
0
0
0
1 26
2 80 63
0
0
1 80
1 37
0
0
1 44
0
0
0
1 48
0
0
1 44
1 57
0
2 52 54
1 29
0
0
1 28
2 39 77
1 34
1 32
0
1 15
0
1 58
0
2 39 45
0
1 52
0
0
0
1 25
2 75 64
1 90
1 30
1 37
0
0
0
0
0
1 48
0
0
1 56
1 60
0
0
0
1 79
2 48 57
0
1 52
2 31 89
0
1 49
0
1 60
0
2 44 65
0
0
0
0
1 48
1 76
1 94
2 32 49
0
0
1 71
0
0
0
0
0
2 69 42
0
0
2 69 48
0
1 62
0
0
0
0
0
0
1 69
1 54
1 65
0
1 78
1 41
0
0
0
0
1 43
0
1 35
1 66
0
1 86
0
0
0
0
0
0
0
0
2 58 68
1 78
0
2 36 57
1 27
1 59
0
1 49
2 37 58
0
0
0
1 21
2 71 57
0
2 73 59
0
2 34 49
1 75
0
1 42
1 52
0
2 75 20
0
0
3 35 48 84
1 37
0
2 32 43
0
0
1 44
0
0
0
0
1 23
0
1 36
1 67
0
2 17 37
1 52
2 35 42
0
2 38 49
1 62
2 30 41
0
0
0
1 57
1 50
1 49
0
0
1 34
0
2 45 72
1 45
1 24
0
0
0
0
0
0
0
1 22
1 26
0
0
1 60
0
2 82 58
0
1 56
1 58
0
1 55
1 28
0
1 79
0
0
1 47
2 44 50
1 19
0
1 37
0
0
0
0
0
0
0
2 56 52
1 45
1 56
2 29 24
0
0
0
0
1 27
4 51 79 61 67
1 14
0
1 50
0
0
0
2 66 59
1 62
0
0
0
0
0
0
1 46
0
0
0
0
0
0
0
3 21 38 54
0
3 57 41 12
0
1 12
1 57
0
0
0
3 65 47 54
0
3 94 48 38
1 9
0
1 80
1 21
0
0
0
1 34
2 76 62
2 73 52
1 58
1 57
1 48
0
3 70 62 42
0
0
1 39
1 43
2 31 50
2 35 22
0
0
2 29 57
1 32
2 75 43
1 68
1 61
0
0
1 35
1 42
0
0
2 39 63
0
1 78
0
0
0
0
1 54
3 68 68 9
0
0
0
1 43
0
0
0
1 67
0
4 52 64 98 57
2 38 79
0
0
1 31
0
1 28
1 63
1 17
1 37
0
1 37
2 55 76
0
1 71
0
1 54
0
2 55 70
0
2 62 58
1 49
1 72
2 38 45
2 44 43
0
1 75
1 71
0
1 64
1 26
0
1 52
0
1 44
0
0
0
0
2 32 39
0
0
0
0
1 54
1 23
3 61 67 33
1 32
1 37
0
1 68
2 82 31
0
2 44 57
0
0
0
0
0
0
1 31
0
1 10
0
1 51
1 22
2 42 37
2 74 32
0
1 35
0
1 9
1 52
3 33 50 59
2 53 19
0
4 64 34 72 53
0
1 47
0
1 48
0
0
0
3 52 68 80
1 76
0
2 81 13
1 28
0
1 59
1 79
1 84
0
0
1 71
2 51 67
1 64
1 80
0
2 39 47
0
1 34
1 65
1 13
2 25 34
2 57 49
0
3 73 53 47
1 89
2 43 58
1 10
1 49
0
1 44
1 73
0
0
0
1 66
1 42
1 49
2 43 70
0
1 71
0
2 64 40
0
1 57
0
0
1 31
2 44 21
0
4 39 32 23 55
2 56 55
0
2 73 77
3 53 75 13
0
0
1 28
2 53 42
0
0
1 40
1 6
0
1 25
3 74 32 52
1 50
1 69
0
1 83
1 71
1 38
2 83 87
0
2 65 38
0
0
0
0
1 51
0
1 59
3 33 50 44
2 86 53
0
0
0
1 39
0
2 40 77
0
0
0
1 61
3 36 43 54
1 67
0
0
2 59 53
3 32 56 28
2 81 68
1 71
1 81
2 27 28
0
1 68
2 48 56
2 66 71
1 35
3 76 68 0
1 33
1 72
1 29
1 41
2 44 43
1 64
3 76 16 28
0
0
2 55 73
0
1 58
1 58
0
2 94 55
2 46 70
0
0
0
1 60
0
1 37
0
0
3 77 38 17
1 26
0
3 65 62 79
1 32
0
4 56 26 21 56
1 23
1 36
1 59
4 59 49 39 51
0
1 58
2 65 47
0
0
1 67
2 64 24
2 51 46
0
1 44
4 60 36 53 65
2 14 46
1 39
2 39 58
1 71
2 46 65
0
0
1 90
0
1 54
0
1 46
1 39
0
0
1 38
0
2 17 47
0
2 64 33
2 48 75
0
3 73 80 71
0
3 41 21 49
0
1 78
4 51 36 16 46
1 40
2 32 55
1 61
1 57
2 53 60
3 30 80 99
0
1 17
2 38 40
1 77
0
1 61
1 60
1 61
0
1 76
0
1 43
0
2 46 37
2 15 68
1 53
2 50 35
2 62 41
1 57
1 9
1 36
1 63
2 27 52
0
0
2 48 35
1 37
0
0
4 44 13 64 42
1 57
1 74
2 76 33
0
1 61
1 40
1 47
1 24
1 55
2 16 51
0
1 56
3 41 62 63
0
1 47
0
4 55 68 57 57
1 75
2 78 77
0
1 41
0
1 34
3 74 70 66
1 55
3 57 74 80
2 69 50
1 69
0
2 57 5
2 57 22
1 54
2 93 61
0
3 48 57 50
0
2 24 71
1 56
2 55 52
0
1 64
0
2 78 46
2 22 84
1 63
0
2 51 56
0
0
0
2 67 54
2 32 60
2 50 56
1 71
1 47
0
2 35 63
0
1 65
3 34 62 45
2 57 42
1 29
1 63
1 48
0
0
1 60
3 16 23 41
3 67 22 46
2 49 33
1 20
1 74
2 14 74
1 22
0
3 40 54 50
1 87
0
3 30 38 85
1 11
2 36 43
4 54 31 92 38
1 55
2 44 53
0
1 26
1 70
0
0
3 70 49 62
1 50
0
1 56
1 42
4 44 46 41 73
2 31 58
2 61 50
3 37 61 38
2 10 86
1 42
1 61
1 16
0
1 61
5 49 61 38 48 55
0
2 38 77
1 56
2 69 50
2 72 55
3 40 54 48
1 37
2 3 35
3 68 72 78
3 55 87 52
0
1 72
1 57
0
0
0
1 58
0
0
1 37
4 50 57 23 67
2 61 27
2 26 43
0
6 21 39 44 48 91 47
2 73 49
0
0
0
1 63
3 41 34 97
2 31 40
0
2 43 65
0
2 52 60
0
2 70 51
2 35 61
3 38 57 66
3 41 69 26
1 48
2 40 51
2 44 69
2 44 22
2 53 76
0
1 66
2 29 73
5 43 68 72 34 66
1 48
1 86
0
0
3 78 43 30
2 30 75
0
1 62
2 30 69
2 36 88
1 8
1 18
0
1 57
3 53 51 34
2 50 49
1 60
0
2 69 44
1 66
2 35 41
2 51 82
0
5 8 64 43 38 42
2 91 16
4 64 75 66 58
1 78
2 35 67
1 65
2 30 17
1 61
0
2 86 80
2 77 75
3 55 34 39
0
3 63 32 40
1 77
0
2 77 57
1 57
0
1 61
3 20 53 39
0
0
3 82 28 74
1 31
0
1 59
1 53
1 64
0
2 63 49
3 65 23 55
2 53 56
0
2 32 46
0
2 45 70
0
2 21 47
2 70 20
2 64 54
2 58 63
2 39 38
2 32 86
3 50 83 74
2 60 59
3 54 58 66
3 45 56 47
1 34
1 76
1 37
2 76 63
2 80 35
0
0
0
1 65
1 50
2 47 29
3 60 48 20
1 42
0
1 46
2 49 52
2 62 54
2 46 62
0
3 80 65 61
2 53 48
2 52 56
2 79 53
3 16 62 60
2 81 27
0
2 36 78
2 25 42
3 36 52 51
3 34 59 16
2 76 33
1 80
3 27 90 48
0
4 51 58 41 33
2 49 79
1 43
1 39
0
2 8 38
1 69
1 98
1 58
2 57 70
2 62 52
3 51 47 59
2 28 37
3 36 82 34
1 61
1 53
2 88 47
3 51 43 45
0
1 62
5 37 39 46 37 35
2 67 62
1 41
4 37 32 45 52
1 51
3 82 65 80
3 34 11 49
2 56 60
1 59
2 38 56
1 63
2 24 54
1 22
3 30 67 12
1 48
3 72 61 65
1 33
2 31 81
1 39
2 49 78
2 51 30
3 42 42 52
1 43
1 9
2 49 52
2 44 41
2 85 46
2 60 48
1 34
0
1 48
0
1 72
0
1 79
2 59 26
1 45
0
0
2 28 43
1 47
0
3 55 31 78
1 84
3 8 64 80
2 77 36
0
1 61
2 54 46
2 46 79
6 62 31 47 58 65 45
2 50 56
1 35
5 45 91 39 70 52
1 55
1 41
0
3 72 34 2
3 70 31 49
2 42 72
5 62 35 50 47 48
0
0
4 56 82 16 45
2 34 91
2 88 69
1 37
1 18
1 42
3 52 63 52
6 66 53 59 67 40 18
3 52 28 33
3 55 37 46
1 47
4 82 43 42 45
2 78 61
2 56 93
0
4 50 65 90 52
1 88
1 61
3 11 49 52
0
2 88 49
2 57 76
2 74 6
1 36
0
0
1 43
3 29 37 79
1 76
3 24 86 61
3 41 44 49
2 74 33
0
2 70 27
0
0
1 15
4 62 33 68 26
2 35 58
1 50
1 49
5 52 91 66 61 79
2 80 44
1 54
0
1 55
3 89 25 56
3 29 58 43
2 41 87
2 35 50
3 38 38 44
2 68 43
1 21
2 55 65
0
3 58 26 30
4 47 69 87 35
1 49
0
3 68 53 77
2 28 56
3 80 28 79
2 39 65
5 50 47 35 41 26
1 84
1 55
2 76 90
4 70 61 21 54
4 11 22 49 45
2 35 58
0
4 31 49 60 22
2 46 79
1 69
2 27 42
3 48 25 66
2 38 83
1 61
0
1 89
1 72
1 67
1 26
0
3 24 31 48
3 51 64 19
3 44 21 54
0
2 23 30
2 70 51
5 58 94 71 62 18
2 70 65
2 76 53
2 37 62
0
3 18 28 51
1 39
3 54 46 75
0
2 53 79
7 41 17 22 82 25 31 46
4 99 64 71 87
3 56 61 98
2 51 59
1 58
2 86 59
3 56 84 60
2 90 67
4 81 48 29 78
2 75 49
1 23
2 82 41
4 53 38 48 19
2 64 58
0
0
1 56
4 71 52 52 36
1 60
1 54
0
2 52 80
2 29 53
1 64
0
1 80
0
5 50 51 2 74 56
1 58
5 17 52 73 26 53
2 58 44
2 52 41
1 75
1 19
3 40 12 39
1 53
3 62 47 69
0
1 46
3 39 92 74
3 72 26 55
2 99 61
4 30 67 48 51
1 5
3 74 89 54
1 68
2 33 57
2 40 68
1 73
1 51
5 49 23 39 49 36
2 37 19
1 80
4 94 30 61 52
1 30
2 36 95
2 52 84
1 35
5 76 34 90 57 44
5 68 30 34 42 59
2 56 59
3 65 37 64
1 27
4 47 37 33 57
1 37
2 85 36
2 89 72
2 56 59
1 48
1 71
2 62 70
2 29 49
0
0
3 65 52 37
5 39 38 45 82 55
1 61
3 31 36 69
2 39 63
1 48
3 36 37 71
0
2 57 52
2 61 84
3 52 38 41
4 39 71 36 33
4 53 34 53 43
2 49 78
1 72
1 60
1 64
3 21 59 44
1 66
1 53
2 40 21
3 45 45 58
2 55 21
0
1 52
2 44 53
1 62
2 69 58
2 80 71
1 34
2 58 28
2 62 90
4 63 69 40 41
5 30 52 29 49 24
1 53
2 54 56
1 61
0
3 76 74 33
5 66 35 21 22 51
2 17 64
4 47 41 50 70
1 58
3 46 51 56
3 40 81 31
4 53 56 47 41
2 54 28
1 2
0
5 90 33 24 68 66
1 39
6 65 21 56 30 59 72
0
1 68
2 22 86
1 39
2 54 35
2 24 61
0
3 2 46 34
1 60
4 65 70 69 37
0
2 36 8
4 17 49 37 53
1 27
6 73 57 58 91 68 7
2 24 31
6 57 74 20 41 54 35
2 41 36
3 38 38 36
1 35
1 61
0
5 0 59 32 39 33
1 97
0
1 18
1 68
5 64 18 26 52 59
5 33 3 74 42 52
1 39
0
2 8 48
3 25 88 77
3 33 53 31
3 79 77 48
2 31 48
1 57
2 35 62
2 43 60
2 56 24
2 19 46
1 5
2 34 53
1 39
2 65 36
3 63 56 35
0
1 53
2 49 59
1 44
1 72
6 44 41 22 89 61 13
2 37 22
1 66
1 47
2 36 40
6 50 55 82 44 84 54
2 96 65
1 43
2 33 37
2 57 51
3 42 69 37
3 78 31 52
1 89
2 70 48
2 71 65
6 60 42 37 25 46 44
4 27 77 49 87
4 50 46 37 26
5 45 42 46 79 12
1 69
2 50 80
1 38
3 53 40 63
3 95 97 71
1 37
0
2 71 24
2 6 54
3 49 39 78
0
2 49 62
2 21 94
4 56 97 57 44
0
4 62 3 46 38
3 41 42 41
2 60 58
1 44
6 50 46 51 64 83 22
3 58 72 43
0
2 48 70
1 56
3 55 67 63
3 35 41 26
3 94 65 43
1 28
2 86 86
3 51 26 37
0
2 53 72
1 24
2 41 16
1 54
2 17 43
0
3 79 56 61
1 30
3 41 21 47
1 72
5 69 45 30 49 84
3 26 53 43
4 60 25 37 75
3 71 21 50
5 52 62 61 74 64
4 55 45 40 42
1 83
0
3 56 44 44
2 45 59
2 41 64
7 66 38 45 35 52 70 65
1 65
4 53 36 5 58
2 39 6
3 73 22 34
1 50
1 33
1 6
0
1 74
2 64 49
3 48 51 47
3 35 25 71
5 49 43 64 42 33
3 29 41 58
1 75
1 45
2 59 61
3 74 38 85
4 75 36 25 44
2 46 92
1 60
2 62 70
1 79
1 46
1 65
3 64 23 73
4 95 57 45 38
6 59 44 67 42 99 36
2 68 63
3 36 56 39
3 42 92 60
3 45 50 42
3 65 38 35
4 31 36 57 88
1 80
2 39 25
3 75 70 70
3 60 29 54
1 27
2 41 47
2 32 9
2 53 68
3 43 68 31
5 83 65 59 40 89
3 63 33 50
2 53 63
2 57 43
5 67 87 42 59 15
1 50
3 83 46 48
4 57 18 75 21
1 34
2 62 51
2 51 69
1 67
1 71
2 38 46
4 34 47 74 16
2 62 68
2 72 26
1 51
1 56
2 27 54
2 83 67
2 55 30
0
0
2 44 32
3 51 72 13
2 45 62
2 56 45
1 32
3 59 49 86
2 34 70
1 29
1 17
1 61
3 25 40 53
7 59 52 67 25 42 55 60
1 58
1 52
1 38
1 60
3 44 63 73
4 37 44 63 22
5 46 40 66 44 67
3 56 58 21
3 57 27 15
5 18 62 73 80 61
3 12 25 35
6 56 53 17 62 46 50
1 40
5 56 76 9 40 73
5 45 53 33 49 38
2 62 38
1 38
2 71 43
2 39 33
4 65 35 69 60
2 61 74
0
1 48
4 67 27 40 34
0
1 45
2 50 69
5 39 55 59 46 55
2 75 69
1 85
3 94 56 55
2 62 55
4 66 88 49 54
0
3 23 43 25
3 67 57 54
2 91 44
1 48
2 21 57
2 52 60
0
2 34 30
1 38
0
3 68 55 15
1 42
2 15 61
3 71 45 55
2 48 22
3 56 50 56
6 4 77 8 70 41 44
0
2 33 64
2 34 44
1 65
4 41 51 41 43
4 49 55 28 28
3 43 24 40
2 74 69
0
1 70
0
2 41 48
2 63 47
1 48
2 48 31
8 39 47 85 35 57 53 47 68
1 65
4 50 58 65 6
3 41 67 30
1 59
6 48 26 37 66 40 92
4 32 68 2 65
2 47 51
2 25 69
1 69
5 35 65 35 56 43
1 37
5 64 35 76 56 39
6 41 31 51 86 54 50
3 41 72 66
4 41 58 62 77
4 63 27 65 26
3 41 47 29
2 60 47
2 29 65
3 44 69 71
6 62 46 37 94 29 66
2 51 71
3 25 72 73
2 58 24
1 51
5 39 51 46 37 44
2 60 54
1 62
2 53 31
3 70 71 78
4 76 54 60 64
0
2 61 61
2 64 37
1 54
0
3 64 35 33
5 50 38 52 21 46
5 59 58 52 23 53
1 52
1 65
3 65 24 64
2 2 97
3 42 62 20
6 59 19 32 88 36 17
3 87 76 32
1 75
1 42
4 12 43 73 63
0
1 23
1 22
2 78 56
2 39 16
2 49 61
4 50 61 58 16
2 27 46
1 47
2 28 27
5 69 36 65 83 75
0
3 34 89 65
4 41 61 9 67
2 26 39
1 37
3 63 86 50
1 60
3 43 46 92
2 72 14
2 58 34
2 73 44
0
2 58 62
2 72 55
4 39 45 72 69
1 46
2 65 59
4 2 46 61 22
3 69 19 26
3 61 45 55
4 84 77 54 27
4 42 47 43 39
3 84 38 59
1 35
2 35 37
3 46 55 29
1 67
6 83 53 66 22 16 63
2 60 38
2 28 55
2 52 51
5 52 71 61 29 37
4 40 55 46 52
3 84 60 16
0
2 22 30
3 50 35 76
1 63
2 53 67
2 35 37
2 35 45
4 81 68 93 67
1 82
1 17
1 21
1 62
3 44 58 73
5 71 53 51 49 35
1 78
1 21
0
3 50 35 26
7 31 20 43 31 17 23 53
6 66 59 52 51 73 3
4 57 53 38 73
3 41 36 56
1 11
2 28 70
5 62 44 59 68 87
3 67 43 21
2 63 18
2 94 54
3 63 47 34
1 48
1 76
2 37 70
3 93 34 40
2 59 38
7 50 30 52 58 51 32 37
0
3 22 67 77
5 59 73 19 64 73
2 59 41
2 26 55
4 55 16 41 25
1 56
2 43 29
0
2 71 35
1 42
0
6 17 34 33 34 48 80
3 76 50 56
5 31 84 51 62 78
3 59 17 44
3 50 81 22
4 43 26 52 89
3 53 74 43
3 40 54 24
2 32 81
4 47 17 33 73
4 49 61 37 29
6 28 49 75 34 42 29
2 47 59
2 36 52
0
1 52
4 28 48 50 63
3 64 17 45
1 34
0
2 46 41
2 45 69
3 54 72 71
2 31 44
2 28 68
3 76 79 54
3 46 49 34
4 87 56 38 73
2 70 60
3 45 55 13
6 44 36 65 50 63 43
1 30
1 35
3 68 48 29
5 67 37 25 58 65
1 24
4 63 36 65 60
4 70 44 72 47
1 40
3 59 67 51
2 61 46
1 44
2 74 56
4 60 80 45 59
3 61 52 14
3 62 23 48
3 93 42 82
1 34
1 82
3 47 54 47
1 16
1 59
1 61
3 2 40 31
2 30 57
2 59 43
6 53 58 65 28 56 38
1 62
2 58 55
2 64 41
1 36
7 31 37 15 55 54 38 74
2 71 36
1 53
1 59
2 62 36
3 61 50 58
3 77 41 21
1 63
1 52
1 36
2 20 29
1 89
3 46 33 17
2 58 41
0
5 64 40 58 43 49
3 20 46 93
0
3 47 51 46
3 48 44 33
4 7 79 22 75
5 67 34 79 35 77
2 44 67
2 47 28
3 44 27 35
3 82 72 74
1 33
4 33 40 68 52
1 32
2 56 93
4 85 39 77 52
4 54 33 58 53
3 49 53 38
2 23 62
1 68
3 79 54 39
3 48 27 57
1 44
4 28 65 74 22
2 57 62
1 22
4 62 64 49 63
0
2 40 91
2 39 87
3 51 63 35
4 73 59 26 50
2 30 84
0
5 21 44 52 4 64
2 59 28
3 24 47 25
0
2 46 70
0
3 77 46 32
2 39 46
3 65 38 59
1 35
1 39
0
1 26
4 68 32 42 55
5 49 41 65 67 29
0
2 33 57
1 47
2 55 36
2 38 67
4 51 47 69 78
6 31 46 33 27 60 49
4 62 50 73 47
3 69 93 62
4 63 51 80 50
3 82 46 69
4 36 28 31 53
3 65 40 60
5 43 48 68 64 49
6 67 90 59 37 56 49
3 49 95 44
2 55 53
6 94 69 61 15 59 45
2 80 63
3 26 63 45
3 56 36 53
2 35 77
1 44
1 54
1 84
0
3 45 45 35
3 68 82 80
4 53 59 31 27
2 22 11
2 21 59
1 57
0
3 42 34 76
0
1 56
2 31 34
4 80 81 66 41
2 47 72
4 46 62 35 29
3 28 37 58
2 52 20
2 43 41
3 36 2 68
3 34 47 54
2 60 23
3 37 6 70
4 75 46 22 58
2 14 52
3 63 69 75
1 38
1 92
0
2 59 53
3 62 60 57
7 23 51 33 30 60 60 14
3 75 61 23
1 39
1 52
2 33 57
4 43 80 68 42
2 41 65
4 19 79 23 42
2 77 48
3 39 46 21
1 25
5 68 54 33 37 55
4 40 32 56 70
2 72 89
1 31
3 54 45 44
1 8
1 11
3 52 63 56
2 30 71
1 63
1 63
2 34 91
2 51 40
7 43 79 29 46 41 60 24
2 61 49
5 47 80 40 67 22
4 53 43 55 53
2 56 45
1 45
1 45
7 43 37 75 54 75 65 44
0
