3600 4
0
0
1 97
2 53 62
0
1 49
0
0
1 83
2 41 49
1 37
0
1 51
1 4
2 25 62
1 69
0
1 64
0
0
1 80
1 42
1 76
1 47
1 40
0
0
0
0
2 34 44
2 52 35
0
1 63
0
2 32 74
0
0
1 56
1 75
0
1 67
0
0
0
0
2 50 53
0
1 56
1 50
0
2 38 16
0
0
1 40
0
0
3 70 16 59
1 57
2 54 67
1 60
0
1 64
0
1 45
2 44 82
1 61
2 31 23
1 55
0
0
1 44
0
1 58
2 49 42
0
0
1 4
0
3 94 73 27
1 28
1 35
1 30
0
0
1 53
1 48
0
0
1 82
0
0
1 30
1 43
1 29
2 51 63
1 61
3 52 30 72
2 74 56
1 57
0
0
0
1 26
0
0
0
1 13
0
0
2 33 32
1 24
0
0
0
3 15 67 28
2 42 77
0
2 27 37
0
0
2 67 61
3 55 61 100
1 79
0
1 44
1 75
0
1 86
1 48
1 57
1 80
1 29
4 9 56 79 66
0
1 34
0
1 61
1 40
1 70
0
0
0
1 43
1 71
0
4 7 29 46 48
0
0
1 48
0
0
1 53
1 50
1 64
1 64
2 58 34
2 94 22
1 35
1 37
0
0
1 33
0
2 36 65
1 71
0
0
0
1 48
0
1 45
1 56
1 26
3 52 62 54
2 37 37
1 4
2 53 67
1 62
1 53
1 59
1 20
0
0
3 52 85 52
1 48
0
0
0
0
3 53 64 41
0
0
1 68
4 28 41 38 63
0
1 55
2 31 65
0
2 47 35
1 2
0
1 54
1 66
1 10
1 11
1 55
0
1 44
2 43 43
1 38
2 63 46
0
0
0
0
0
1 67
1 65
1 54
2 45 54
2 61 62
2 29 52
3 99 48 30
2 54 52
3 40 57 54
2 74 40
1 41
1 58
1 67
1 53
0
1 45
0
1 75
2 43 41
2 34 75
1 29
1 49
0
1 41
0
1 73
0
1 21
0
0
1 45
2 21 83
1 87
1 64
2 22 35
2 66 30
1 65
1 50
1 52
3 72 35 2
0
1 35
0
0
1 62
2 47 67
0
2 48 64
1 72
1 54
2 33 54
0
3 55 18 33
1 60
0
2 57 65
1 39
2 25 57
0
2 64 42
2 55 98
1 46
0
1 38
1 49
0
0
1 43
2 71 36
2 48 50
1 38
0
0
1 56
1 9
0
0
1 45
0
1 22
2 19 46
0
1 44
1 72
0
1 71
0
6 46 44 62 58 31 46
1 28
0
0
1 21
2 39 10
3 54 55 65
3 51 29 38
0
1 9
0
2 50 47
2 36 67
5 32 28 89 81 39
0
0
0
0
1 44
0
2 14 24
3 44 30 52
1 88
3 28 55 53
1 64
1 45
0
0
1 39
0
2 16 55
1 42
0
2 51 63
1 64
1 64
0
2 40 37
0
0
2 43 41
1 21
1 70
2 58 77
0
1 44
2 53 34
2 47 59
2 23 57
2 52 33
3 77 68 51
0
1 69
1 58
3 12 41 94
2 36 48
2 55 16
1 34
2 17 56
0
3 21 33 62
1 56
1 32
0
1 18
1 66
1 86
1 41
1 59
2 72 21
1 77
2 56 54
1 70
1 24
2 63 59
0
1 10
1 31
0
1 40
1 46
0
3 32 50 49
2 19 34
2 58 55
1 64
1 36
1 71
0
0
3 68 61 27
1 41
3 35 56 56
0
2 73 62
3 43 76 73
1 78
4 75 72 52 61
2 53 31
1 70
0
0
0
0
0
2 85 92
1 37
1 65
2 55 23
2 54 61
2 79 75
0
3 63 48 81
2 54 55
2 21 61
2 58 54
2 27 66
0
0
1 30
3 65 46 14
2 61 60
1 61
1 31
2 49 55
2 63 82
0
1 21
1 87
1 61
2 62 31
1 21
1 58
1 18
4 54 70 89 5
0
3 28 55 59
0
1 51
1 72
1 37
2 67 47
0
0
1 30
2 55 30
2 31 38
3 57 68 40
2 40 37
4 42 55 20 25
0
0
0
0
3 59 29 32
0
3 19 4 6
2 86 45
2 35 40
1 98
3 55 30 26
0
1 30
0
1 23
2 31 52
4 60 44 54 64
0
5 27 40 48 23 46
1 73
0
3 80 54 50
3 82 44 80
2 57 46
0
1 20
1 29
1 47
2 43 86
3 52 39 52
1 58
0
1 61
0
1 44
1 79
0
2 38 27
1 6
2 46 56
0
4 54 27 87 48
1 91
1 37
1 26
1 29
1 48
1 78
2 36 24
0
0
3 42 29 83
0
4 22 16 37 30
4 59 36 55 46
1 31
1 38
2 32 40
3 16 64 72
0
0
1 40
3 39 19 33
0
3 53 57 59
4 40 55 41 60
3 71 85 31
3 40 42 11
2 46 75
2 70 34
1 58
1 49
0
2 51 53
1 22
3 58 59 47
0
3 29 53 52
4 62 51 58 45
1 51
1 77
0
0
2 51 53
2 38 45
0
1 12
1 82
3 52 27 53
4 64 12 55 39
0
1 97
2 60 71
3 75 48 48
1 46
0
1 50
1 65
3 46 71 60
0
2 50 69
1 43
2 56 70
0
3 66 17 81
1 90
1 57
1 52
1 56
1 16
0
1 34
3 37 51 78
2 22 41
4 61 56 65 62
1 36
1 72
1 53
0
2 76 74
5 29 52 51 92 44
1 41
0
2 94 62
0
0
2 40 56
3 52 49 30
4 66 93 28 58
4 39 37 46 43
2 83 25
2 48 15
1 24
1 48
0
0
2 45 56
2 40 53
2 55 36
2 42 51
1 57
0
1 40
1 35
2 14 54
1 76
0
2 64 78
5 39 54 62 38 30
3 60 21 30
4 44 44 60 46
0
1 35
1 55
1 88
1 37
1 75
2 73 34
2 76 33
1 57
3 85 52 53
3 76 55 71
3 57 30 47
1 32
2 41 78
2 77 30
1 79
1 59
3 35 40 34
3 54 66 67
0
2 63 81
1 29
4 31 44 45 57
4 24 87 51 28
1 40
0
3 16 85 47
1 46
1 55
3 89 75 25
1 49
1 41
1 63
1 57
2 45 62
1 61
2 61 55
4 68 57 70 20
1 58
1 40
0
0
1 49
5 47 37 31 38 83
1 34
5 61 36 38 69 44
0
1 47
0
1 43
0
1 68
1 39
1 29
3 48 63 19
4 53 48 47 25
1 48
2 57 41
2 40 54
2 65 52
1 66
2 68 67
3 61 54 48
3 30 46 75
2 44 43
1 69
2 24 63
4 76 52 38 29
1 97
1 70
2 51 54
0
0
2 65 45
5 46 54 54 80 38
1 60
4 76 40 58 72
1 41
2 31 35
3 23 66 49
2 71 53
1 66
3 98 61 66
2 32 43
4 53 50 32 68
3 30 52 51
0
0
1 46
2 26 37
2 35 58
3 18 36 62
2 50 74
3 5 43 28
5 58 34 44 36 77
2 60 44
0
1 57
1 83
2 24 34
1 47
1 47
3 48 61 21
0
1 64
1 73
0
2 64 50
2 65 62
2 44 46
1 58
3 80 45 67
6 65 78 39 57 62 80
1 59
1 37
3 39 50 18
0
1 60
4 43 38 20 4
3 54 82 53
2 76 34
1 42
0
2 36 52
2 43 45
0
2 54 32
1 37
1 45
4 63 45 60 59
5 50 46 16 26 36
2 47 41
2 28 30
2 43 77
1 36
4 64 53 41 27
2 26 61
0
2 96 37
0
2 59 54
2 48 62
2 45 39
0
1 48
0
2 57 45
2 50 37
3 0 49 67
0
3 53 71 62
3 81 34 50
3 64 28 45
3 77 50 54
4 32 23 46 81
1 80
1 48
2 74 43
0
4 51 62 39 7
2 62 60
0
0
3 93 28 27
2 68 59
1 66
1 52
1 44
3 54 62 44
5 53 73 39 19 57
2 55 56
1 55
3 19 55 71
1 68
1 22
0
1 38
4 73 72 31 38
0
3 60 62 15
1 75
0
2 40 29
4 67 22 57 30
4 45 40 44 79
3 31 58 42
3 51 69 86
3 45 41 43
3 30 61 55
2 62 51
3 55 52 73
2 76 45
2 41 78
3 27 66 60
3 31 88 54
2 52 53
2 11 43
1 69
1 57
2 49 2
1 82
2 61 75
2 79 85
1 29
3 89 82 49
1 39
1 15
2 32 32
2 33 42
1 56
2 43 65
4 46 55 63 51
5 45 66 65 52 33
2 54 82
3 59 54 0
1 67
3 37 52 93
0
0
2 85 53
2 66 11
0
2 90 63
3 70 81 50
3 50 51 64
2 54 64
1 52
4 54 62 52 56
2 62 63
0
1 35
4 63 22 35 45
3 37 65 29
2 47 53
1 65
2 50 44
1 50
1 58
4 50 38 38 65
0
3 37 35 53
3 73 28 72
4 40 46 24 82
2 28 80
1 2
2 60 18
3 82 38 46
3 89 55 87
2 20 72
1 6
1 57
3 55 33 70
0
2 93 54
0
0
4 77 52 47 54
2 68 54
1 52
3 51 80 1
2 25 66
1 63
2 59 17
4 39 59 51 39
2 36 55
1 71
2 63 25
2 54 41
2 56 42
1 53
0
2 39 45
0
4 71 47 58 51
2 29 66
3 25 56 71
2 39 75
4 50 56 30 31
2 73 46
1 57
0
1 10
3 74 30 33
1 28
2 54 95
6 43 61 95 46 20 47
4 61 48 40 88
4 63 67 69 89
2 58 83
1 73
1 43
1 67
3 29 45 34
1 36
0
4 15 46 0 26
4 73 58 55 78
3 30 20 39
1 29
1 21
1 64
2 63 43
4 32 56 46 49
3 41 100 49
0
2 11 32
4 31 46 45 59
3 60 49 47
3 36 29 32
3 67 80 51
5 34 56 63 45 46
3 67 44 23
1 59
0
2 89 70
1 56
1 26
1 33
3 57 45 44
2 24 69
4 29 54 14 44
4 26 17 64 36
5 37 50 54 48 57
5 65 85 67 38 69
5 43 25 61 61 81
1 49
4 58 63 72 57
2 49 64
1 56
1 80
1 55
0
0
1 71
4 80 82 72 47
2 55 37
1 90
3 29 35 36
3 16 73 65
2 0 17
2 31 46
2 51 55
1 39
1 69
2 40 86
3 61 41 38
2 59 36
3 54 48 41
2 48 29
2 57 14
2 21 42
3 44 46 65
2 32 29
2 42 40
2 46 62
1 77
3 40 27 17
3 56 24 77
4 76 48 70 59
3 61 62 55
2 47 18
0
2 42 16
1 22
1 57
0
3 15 51 50
1 10
0
1 67
0
4 62 51 78 91
2 68 35
3 70 85 58
1 29
6 43 65 51 77 49 98
1 23
3 80 62 63
3 45 62 65
2 38 48
4 53 60 57 35
5 65 71 70 24 73
3 35 73 71
2 8 81
2 62 44
3 6 54 79
1 76
2 59 49
3 53 62 66
2 73 92
3 40 30 66
1 59
2 33 41
3 73 54 22
2 46 77
2 65 45
4 44 59 59 41
3 63 79 69
2 55 28
1 48
3 69 74 44
2 64 30
1 36
1 27
3 76 44 44
3 67 36 68
3 63 43 53
1 53
1 68
4 31 39 39 60
3 31 25 46
2 30 62
2 45 93
2 27 37
5 80 76 20 74 32
1 44
1 48
2 47 53
6 13 24 28 55 48 48
3 35 35 86
0
6 41 6 43 71 37 49
2 24 26
3 69 68 47
0
1 58
1 26
3 48 59 58
0
4 41 35 86 35
1 52
4 32 36 35 38
2 40 55
2 33 70
0
3 62 75 22
1 63
1 34
1 37
1 28
3 82 46 68
3 51 15 57
1 64
1 8
1 76
5 54 34 59 67 86
2 56 59
2 62 50
2 47 47
1 34
2 35 12
2 68 15
3 48 22 73
4 7 18 32 69
2 60 53
3 46 42 62
2 60 19
2 87 29
3 31 88 47
5 49 65 14 53 23
0
4 36 51 76 87
2 49 60
1 11
4 49 65 67 28
1 16
3 58 45 80
1 73
2 62 23
2 49 49
2 68 43
4 62 54 54 51
6 67 54 42 43 45 61
3 50 50 53
3 69 84 77
1 18
3 35 58 61
2 83 36
0
4 44 82 67 82
3 52 15 38
5 63 72 39 25 61
3 76 67 15
1 56
0
3 43 80 76
2 82 73
1 55
4 29 57 36 67
2 33 50
3 99 45 83
0
5 37 64 50 76 6
1 75
3 22 97 86
0
3 50 67 43
3 30 35 39
0
0
3 90 76 1
5 49 74 75 28 46
2 32 23
0
1 53
4 46 16 39 60
0
3 53 22 71
2 48 58
3 19 20 42
1 61
4 60 63 39 55
4 55 44 42 61
1 38
2 54 95
1 61
2 49 49
2 58 48
2 53 50
2 72 71
4 68 61 35 65
5 73 66 59 42 75
3 93 34 63
2 41 43
4 61 64 28 16
1 30
4 52 58 59 70
2 98 12
2 38 40
2 43 39
3 63 62 55
2 56 37
2 41 61
5 70 67 76 73 47
4 33 13 88 76
1 50
3 65 43 49
0
2 66 40
2 42 48
0
1 87
1 55
1 63
3 20 80 4
7 53 94 38 92 50 44 67
3 30 36 67
1 63
0
3 62 59 52
5 77 41 65 50 43
3 17 55 60
3 54 43 53
7 45 50 50 41 69 45 35
1 42
3 45 84 51
1 51
3 56 45 34
4 23 58 28 40
1 42
2 21 59
2 54 52
2 56 62
1 93
4 43 69 33 19
2 48 52
5 51 61 57 50 19
0
2 72 54
1 31
2 53 57
5 47 87 43 81 61
1 56
4 40 53 72 86
3 56 32 30
1 39
3 45 59 42
1 19
3 37 48 40
2 41 25
3 39 41 37
3 65 35 4
2 78 61
4 44 48 69 59
5 42 60 87 55 50
0
3 51 37 65
4 45 55 5 26
1 39
2 75 50
1 55
2 31 58
3 12 63 61
3 55 10 30
5 51 10 31 23 43
3 70 34 64
2 40 38
0
1 41
3 48 80 46
4 28 72 36 60
5 30 49 49 5 12
1 42
4 66 53 49 54
2 46 48
0
0
1 64
4 70 50 52 38
1 21
3 45 0 46
4 32 36 50 31
2 51 72
1 48
1 43
4 28 54 45 42
1 75
2 59 39
4 21 84 76 67
3 72 54 20
2 54 65
1 47
3 31 80 46
5 40 54 15 52 47
5 36 65 26 62 44
1 28
0
5 25 57 48 29 44
2 16 39
2 33 48
1 33
4 57 47 5 33
3 35 40 55
0
0
1 11
2 48 41
2 65 65
2 71 43
3 40 30 26
2 42 47
3 66 48 37
2 59 55
3 60 64 40
4 26 62 84 86
2 49 60
2 35 76
4 56 57 92 43
1 51
3 35 14 83
3 61 19 61
2 39 66
3 77 33 35
4 88 49 44 69
1 3
3 68 32 62
1 53
1 14
3 54 53 40
3 52 54 61
5 61 68 87 31 23
3 58 30 62
4 48 65 17 52
6 30 84 22 36 49 46
0
4 77 17 67 15
3 39 48 49
2 68 89
1 62
0
4 34 55 61 62
3 74 34 58
3 65 45 50
3 53 61 61
1 74
1 65
2 35 30
1 54
2 45 80
1 50
1 56
3 47 42 38
3 67 61 71
3 60 53 71
3 63 60 66
3 51 22 61
0
6 60 59 63 41 50 62
3 48 17 70
3 54 36 54
4 39 65 25 54
3 61 52 65
2 57 18
4 47 5 63 38
1 81
2 31 38
2 24 98
2 65 19
3 39 56 49
3 52 30 79
1 28
3 35 10 20
1 22
7 56 92 46 60 48 62 68
5 81 75 38 60 29
1 75
5 33 47 43 32 75
2 41 56
3 40 72 47
2 60 43
2 53 97
2 47 46
2 38 99
4 84 51 42 75
1 69
4 69 56 22 38
3 64 30 23
1 64
2 58 37
2 55 34
1 60
1 56
4 32 43 51 48
2 35 45
5 72 32 31 45 26
1 63
4 43 37 60 71
2 54 60
2 26 55
2 27 24
6 37 76 98 16 52 31
1 45
1 55
3 43 53 47
2 73 35
0
3 28 41 7
1 32
2 17 51
1 68
0
4 58 68 54 40
1 62
3 56 69 87
1 79
4 85 32 46 32
1 34
6 7 95 29 32 64 92
2 59 62
0
2 55 36
1 46
3 77 36 70
3 58 60 57
3 46 55 67
2 41 85
6 36 43 39 77 62 38
2 67 65
9 43 57 31 57 56 57 64 60 60
1 75
1 71
2 62 7
6 46 49 53 45 46 18
3 32 20 22
2 53 38
1 51
1 88
0
3 19 26 51
3 24 33 46
1 33
2 30 61
2 54 62
3 66 63 59
1 85
2 52 34
3 40 31 47
0
2 52 31
2 31 86
2 59 65
1 11
2 30 45
4 41 58 55 26
3 38 70 53
1 19
2 71 59
4 72 55 40 51
3 75 58 77
0
5 3 32 26 64 10
4 48 61 54 69
5 21 11 73 33 63
2 69 30
2 50 42
2 75 71
0
5 21 65 43 44 71
3 39 38 43
4 36 44 72 28
2 28 49
2 63 61
1 17
3 25 64 62
3 74 50 49
4 35 38 50 54
4 80 61 92 50
4 78 61 75 39
1 43
4 46 38 86 18
3 51 28 32
1 39
2 52 48
3 51 49 51
4 49 47 75 65
4 27 93 24 65
4 78 46 15 15
3 67 17 58
0
6 76 64 61 72 33 21
1 49
0
1 73
0
2 56 34
2 51 73
3 55 45 13
4 42 48 53 8
3 49 59 61
2 27 37
2 34 74
4 61 37 45 75
4 44 41 17 82
4 46 89 69 45
0
1 39
3 67 55 37
1 37
2 46 64
1 62
4 35 54 18 74
2 26 70
7 50 61 0 25 44 15 54
1 76
2 55 51
4 41 59 35 71
3 65 44 58
2 59 78
7 47 57 25 52 36 51 48
1 26
2 22 37
3 57 22 67
2 83 10
1 56
1 61
0
4 26 58 28 52
1 55
3 60 62 38
1 56
5 54 64 58 49 28
4 61 37 61 49
4 60 33 72 32
3 9 80 64
2 42 7
3 29 74 74
0
2 37 52
2 61 47
3 67 53 41
1 49
1 60
4 94 42 52 54
2 72 42
4 63 54 72 74
7 50 87 35 58 39 48 41
0
1 47
4 61 44 0 56
6 68 48 79 71 58 38
2 47 52
1 98
3 50 56 21
0
3 16 81 45
2 46 74
2 58 69
0
4 37 75 17 68
3 52 21 38
1 28
3 32 44 37
0
1 49
3 73 9 60
6 25 23 43 61 30 50
5 50 57 59 51 49
3 63 23 84
2 70 80
2 54 8
1 14
2 50 57
6 68 40 59 60 74 29
4 68 71 51 63
1 50
5 37 49 73 43 72
4 29 58 34 32
0
2 62 54
3 90 60 31
2 39 39
3 63 32 94
0
1 46
2 42 51
2 43 76
1 38
4 39 77 58 55
4 76 43 58 39
0
1 55
1 66
4 40 17 77 68
2 71 48
1 72
3 90 16 54
3 88 44 58
2 81 35
3 41 62 69
2 61 31
4 36 76 50 46
4 68 76 38 80
1 47
1 77
0
3 18 82 45
5 11 46 37 15 30
3 40 25 51
3 56 69 48
2 85 47
5 52 36 54 53 78
4 33 49 56 28
3 62 69 48
2 55 46
1 26
1 56
0
2 70 49
2 64 44
1 73
2 79 40
1 31
4 36 41 64 52
2 37 44
2 68 28
7 76 61 60 85 46 26 27
1 44
5 26 68 53 53 71
4 33 58 77 48
3 79 61 18
5 48 47 52 71 65
2 25 35
2 41 98
4 26 98 46 37
2 42 25
3 76 35 57
1 23
2 14 88
5 51 73 69 66 64
5 82 57 48 50 56
4 31 48 71 46
1 22
5 37 33 86 21 60
0
0
3 67 69 35
2 34 26
3 47 51 65
2 18 62
3 59 42 37
2 71 71
4 57 37 61 36
2 70 23
4 24 76 47 22
1 48
4 60 53 43 34
1 92
4 34 44 53 43
2 33 55
0
3 69 45 42
4 36 22 41 6
1 51
2 43 71
3 28 75 69
4 41 25 60 30
6 42 24 38 75 47 64
2 50 48
2 56 42
2 33 30
0
2 61 64
5 44 47 67 41 76
2 76 29
0
3 43 43 44
3 53 44 39
3 78 63 51
1 15
0
3 37 53 42
4 55 30 58 38
2 25 35
2 58 69
2 55 68
5 48 54 69 47 83
1 85
3 59 64 33
2 67 45
1 23
2 70 38
1 52
7 74 54 46 39 56 43 25
2 42 78
1 36
2 83 50
4 68 39 58 50
5 16 38 96 63 60
2 40 65
0
3 73 78 63
2 76 81
2 47 38
4 22 39 56 48
1 48
0
2 60 47
0
2 49 78
3 68 49 9
6 42 52 47 83 56 34
4 55 52 65 75
1 59
3 13 33 21
3 38 86 16
0
3 32 81 40
7 46 46 61 78 46 44 96
0
4 61 88 63 41
1 50
3 5 63 46
1 49
3 32 83 64
2 39 54
4 42 26 52 45
0
2 33 32
4 72 78 63 39
1 55
2 33 72
2 63 38
0
2 24 31
2 52 57
3 64 73 71
0
2 29 25
3 80 54 53
7 66 43 30 32 35 51 36
2 26 55
2 51 65
3 20 58 57
1 46
1 52
0
3 63 56 58
3 54 54 33
2 73 76
3 50 42 61
0
2 33 48
2 43 62
3 33 9 86
1 16
4 19 66 47 70
2 25 89
2 51 36
4 74 80 94 35
4 42 74 55 38
3 51 86 51
1 61
0
3 8 52 27
4 67 83 57 85
2 47 48
4 77 32 58 69
3 41 73 79
3 77 55 38
5 62 57 82 74 53
3 65 41 26
1 69
3 21 59 62
4 48 45 69 67
1 64
1 41
2 75 44
7 15 3 23 30 37 41 45
4 32 47 52 70
3 78 14 42
1 68
0
0
2 62 82
3 78 42 29
3 83 50 49
3 85 29 53
0
2 67 35
2 49 62
1 39
3 57 48 31
5 58 13 79 17 64
3 16 56 39
1 58
2 41 17
2 69 77
5 48 56 59 39 24
2 66 53
2 39 58
3 22 35 45
3 77 82 77
0
6 58 10 48 23 50 38
0
1 37
3 28 37 42
4 16 57 42 47
2 50 49
0
0
3 64 66 59
0
4 26 69 61 50
2 50 50
1 31
2 45 72
1 59
3 40 29 48
3 72 57 50
5 69 51 60 79 50
2 42 31
1 57
1 41
3 61 69 38
4 45 74 67 82
3 87 53 20
2 63 56
1 39
1 90
2 54 48
2 64 67
6 14 62 82 52 50 32
1 16
4 87 43 54 51
8 64 25 68 48 17 32 62 67
3 35 31 56
2 46 67
3 61 59 74
3 44 40 55
3 43 66 51
1 76
3 65 19 27
2 77 74
2 36 71
2 79 43
7 53 61 28 39 31 89 18
0
3 71 45 18
3 51 74 37
3 32 8 83
2 64 45
2 84 39
2 40 83
1 16
2 66 51
4 47 57 74 60
1 31
2 40 61
2 48 53
2 63 71
2 52 51
2 23 47
2 40 74
0
3 81 61 56
2 56 68
2 52 81
3 65 61 65
2 57 39
2 79 26
1 85
1 62
3 62 68 24
2 32 62
3 48 6 57
1 49
1 65
0
5 27 35 51 63 77
3 61 47 58
2 64 52
5 67 52 30 28 64
4 48 47 48 52
1 56
2 37 6
4 52 50 57 71
2 76 56
3 64 60 54
4 57 22 35 72
2 29 63
2 73 60
3 73 49 43
2 48 31
1 61
3 63 60 44
0
1 32
0
3 52 53 50
2 90 58
1 15
3 25 43 60
2 61 83
3 37 57 6
2 28 55
3 61 51 44
3 31 14 44
2 36 63
2 53 24
1 96
0
2 52 74
3 24 24 78
1 24
2 38 59
2 54 55
1 79
3 46 33 80
1 43
2 55 55
3 81 28 24
1 5
3 23 62 28
0
2 71 68
1 53
3 45 63 29
5 76 33 58 57 43
2 60 44
3 65 28 55
1 42
4 55 40 66 40
0
3 79 38 55
1 59
2 74 68
2 32 48
1 11
3 40 42 97
2 68 47
2 37 64
5 69 65 22 74 41
3 71 67 96
2 22 73
0
2 47 48
4 25 70 41 83
1 44
4 59 66 57 80
1 40
2 40 16
2 62 1
6 67 50 49 87 49 26
2 52 38
3 22 48 51
3 19 58 32
2 33 74
2 62 76
3 14 63 53
2 64 52
1 55
1 21
1 68
3 49 31 60
1 55
1 56
2 87 57
3 68 48 41
3 21 94 39
1 38
2 49 38
3 46 41 91
3 47 30 60
2 80 27
1 32
3 43 41 53
1 97
1 50
2 35 20
3 26 23 41
4 70 51 62 51
1 73
3 39 79 41
3 86 75 33
4 22 32 47 41
2 41 77
3 59 68 77
4 40 58 47 41
4 69 48 53 88
3 71 55 31
2 39 37
0
3 90 33 72
2 78 32
0
0
0
1 51
1 14
0
2 52 44
4 18 52 23 68
3 49 70 38
1 56
3 17 79 64
2 25 23
1 80
3 38 0 47
1 38
1 69
2 34 59
2 29 84
1 82
3 46 37 41
1 43
0
5 7 40 43 62 69
2 50 59
4 41 30 54 59
1 36
4 46 67 68 30
1 54
3 39 86 35
8 54 47 84 9 54 83 73 14
4 32 46 70 64
3 42 73 46
2 39 38
3 44 53 51
1 42
2 48 33
4 65 46 47 36
0
4 56 26 51 63
3 11 9 44
3 50 67 56
1 26
2 50 52
3 28 63 32
0
2 64 66
3 67 44 32
1 61
0
3 35 88 92
2 51 50
2 84 51
2 65 77
4 50 79 59 32
2 33 21
4 53 37 80 51
1 59
5 28 34 49 80 66
1 37
3 75 23 29
0
1 52
0
3 51 30 42
3 39 11 42
1 27
4 56 37 43 53
1 71
1 38
1 29
2 61 39
0
3 27 38 37
3 57 52 53
1 69
3 60 27 80
1 51
3 41 26 70
2 61 19
2 43 48
1 15
3 22 2 71
3 65 24 36
0
3 36 91 60
1 55
1 28
3 99 24 29
1 75
1 45
2 35 78
5 72 59 38 66 42
1 55
4 38 45 69 61
2 30 17
2 8 50
1 47
0
4 47 57 56 29
3 70 63 31
2 65 58
0
5 48 25 57 38 31
0
1 54
3 74 43 45
0
2 53 33
2 28 83
3 77 42 35
3 59 40 39
1 87
1 10
2 59 56
1 81
4 22 40 32 37
3 38 17 33
0
1 55
0
1 42
3 43 76 60
1 84
2 36 53
1 43
0
1 49
3 79 24 82
2 43 79
3 52 44 53
2 56 43
2 32 39
1 48
1 76
2 32 68
6 78 55 31 80 39 43
0
0
0
2 55 54
2 47 62
0
3 31 32 22
4 35 44 56 80
5 61 66 60 39 40
3 51 63 50
3 67 44 24
4 62 42 52 67
1 40
3 43 62 36
1 26
1 62
1 53
4 42 32 53 45
1 40
1 67
2 49 53
0
2 41 35
1 36
2 45 36
2 51 75
2 68 76
1 74
1 12
2 51 45
1 56
3 14 65 74
3 79 77 59
3 47 11 37
2 58 64
2 48 49
0
2 33 74
3 56 52 38
0
2 23 62
2 51 61
2 36 57
0
1 50
4 51 82 84 21
5 75 39 44 64 88
5 64 42 42 64 49
0
2 63 75
1 12
3 68 11 26
3 72 26 59
2 46 41
3 40 75 46
3 41 68 69
2 37 47
1 48
1 78
0
2 96 34
1 48
1 80
1 56
2 56 67
0
0
6 36 58 51 67 19 76
2 78 57
2 51 23
2 51 43
4 39 63 45 52
3 75 67 87
3 51 52 61
1 32
1 63
2 74 83
1 66
1 41
1 65
0
4 29 84 92 39
1 52
1 36
2 70 49
0
3 45 41 48
4 3 31 45 45
2 69 37
5 44 61 47 62 62
1 78
1 41
0
1 53
1 35
1 91
2 86 30
3 33 86 42
1 44
5 40 9 67 57 24
1 37
2 12 34
0
0
1 25
3 86 46 74
2 46 62
2 43 52
5 57 24 54 54 64
2 37 31
2 52 35
1 38
1 70
3 33 25 52
1 39
2 44 58
2 42 48
1 15
2 22 46
1 42
1 78
3 68 73 43
2 53 67
1 70
1 39
2 69 80
4 76 42 31 78
0
1 53
4 63 47 57 57
1 43
1 85
3 35 70 25
2 37 70
0
1 66
0
5 87 32 20 77 25
2 79 85
0
2 89 69
2 38 77
3 49 47 34
5 78 76 41 23 48
0
1 33
0
2 68 46
2 76 75
3 63 68 48
0
1 33
0
1 20
0
1 24
4 75 37 57 58
1 71
2 46 96
2 46 54
0
3 70 39 47
1 28
3 40 6 57
0
1 41
2 82 51
2 44 19
3 32 23 36
1 41
2 30 71
4 47 18 47 35
1 71
1 73
0
4 60 41 39 48
1 34
0
2 74 32
2 40 70
4 55 52 66 83
1 31
1 43
2 44 36
0
3 43 39 39
2 60 64
3 44 34 38
1 89
4 37 43 62 71
1 69
2 53 54
0
2 18 27
0
1 72
2 40 46
2 66 52
2 68 25
2 39 24
3 42 80 50
6 35 28 52 50 73 43
0
0
0
0
1 36
2 21 52
1 26
2 59 36
1 48
1 70
2 43 93
1 2
2 67 23
0
3 76 58 45
3 35 40 51
3 41 59 70
1 78
1 44
1 69
1 66
1 48
1 38
3 50 40 14
0
3 35 77 43
0
1 39
1 42
1 60
0
1 29
1 20
4 47 62 17 90
2 49 34
0
0
1 70
2 73 67
4 46 57 79 29
1 70
2 43 68
0
6 54 62 33 41 40 54
4 28 43 86 42
1 71
3 24 17 54
1 57
1 64
2 53 57
2 59 65
0
1 48
3 58 77 26
2 48 38
2 27 71
1 50
3 53 40 83
1 70
1 54
1 6
1 44
1 44
0
2 55 35
1 46
0
4 36 60 71 52
1 27
0
2 77 40
1 52
2 11 41
2 66 25
2 43 65
0
2 48 79
1 43
2 22 34
2 81 70
1 74
0
5 31 66 8 22 59
0
1 26
1 77
0
2 34 50
2 52 62
1 22
2 64 55
0
2 49 56
4 83 37 69 49
0
3 77 56 25
2 54 61
0
0
1 51
1 55
1 72
3 36 48 53
0
1 67
1 75
1 40
0
5 34 33 80 66 46
0
2 64 35
4 40 60 38 84
0
0
0
0
1 49
2 59 47
2 54 9
2 55 70
1 49
1 19
0
2 57 48
2 31 49
2 65 51
1 83
2 34 8
2 34 26
3 52 40 58
0
0
0
2 39 43
0
2 71 49
1 14
0
1 60
1 53
0
1 79
3 57 79 19
0
4 68 42 32 71
1 30
0
0
2 66 77
4 62 24 69 65
3 31 23 66
0
1 69
2 90 62
0
2 52 18
1 42
1 53
1 71
1 33
3 51 59 15
3 39 32 55
0
2 71 57
1 47
3 57 35 75
2 53 95
1 69
1 23
4 50 68 57 29
1 53
0
0
1 53
2 40 80
1 60
1 37
1 68
1 83
1 79
0
1 76
1 27
2 73 46
0
2 79 47
1 48
1 47
1 55
2 43 30
6 65 38 74 39 61 4
1 30
0
2 27 51
2 79 44
2 41 27
2 54 82
2 59 62
3 3 49 46
1 87
0
1 54
1 40
0
2 31 44
1 43
1 49
0
0
3 56 55 51
0
2 18 32
0
0
2 78 36
1 43
0
2 46 26
1 55
1 57
1 82
3 53 42 86
1 74
0
2 32 58
2 38 75
1 68
0
1 26
0
4 65 46 75 85
0
0
4 56 43 66 59
3 40 39 19
0
0
0
2 21 51
2 36 50
3 45 47 49
1 26
3 50 23 68
1 23
1 81
1 31
1 13
2 23 28
2 52 71
3 46 50 73
0
1 76
0
0
0
0
2 50 27
2 55 49
2 64 79
2 9 91
2 38 59
1 48
0
0
0
1 85
1 95
2 67 45
0
1 53
0
1 88
0
0
3 34 51 81
3 30 74 34
0
2 51 40
1 69
1 48
2 68 48
0
0
2 51 53
1 60
1 60
4 35 24 51 64
2 57 36
0
1 44
2 56 49
3 73 63 57
2 41 19
1 68
1 65
0
2 43 67
1 68
0
0
0
1 53
2 48 52
1 93
0
1 50
1 42
1 53
1 60
0
1 66
1 64
0
0
1 51
2 32 67
1 28
1 33
1 53
1 65
2 55 33
2 64 58
1 81
0
3 59 25 36
1 58
0
0
0
1 73
1 87
2 50 74
1 60
0
1 39
2 22 76
1 88
0
0
0
1 68
2 35 94
0
2 36 39
2 21 35
3 41 51 83
1 31
0
2 82 51
2 63 27
0
0
2 100 62
1 46
0
2 55 85
1 30
1 39
1 43
1 52
0
2 55 49
2 77 56
2 42 79
1 3
1 67
1 82
1 77
1 43
0
3 36 56 62
2 67 96
2 24 59
0
0
0
0
0
1 43
0
0
1 68
1 61
4 77 52 43 39
0
0
1 43
2 57 15
0
2 41 84
2 27 47
0
0
1 58
4 14 45 32 63
0
1 67
0
0
1 51
0
2 38 47
1 13
1 42
1 83
2 39 41
1 53
0
0
1 64
0
0
0
3 61 24 23
2 78 50
1 18
0
0
1 19
0
0
0
1 37
1 43
1 16
0
0
1 24
3 39 60 51
1 82
2 58 79
1 56
2 40 42
3 71 0 49
1 23
1 44
2 21 20
0
0
1 28
2 81 53
1 36
0
0
0
0
0
0
0
2 27 63
0
0
1 72
1 89
1 37
0
1 83
1 64
0
1 21
2 38 59
0
0
0
1 62
2 67 66
2 34 54
0
1 32
1 75
0
1 72
0
0
0
2 79 65
2 22 63
0
3 40 64 51
1 41
0
1 29
5 51 36 40 70 62
1 55
0
1 56
1 41
3 74 33 41
0
2 77 52
1 35
1 41
0
1 27
1 73
0
0
0
1 34
1 41
1 55
0
0
1 13
0
0
1 51
1 26
1 65
1 53
0
0
0
1 57
1 43
0
2 52 62
0
0
0
1 46
0
2 23 38
0
3 71 46 45
3 14 27 55
0
2 77 52
0
1 25
1 57
1 48
0
0
0
2 67 69
1 64
1 72
0
0
0
1 10
0
2 31 15
1 47
1 8
1 68
0
1 23
0
1 69
0
1 74
0
0
3 33 38 53
1 64
0
2 43 69
1 48
2 57 68
1 55
0
1 25
1 80
1 94
1 10
1 50
0
0
0
1 44
1 21
0
1 50
1 77
0
1 48
0
1 46
0
0
2 15 93
0
0
1 37
0
0
2 77 56
1 30
0
1 47
0
2 70 45
0
0
0
0
1 67
1 72
0
1 40
1 57
0
2 53 87
1 77
1 79
1 39
0
3 50 74 53
1 63
1 54
2 36 74
2 49 39
1 84
0
0
1 79
0
0
1 76
0
0
0
1 56
0
1 50
1 60
0
0
1 73
0
0
0
0
1 82
0
1 45
1 45
0
1 64
3 11 41 64
0
0
0
1 42
1 66
1 51
2 35 88
0
1 27
1 54
1 53
1 63
0
0
0
1 29
1 49
0
1 52
2 70 60
0
1 34
3 50 73 82
1 62
2 55 75
0
1 45
0
1 75
0
0
0
0
3 53 36 33
1 46
0
0
1 62
1 55
0
0
3 61 38 63
1 75
0
0
0
0
1 40
0
0
0
0
0
3 45 35 43
1 77
1 40
0
1 73
0
0
0
0
0
0
2 65 33
0
2 64 62
1 16
0
1 70
1 29
0
0
1 6
0
0
1 33
1 38
1 63
2 62 35
0
0
0
1 75
1 70
0
0
0
1 48
1 35
0
1 36
1 26
1 43
0
0
0
1 42
1 45
2 81 23
1 25
0
0
0
0
1 56
0
1 41
0
0
0
0
1 43
0
1 64
0
0
1 77
0
2 38 36
2 52 70
1 68
1 31
1 49
0
1 49
1 55
0
1 66
2 59 61
1 45
0
0
0
1 85
0
2 63 57
0
0
1 46
0
0
1 46
1 21
3 27 30 45
0
0
0
1 38
0
1 70
0
1 76
0
0
2 47 33
0
0
1 46
1 64
0
1 81
0
0
0
0
1 85
1 64
1 61
0
0
0
0
1 78
1 50
0
0
0
1 25
1 15
0
0
0
1 53
1 44
0
0
0
0
0
0
0
0
2 71 73
0
1 77
1 38
1 46
0
0
0
1 54
1 40
1 65
0
1 58
1 29
0
1 35
0
0
1 46
2 69 29
0
0
0
1 39
1 39
1 66
1 24
0
0
0
0
0
0
0
0
0
0
0
2 58 16
1 20
3 60 37 17
0
0
0
0
1 48
0
0
2 53 42
0
2 68 84
2 63 73
0
0
0
0
0
2 51 26
2 55 45
0
0
0
1 48
1 88
1 44
0
0
0
0
0
0
0
0
0
0
2 40 39
0
1 63
2 17 43
0
0
0
0
0
2 65 27
0
1 71
0
1 57
0
2 45 68
0
0
2 62 68
1 31
1 48
1 35
1 67
1 43
0
1 54
0
0
2 21 10
0
1 9
1 74
1 37
0
0
0
0
0
0
0
0
0
0
0
0
0
0
0
2 55 52
1 96
1 33
0
0
1 58
0
0
0
0
2 84 42
1 45
1 64
1 75
1 40
1 50
0
1 62
0
0
0
1 46
1 59
0
1 83
0
1 40
0
1 62
1 65
0
1 67
1 52
0
0
0
0
0
0
1 11
1 51
2 34 40
0
0
1 57
0
0
0
1 63
2 49 71
0
1 67
1 66
0
0
1 52
1 60
0
1 96
0
0
2 15 28
0
0
1 27
0
0
1 62
1 63
0
4 47 40 74 45
0
1 69
0
0
1 36
0
1 35
0
0
1 65
0
0
1 46
0
0
1 47
0
2 71 55
0
0
0
0
0
3 55 77 64
0
1 47
0
0
1 41
0
0
1 91
0
1 46
0
0
0
0
0
1 28
1 66
1 65
2 29 44
0
0
1 30
0
0
0
1 48
0
1 33
0
0
1 29
1 36
1 42
0
1 75
0
1 54
1 51
1 66
0
0
0
0
0
0
0
2 35 32
0
0
3 57 42 70
0
0
1 15
0
0
1 54
2 42 52
1 56
0
2 50 35
1 53
1 6
0
3 42 51 74
0
1 61
0
0
0
1 38
1 54
1 61
1 53
0
0
0
0
0
0
1 64
0
0
1 60
0
1 35
0
0
2 48 53
0
2 12 46
1 31
0
0
0
1 56
0
0
0
2 37 34
0
1 53
1 51
0
0
0
0
0
0
0
0
2 34 71
1 44
0
2 47 31
0
1 54
1 68
0
0
1 54
0
1 23
0
0
0
1 28
1 68
0
1 8
1 63
0
1 51
0
0
1 55
0
0
2 54 31
0
2 57 38
0
0
1 60
0
0
0
2 39 56
0
0
1 20
0
1 28
1 61
2 91 34
1 51
0
0
2 87 42
1 30
2 57 27
2 43 38
0
1 44
2 21 21
2 77 49
1 69
0
0
1 53
2 65 34
1 35
0
0
1 24
0
1 58
1 53
0
0
0
0
0
2 55 50
2 51 63
0
2 54 44
0
0
1 47
0
0
0
0
0
0
0
0
0
1 44
1 69
1 37
0
1 54
2 70 69
1 61
1 62
0
0
0
0
0
0
0
0
1 55
0
0
1 32
2 65 70
3 38 23 31
1 32
1 27
0
1 56
1 46
0
1 24
0
0
0
1 70
0
0
1 41
1 44
1 53
0
2 46 20
2 40 23
3 67 44 39
0
1 54
1 77
1 46
0
0
1 64
2 71 46
0
1 52
1 28
0
1 42
0
1 31
0
1 83
0
1 53
0
1 73
2 63 4
1 36
1 47
1 26
0
0
0
0
0
1 37
0
1 73
0
1 42
1 51
0
2 59 50
1 53
2 64 63
