3600 4
1 51
1 20
2 81 70
4 33 95 68 56
5 63 45 40 96 53
1 68
5 41 50 41 82 83
1 44
0
1 57
3 63 10 72
0
2 62 95
4 96 25 85 68
5 42 60 52 46 42
1 42
4 35 24 26 75
4 67 19 54 75
1 39
1 69
4 67 33 59 80
2 51 34
1 58
1 67
4 41 69 56 55
5 12 22 58 91 34
0
0
1 73
1 55
1 40
4 28 56 81 32
3 82 32 81
3 51 35 64
1 21
1 62
1 48
2 58 88
3 50 43 42
4 69 63 11 50
2 50 65
4 19 38 70 45
1 73
2 92 66
2 48 45
5 38 54 49 60 66
1 69
1 50
1 31
2 29 75
0
1 58
3 80 34 28
1 41
1 60
3 40 62 42
3 23 24 23
2 89 24
1 28
3 83 61 67
4 16 41 45 62
2 51 92
3 49 45 18
0
3 60 55 49
3 55 31 41
4 58 41 46 63
1 6
2 10 40
1 92
1 52
4 18 48 66 83
2 15 2
4 50 33 42 45
3 53 14 69
1 59
2 60 36
4 32 55 48 38
0
1 28
1 33
3 38 43 53
1 46
3 51 59 80
2 58 40
1 45
2 54 32
0
4 44 47 39 65
2 40 71
3 55 50 35
2 60 42
3 68 40 58
2 44 62
4 39 77 32 10
3 70 35 57
2 60 20
1 51
0
1 52
2 19 78
3 71 54 39
1 39
1 91
6 74 53 39 42 30 34
6 74 64 62 44 38 54
3 40 34 53
2 59 55
2 17 42
2 46 67
4 13 50 80 57
2 51 75
2 37 5
0
4 52 57 30 63
3 48 39 59
3 68 15 26
3 47 61 65
1 72
2 49 58
2 43 10
2 74 53
3 57 47 53
1 56
1 54
3 60 40 43
2 36 60
1 64
3 75 51 67
3 91 62 20
3 44 57 33
3 65 36 18
1 86
2 25 60
1 80
5 54 9 73 58 74
2 43 54
1 76
3 46 53 83
4 40 30 73 49
1 26
3 48 81 55
2 44 82
2 33 55
2 2 78
0
1 59
0
0
1 50
3 57 69 10
3 97 27 61
3 70 48 65
2 51 73
7 36 52 72 44 57 37 41
3 66 66 54
2 72 51
3 50 54 67
2 68 57
5 57 26 54 70 32
0
2 65 41
2 40 66
3 37 75 46
2 68 69
1 22
1 45
4 58 39 45 68
2 41 47
4 44 77 64 33
0
4 30 68 13 56
4 37 62 49 61
1 45
2 86 66
2 94 58
1 57
3 59 67 52
2 55 25
2 97 73
4 63 33 88 51
2 57 37
3 51 32 40
2 48 38
2 57 40
1 46
2 49 41
3 52 55 41
0
4 46 60 42 45
6 68 59 47 53 45 42
5 23 4 84 76 46
2 62 45
3 51 28 26
4 26 46 38 61
0
4 65 51 27 58
3 54 44 88
1 20
1 58
2 30 31
4 32 58 73 91
0
3 28 84 10
4 25 65 43 38
0
2 47 70
2 39 88
3 28 13 39
4 69 67 36 60
1 54
2 21 66
1 100
3 66 32 50
8 56 14 26 57 25 47 51 32
3 49 50 86
2 18 82
2 48 75
1 58
3 45 75 49
3 25 50 12
2 16 35
3 63 67 73
2 31 40
2 40 61
2 54 19
1 25
1 61
3 59 44 38
4 83 46 37 24
4 49 51 28 75
1 42
2 73 50
2 38 42
2 65 31
1 31
3 36 9 63
3 56 78 73
0
3 67 56 50
3 41 38 29
4 21 51 32 49
1 24
2 55 39
2 73 40
2 59 44
1 67
4 65 79 47 81
2 13 43
1 64
2 42 36
3 21 48 72
2 46 73
1 56
3 61 63 30
1 39
3 32 46 62
3 88 16 78
3 83 74 74
2 80 68
0
4 50 40 31 37
2 45 35
4 46 71 35 70
3 33 66 21
0
4 61 62 85 59
3 34 90 5
3 42 56 53
1 65
5 42 51 69 54 59
0
1 71
3 91 5 29
3 84 51 45
1 50
2 24 31
3 40 66 62
5 59 17 51 54 50
1 29
2 60 40
2 28 58
4 55 37 56 56
2 57 62
5 74 13 30 42 57
3 46 89 82
1 55
3 24 68 95
1 60
0
5 39 62 60 76 47
4 47 57 82 44
0
3 19 46 56
3 74 37 41
3 75 17 59
2 61 70
2 39 66
1 64
5 62 76 69 47 45
1 54
2 45 54
2 75 18
2 49 8
1 33
1 58
3 23 44 30
2 57 84
2 43 37
5 15 34 58 50 56
5 44 45 57 55 27
3 27 37 24
2 44 22
4 49 37 32 47
1 37
0
1 36
2 39 57
4 61 49 59 46
1 34
3 55 63 24
6 87 48 55 39 23 12
5 24 51 38 69 10
4 31 38 78 41
6 51 53 54 45 62 32
2 27 57
6 52 59 57 92 24 31
0
2 40 33
0
3 36 37 33
2 37 33
1 50
3 32 53 97
1 37
2 49 84
0
3 54 84 52
0
3 66 32 51
1 41
4 45 49 15 44
4 22 36 33 43
6 61 13 18 50 30 55
0
1 50
2 47 66
1 84
1 6
4 51 40 62 25
5 15 80 57 51 32
2 42 44
0
2 67 52
4 25 96 45 64
6 56 50 54 58 48 38
3 74 49 62
4 47 27 38 55
2 65 52
2 31 45
2 84 39
0
6 98 68 45 36 18 51
1 62
1 55
3 83 42 37
2 54 67
3 62 49 4
6 51 53 48 65 39 92
2 9 23
1 4
0
0
2 65 44
0
2 33 64
3 57 63 42
4 50 42 34 43
2 21 49
3 13 47 30
2 65 91
3 72 45 53
3 58 73 29
1 43
6 57 43 46 39 78 50
4 30 52 49 86
2 25 39
2 78 70
4 27 24 39 12
2 61 45
3 88 63 72
0
2 47 55
5 59 37 54 21 47
1 16
0
3 57 70 68
1 51
2 82 75
3 34 50 51
3 50 35 43
1 64
1 59
2 60 64
1 58
1 61
2 55 50
4 27 73 25 40
2 52 63
5 52 41 54 49 60
2 38 25
4 38 20 44 24
2 15 37
3 22 85 52
2 28 34
1 28
2 38 79
2 62 76
6 45 40 41 52 58 68
0
2 88 49
4 41 54 19 30
2 67 62
2 20 56
2 52 52
1 55
5 39 12 50 42 21
5 49 55 67 23 50
2 48 50
3 74 63 44
4 21 75 98 44
1 64
6 65 48 40 54 34 44
2 71 58
1 61
1 75
5 37 40 30 95 50
3 32 61 72
5 77 14 73 62 59
1 34
5 19 39 29 42 66
2 39 75
2 54 77
4 24 63 60 47
4 57 66 18 43
3 63 46 42
4 37 42 43 70
1 19
2 35 31
4 42 27 53 60
4 50 52 79 26
3 26 55 58
1 11
4 37 89 29 39
2 73 85
1 79
2 14 47
1 81
1 48
1 52
2 70 73
1 70
2 51 59
7 43 34 47 52 44 61 31
4 59 49 42 61
4 45 74 64 5
0
5 44 42 49 79 36
0
3 57 50 99
1 26
1 55
0
0
1 47
0
0
3 18 43 80
4 53 62 28 69
5 77 46 38 45 17
2 57 39
3 50 25 46
4 15 62 57 51
3 99 65 31
5 57 32 47 41 38
3 74 30 10
0
3 57 64 32
6 52 93 43 54 44 49
4 86 35 58 58
2 50 32
1 61
3 76 54 63
2 43 21
3 64 30 68
6 30 59 44 23 41 61
0
2 24 31
2 56 92
1 55
1 60
6 60 57 64 44 52 58
2 57 46
2 66 60
1 82
2 50 39
2 40 52
3 44 58 59
2 71 36
2 53 23
1 35
0
2 61 25
3 57 57 80
2 53 67
3 86 39 62
2 47 42
0
1 67
5 43 54 56 29 28
4 52 81 44 28
3 20 63 35
3 53 47 4
6 83 40 64 65 44 94
2 84 40
2 24 57
1 61
2 48 35
2 39 48
0
1 71
2 23 27
5 52 44 59 51 63
5 24 29 88 39 59
5 41 31 25 59 24
2 57 24
4 42 68 23 61
3 69 59 7
1 91
5 17 85 11 70 59
3 59 54 36
3 44 54 44
2 75 63
3 26 60 55
5 50 50 71 39 59
3 67 33 82
0
2 66 59
0
4 53 41 34 33
4 36 32 69 40
1 20
1 47
3 68 54 60
2 55 67
1 85
4 68 52 55 35
4 68 25 67 67
1 41
1 5
5 75 74 31 73 7
3 65 80 46
5 69 56 27 36 52
4 27 71 42 56
0
1 32
4 22 50 50 36
1 30
1 28
1 52
4 38 35 28 68
4 70 36 27 75
2 66 78
3 36 46 54
1 30
1 38
1 78
1 62
3 80 66 88
2 51 49
3 60 56 42
2 34 27
4 54 52 38 38
6 27 24 64 76 77 22
1 42
3 25 39 55
2 27 40
2 78 52
5 52 66 6 78 68
0
3 48 15 58
3 66 66 68
1 76
4 66 48 44 45
1 51
3 84 37 77
3 71 32 35
3 75 40 47
1 94
3 59 58 21
3 23 47 70
2 59 56
3 53 41 21
4 45 75 88 62
1 61
1 38
1 59
4 68 77 65 63
2 61 66
5 66 31 42 41 36
2 43 59
4 16 74 42 26
4 80 33 57 95
2 64 54
2 98 31
3 22 30 35
1 62
1 37
1 33
4 0 29 40 29
0
2 69 72
2 15 20
4 52 47 81 41
3 38 55 54
1 46
2 17 50
1 45
4 60 68 30 69
2 89 59
0
4 26 75 37 47
4 61 90 64 52
4 35 26 68 49
2 30 21
3 51 33 38
6 42 23 22 26 73 53
4 72 61 47 32
1 91
7 60 40 26 87 37 57 48
2 98 100
3 50 20 100
1 70
0
1 48
2 36 62
6 26 85 80 40 27 43
2 55 65
1 38
0
3 39 31 44
2 51 54
4 63 30 34 21
3 50 49 58
4 71 53 83 66
1 30
0
6 74 46 48 31 42 34
1 51
2 38 37
2 30 42
2 51 30
4 53 78 72 50
5 30 65 22 74 6
1 79
3 52 89 68
3 80 43 69
6 39 71 41 74 51 53
2 40 61
1 46
4 51 66 42 49
3 32 17 59
1 20
0
0
4 70 50 70 54
2 46 38
3 65 77 69
0
3 57 30 24
3 52 50 87
3 31 59 72
3 56 32 38
3 58 72 70
0
5 82 64 17 38 67
2 73 73
1 69
5 31 34 61 46 55
5 54 3 36 79 59
5 10 58 47 71 51
3 75 78 34
1 27
3 36 25 46
5 20 65 56 44 57
2 58 52
3 95 40 41
1 94
2 42 43
1 75
1 55
1 36
1 54
0
4 80 39 80 66
2 56 57
1 47
2 56 63
0
2 57 42
3 2 33 25
4 49 42 83 46
3 70 61 51
1 60
2 52 9
2 81 69
2 41 50
0
4 43 56 23 67
3 57 28 23
3 24 42 58
1 64
2 51 60
3 62 68 60
1 62
3 36 63 60
2 64 49
3 90 33 39
4 36 66 64 66
2 43 41
1 76
5 69 39 61 63 56
2 75 76
3 76 69 82
4 62 66 83 49
4 82 34 55 22
0
1 38
4 61 69 53 61
4 35 18 41 51
3 58 55 38
2 66 16
4 30 46 62 43
4 47 39 54 46
1 57
2 46 0
5 68 68 42 77 22
3 67 53 37
2 67 51
5 80 39 42 78 53
3 20 33 68
3 32 79 48
4 46 53 72 43
1 62
2 44 80
4 55 68 51 66
1 39
4 28 37 20 21
0
4 53 28 28 36
4 61 77 60 41
3 45 66 51
4 15 34 55 56
2 67 51
2 37 37
1 95
1 60
2 53 71
1 57
2 54 83
1 63
1 9
4 18 49 69 5
1 56
1 30
2 8 51
3 73 45 36
1 43
2 64 57
1 62
1 46
3 94 89 56
6 62 59 75 50 31 67
2 25 36
3 51 82 45
4 79 38 35 12
4 52 57 42 78
5 35 16 48 56 19
0
1 60
3 15 74 42
1 76
2 38 63
2 40 50
2 61 72
5 28 46 45 32 55
1 51
1 63
1 31
1 59
1 40
0
1 48
1 65
6 67 58 57 19 51 52
1 69
2 69 37
2 68 43
7 22 40 33 48 62 25 41
7 38 22 51 40 41 30 47
1 63
3 39 19 30
0
3 37 50 54
5 64 48 26 36 31
5 16 78 44 27 45
3 23 35 60
1 72
3 72 56 82
2 45 3
2 68 63
2 39 15
4 71 32 54 16
2 67 17
1 71
2 25 45
3 66 73 48
1 44
1 30
3 42 64 56
1 66
1 90
2 39 43
3 57 71 36
1 68
4 68 67 41 58
3 6 63 70
1 10
7 26 65 95 33 26 38 63
2 67 30
1 46
2 66 49
2 52 73
4 23 55 25 38
2 39 90
3 58 25 44
1 40
2 40 25
5 31 62 63 73 46
3 53 62 44
5 69 61 35 45 51
2 44 63
1 70
1 14
3 24 71 31
3 23 25 27
5 43 50 68 55 42
1 39
1 54
2 46 52
1 56
2 77 30
2 67 46
2 45 54
1 32
0
4 72 55 77 34
3 56 65 33
3 19 49 82
2 53 29
0
5 33 51 26 33 52
3 60 73 59
3 44 38 59
1 76
4 30 74 39 67
0
3 29 61 72
3 62 50 18
3 36 46 76
4 94 56 23 66
2 22 61
2 50 20
2 68 52
2 63 62
0
3 67 64 74
4 49 60 32 51
2 21 81
1 84
5 58 46 24 64 20
4 63 38 52 26
0
6 43 47 6 38 50 79
1 62
1 50
4 67 32 51 16
3 59 71 42
0
1 40
2 28 68
0
0
0
4 49 25 51 53
4 22 73 55 74
4 54 35 53 59
3 33 56 9
5 54 75 71 54 48
2 52 58
1 40
3 57 35 39
6 51 53 49 52 72 51
2 68 64
1 35
1 99
1 14
1 44
1 77
5 39 39 62 41 66
2 55 61
1 54
2 44 49
2 12 40
2 4 44
1 66
4 51 38 63 41
3 39 39 42
1 20
3 62 44 54
1 60
5 29 38 93 23 42
2 27 22
2 73 17
3 6 62 85
2 84 41
2 11 64
4 9 67 50 59
3 28 62 35
3 46 71 23
0
3 80 43 25
2 34 72
4 13 60 51 50
1 41
0
1 65
1 76
2 69 49
1 37
8 46 41 19 28 62 44 9 28
2 50 70
1 22
2 43 39
3 24 48 56
3 71 51 36
1 58
0
3 48 84 27
1 50
1 83
3 38 36 19
3 42 39 34
6 66 80 52 68 49 41
0
2 73 40
0
5 61 41 54 59 53
2 62 21
1 70
1 57
1 60
3 49 37 67
4 77 17 71 38
1 33
1 36
1 77
3 55 25 36
1 21
3 16 50 57
4 70 75 24 55
3 27 60 29
2 63 31
1 46
3 44 44 38
1 51
2 42 51
1 38
1 33
1 71
1 45
6 38 73 49 75 37 42
1 96
1 17
3 75 55 51
5 62 32 84 22 40
2 46 18
2 64 29
2 60 34
3 32 64 69
2 60 39
3 74 45 67
0
2 27 35
2 30 86
3 54 59 79
2 27 55
1 84
0
5 56 76 60 73 48
2 63 65
5 52 44 77 58 50
3 35 64 52
2 75 48
2 83 28
0
1 29
0
3 33 64 62
1 65
3 64 36 5
3 26 22 73
1 21
1 41
2 4 0
1 70
3 44 73 28
2 80 75
3 87 95 45
2 45 25
1 78
1 39
2 42 70
2 47 52
1 39
4 48 28 54 47
3 45 53 80
3 32 26 73
3 71 59 48
5 70 18 51 67 43
2 70 20
1 61
3 49 43 47
3 51 56 76
7 47 22 53 51 68 43 51
0
2 34 48
3 15 27 50
1 54
1 56
3 24 64 18
2 49 64
2 65 68
1 41
1 41
3 65 59 28
7 77 54 31 42 53 39 22
1 52
1 36
1 55
3 57 84 40
2 39 63
2 35 62
1 76
2 81 91
1 34
3 37 14 60
2 54 50
2 47 49
3 63 0 77
3 25 36 58
0
4 89 46 47 45
2 61 57
3 17 66 11
1 69
2 54 75
0
0
1 43
3 21 71 35
1 37
2 62 82
3 98 58 53
1 19
2 58 74
4 65 46 38 71
3 17 55 62
3 54 51 56
3 59 83 60
1 65
2 17 67
2 62 38
1 22
1 48
1 40
5 73 57 15 27 71
1 45
3 25 0 13
0
4 63 52 30 38
2 72 36
5 56 17 39 67 45
0
0
0
4 28 20 38 28
2 48 46
0
2 87 42
2 59 28
2 43 22
1 27
3 53 26 39
4 40 57 52 60
1 42
4 38 66 64 25
3 40 36 58
3 54 19 67
1 44
1 42
2 48 44
0
4 63 44 39 62
1 54
1 16
2 43 39
2 42 55
3 53 44 45
0
5 47 64 39 72 24
2 32 28
5 22 58 99 90 51
2 44 70
1 45
1 24
2 24 66
1 49
2 57 82
1 45
2 68 56
2 52 60
5 59 47 50 6 48
2 16 24
3 72 91 50
2 33 31
2 15 53
2 68 74
3 40 42 58
1 23
0
2 45 16
3 45 39 28
4 44 11 22 43
1 57
1 65
2 30 54
1 54
2 59 43
0
1 73
1 46
2 57 19
2 49 39
2 26 23
1 28
0
1 47
1 64
1 35
0
0
2 56 40
1 57
2 83 49
3 65 41 77
5 50 76 97 51 40
3 50 44 44
4 30 38 46 28
0
4 27 73 44 53
2 48 36
3 41 55 73
2 25 39
3 44 40 31
3 31 45 38
2 66 56
2 9 15
0
1 46
1 28
2 35 80
4 89 53 55 16
3 48 13 86
2 83 58
4 49 73 38 76
0
1 73
4 12 35 37 53
5 74 88 50 66 69
4 35 58 50 49
2 33 81
3 53 28 67
2 40 82
0
2 47 59
2 52 32
1 60
1 61
3 19 63 56
1 16
2 31 56
1 11
2 71 23
0
2 52 51
2 44 72
0
3 64 42 63
4 46 10 57 49
4 43 73 45 48
1 52
0
1 25
0
1 45
0
1 31
1 37
1 69
2 59 38
1 24
1 62
1 66
5 48 61 63 56 64
1 51
1 89
7 68 70 34 37 19 33 41
2 33 48
2 33 11
1 58
3 35 53 47
4 67 31 36 75
0
2 56 54
3 56 64 67
0
1 54
2 70 57
2 32 39
0
0
2 37 75
1 42
2 43 56
1 48
1 75
2 23 39
0
2 58 38
4 32 79 33 70
0
1 26
5 8 89 57 58 38
3 78 50 83
6 18 28 43 31 30 76
1 62
2 40 67
3 28 33 46
2 43 58
0
3 88 58 43
2 48 52
3 3 46 35
1 20
3 52 34 37
0
0
2 63 34
3 36 51 62
1 49
3 61 49 72
0
2 67 54
4 67 77 62 24
1 34
4 50 47 34 37
1 93
3 85 65 50
1 34
1 59
1 44
2 27 64
0
1 29
0
5 28 69 74 84 47
1 45
2 53 74
2 33 68
0
0
0
1 32
1 30
0
1 64
1 42
2 55 60
3 42 47 64
2 37 48
2 68 25
3 25 12 47
2 55 42
2 0 74
4 59 64 59 38
4 42 57 41 60
2 36 45
4 34 16 56 64
2 57 60
2 46 56
2 50 39
3 24 59 86
2 45 24
0
0
0
0
2 70 34
2 21 32
1 43
3 25 58 71
1 50
0
2 61 53
1 61
1 31
3 56 22 45
0
0
3 45 82 40
2 55 52
0
2 65 49
3 71 76 43
4 40 36 41 74
2 35 52
2 27 55
1 62
4 36 30 53 73
4 63 55 21 56
0
1 57
3 16 30 66
1 38
1 68
3 65 72 22
1 72
1 59
3 36 48 46
2 48 61
1 59
0
1 53
1 50
1 71
1 48
1 68
1 49
1 42
4 45 60 24 35
1 69
1 42
3 35 97 20
1 63
2 55 44
4 85 33 37 44
2 35 19
1 55
1 41
1 45
3 24 38 82
1 46
1 67
1 50
3 61 46 26
2 42 37
3 28 35 46
4 57 39 37 56
2 65 87
2 56 91
2 34 71
0
1 47
2 31 45
1 38
1 70
1 33
1 81
0
1 61
0
1 34
2 42 75
5 57 55 58 44 55
2 50 79
1 28
0
0
1 30
0
2 45 55
1 95
0
3 70 56 27
0
1 54
1 61
2 72 40
1 79
2 53 77
4 65 64 32 37
1 47
2 82 25
1 38
2 21 20
3 65 52 77
1 7
2 69 77
2 49 32
4 32 17 6 2
2 36 80
1 57
1 61
4 84 51 72 51
1 42
0
4 47 27 57 55
3 39 46 22
3 49 57 50
0
3 37 60 77
2 14 31
1 49
1 72
1 30
1 18
2 6 86
1 51
2 31 36
1 74
1 7
0
1 62
2 68 100
3 82 54 58
0
2 39 25
1 90
1 48
2 49 67
1 46
0
2 51 71
2 41 51
1 64
1 44
2 46 84
2 29 36
0
1 50
0
0
0
3 18 50 32
0
2 74 68
1 56
1 75
1 38
3 60 79 64
1 88
1 38
2 81 48
1 32
2 50 44
1 18
3 58 51 33
1 17
0
2 41 87
3 64 36 43
0
1 89
4 32 46 78 44
3 44 73 16
2 56 20
2 65 53
1 44
1 34
0
0
0
0
1 25
3 20 56 94
1 74
3 69 44 62
4 46 51 60 44
1 58
2 64 41
3 1 66 14
2 75 46
0
1 60
1 23
0
1 35
0
1 28
1 42
0
1 33
2 89 69
2 30 66
0
2 60 52
1 41
1 50
0
1 75
4 31 26 35 36
2 50 62
2 64 26
0
3 41 65 19
0
1 59
1 42
2 76 20
0
0
2 70 56
1 39
0
3 43 81 24
0
1 72
3 36 78 43
2 47 41
1 31
2 85 35
3 42 55 38
0
1 58
1 61
2 54 66
1 44
2 69 72
2 47 69
1 28
2 57 83
0
0
3 42 40 40
0
0
4 47 23 41 51
3 63 63 34
1 4
0
1 40
1 63
3 35 34 31
0
0
1 28
2 39 83
0
2 86 55
1 71
2 29 36
1 69
0
0
1 60
3 56 85 48
1 56
1 45
3 18 62 29
2 66 35
2 35 29
1 62
2 49 56
4 11 37 73 50
0
1 47
2 11 27
0
0
0
4 57 61 57 33
2 44 40
0
1 18
1 48
2 16 41
1 52
3 71 61 62
1 63
0
0
1 63
0
1 57
0
1 49
0
1 85
0
0
1 81
2 75 38
1 57
0
3 43 76 42
2 47 36
1 25
0
2 65 60
1 62
1 45
4 59 32 49 65
1 29
0
2 60 44
0
1 97
1 38
1 38
1 50
1 65
0
3 58 50 56
2 63 46
3 67 68 51
2 46 57
1 26
1 52
0
1 14
0
0
2 56 32
0
0
3 51 8 76
3 46 65 50
1 55
1 75
1 41
2 11 37
0
1 47
0
1 79
1 20
1 46
1 23
0
3 48 60 56
1 67
2 52 34
1 40
1 41
1 55
2 37 43
0
0
1 54
0
2 47 29
2 31 40
2 32 29
2 57 31
2 31 49
0
1 70
1 54
0
1 53
1 58
1 39
0
2 49 57
0
0
1 75
0
0
2 35 36
0
3 87 78 30
1 34
1 35
1 67
0
2 89 42
3 22 48 69
0
1 83
0
0
1 55
2 63 55
2 36 38
0
2 42 49
1 54
0
1 32
0
1 47
0
2 46 60
0
3 34 77 32
0
2 21 86
2 63 61
1 72
0
2 49 40
0
3 49 64 30
0
0
4 66 24 54 14
1 67
0
2 46 55
1 54
1 44
1 63
3 18 39 65
0
0
1 52
0
0
0
1 39
2 58 74
1 64
1 54
2 54 44
2 46 40
0
0
0
0
1 94
3 35 77 52
1 47
1 39
1 56
0
0
0
1 67
0
1 10
1 36
1 69
1 67
3 63 34 20
2 79 37
1 20
1 44
1 70
0
1 19
1 69
1 66
1 67
1 53
1 21
0
0
0
1 53
2 56 47
1 33
2 63 44
0
1 30
1 46
0
1 31
0
0
1 46
2 36 48
0
1 34
1 51
0
2 54 11
2 43 39
2 32 44
0
2 25 19
0
0
3 92 23 41
0
0
1 71
1 34
1 78
1 45
1 44
0
1 57
1 25
1 69
1 72
0
0
0
1 53
1 47
0
3 32 69 46
1 85
1 45
1 12
1 35
1 29
1 48
0
1 65
2 40 44
3 77 14 42
3 47 65 53
1 72
1 63
0
0
0
0
1 33
1 26
0
0
0
0
1 35
2 53 83
0
0
2 72 21
1 40
0
1 30
1 30
0
0
2 46 37
2 57 70
1 66
3 32 32 65
2 69 59
0
2 22 75
0
0
0
2 46 77
0
2 47 46
0
1 41
2 77 28
2 56 47
0
0
2 56 51
0
0
1 40
2 58 36
0
0
1 40
1 60
1 64
0
0
0
0
0
2 44 57
0
0
1 63
0
1 31
2 29 62
2 47 50
1 23
0
0
1 71
1 60
0
0
0
1 45
0
2 28 50
0
0
0
0
0
0
1 70
3 20 53 48
0
1 49
1 26
2 48 66
0
0
1 61
1 68
1 72
0
2 48 51
2 57 55
1 71
0
2 47 70
0
1 39
0
0
1 27
2 43 29
1 34
1 47
0
0
0
1 74
1 61
1 53
1 36
0
1 21
0
0
1 32
0
0
2 89 32
0
3 97 19 71
1 42
1 71
1 34
0
0
1 84
1 49
0
1 31
0
1 46
1 26
0
0
0
0
0
1 43
2 60 0
1 60
0
0
2 67 35
0
1 46
1 28
3 50 63 31
1 38
1 44
0
1 30
0
0
0
0
2 62 48
0
2 57 68
0
0
0
3 31 41 14
0
1 44
0
0
1 34
1 36
0
1 33
1 68
0
1 20
0
1 79
0
1 79
1 17
0
1 58
1 54
0
0
0
0
1 80
1 62
0
0
0
0
0
0
0
5 36 62 11 49 88
1 47
1 50
0
0
1 19
0
0
0
0
2 80 34
0
0
0
1 72
2 35 36
1 90
1 81
1 65
3 95 62 16
0
0
1 77
3 76 78 80
0
0
1 29
0
0
0
1 67
1 51
0
1 61
1 43
0
1 40
0
0
0
3 88 43 60
0
0
0
0
0
1 4
0
0
2 48 64
1 49
1 26
0
0
0
0
0
1 52
0
2 42 23
2 45 32
1 60
1 53
0
3 50 60 29
2 57 60
0
1 21
1 65
3 30 33 70
1 63
0
0
0
1 72
0
1 92
1 85
0
0
2 47 4
0
0
0
2 31 56
0
0
0
1 53
0
2 65 17
0
0
0
1 36
0
1 81
2 55 66
0
0
0
1 55
0
1 58
1 52
0
0
0
2 50 22
1 61
2 74 31
0
1 8
0
1 22
0
1 43
0
0
1 50
0
2 73 52
0
0
0
0
0
0
0
1 67
0
0
1 20
1 36
0
1 76
0
0
0
1 55
0
0
0
0
0
0
0
1 50
0
1 12
1 60
2 60 46
0
0
1 53
1 62
2 52 42
0
0
0
3 58 53 75
0
0
1 37
2 69 11
0
1 5
0
1 55
1 54
1 33
0
0
1 60
0
0
1 23
1 72
0
1 67
0
0
0
1 84
0
0
1 76
0
0
1 52
0
0
3 36 64 10
1 62
0
0
0
0
0
1 31
0
1 17
0
1 59
0
0
0
0
0
1 15
1 38
2 54 44
1 35
0
1 50
0
0
1 59
0
0
1 65
3 52 42 90
1 28
1 42
0
0
0
1 52
0
1 42
1 40
0
0
3 74 51 61
1 63
0
2 54 51
1 54
0
0
0
0
0
0
0
0
0
0
1 27
2 46 38
0
0
0
1 76
0
0
0
0
1 49
1 67
0
2 64 38
0
0
0
0
1 84
1 39
0
1 67
2 53 46
0
0
0
1 44
0
3 59 35 84
0
1 69
0
0
0
0
0
0
1 52
1 73
0
0
0
0
0
2 21 16
0
1 67
0
0
1 76
0
1 31
4 69 77 75 74
0
0
0
1 45
1 93
0
0
0
0
1 58
0
0
0
0
1 83
0
0
0
1 87
1 59
1 64
0
0
0
2 77 26
0
0
0
0
0
1 9
1 49
1 30
1 70
0
0
0
1 55
1 57
1 47
0
0
2 71 26
1 48
1 40
0
1 76
1 79
0
0
1 49
0
0
0
0
1 48
0
2 50 35
0
0
2 72 67
0
0
0
0
0
1 59
1 43
1 57
0
0
2 51 40
0
0
1 47
1 38
1 45
0
0
1 58
0
2 52 49
0
0
0
1 70
0
1 56
0
0
1 49
1 32
0
2 55 62
1 47
0
0
1 64
1 66
1 19
0
0
0
0
3 47 40 63
0
0
0
0
1 10
1 7
1 94
1 60
0
2 73 75
1 70
1 40
0
2 21 40
0
0
2 59 41
0
0
0
1 20
0
0
0
0
0
0
1 15
2 51 26
0
0
1 48
0
1 69
1 79
0
1 88
0
0
1 61
0
2 63 57
0
0
2 49 77
0
0
1 32
0
0
0
0
1 71
1 74
1 14
1 78
0
0
0
2 34 28
1 63
0
0
0
0
2 41 39
1 82
0
0
1 39
2 99 70
0
0
0
0
0
1 56
1 35
0
0
0
1 32
1 42
0
0
1 85
0
1 53
1 15
1 75
0
1 68
0
0
0
0
1 61
0
0
0
1 71
2 37 59
1 38
0
0
0
2 40 45
0
0
1 44
2 59 10
0
0
2 3 66
0
0
1 67
1 20
1 34
1 79
0
0
0
1 40
0
0
1 36
1 13
1 70
1 24
1 40
1 55
0
1 27
0
1 42
2 65 65
0
0
1 78
0
0
0
1 43
1 43
0
1 53
0
1 40
1 59
1 47
0
3 25 31 33
1 73
0
1 20
0
3 37 70 45
3 72 41 15
0
0
0
0
0
0
1 56
0
0
0
0
1 78
2 42 58
0
0
0
0
0
1 54
0
2 35 50
0
1 34
1 72
0
1 68
1 93
1 5
1 30
0
2 39 48
0
0
0
3 58 10 68
0
1 37
0
1 38
2 51 77
0
1 20
0
0
0
0
1 7
0
1 19
2 12 40
1 48
1 48
0
1 68
0
0
0
1 52
0
0
0
1 56
0
3 78 66 41
0
0
1 60
2 42 16
0
1 77
0
1 38
0
2 46 71
1 25
3 27 49 30
0
1 38
1 61
0
0
0
0
0
0
0
1 44
1 74
1 56
0
0
1 58
1 81
0
1 48
3 93 60 6
2 66 43
0
0
1 18
1 68
1 49
1 57
0
0
0
0
0
1 32
3 37 70 71
1 24
1 22
2 83 79
2 26 49
1 69
1 55
0
0
0
2 28 33
0
0
2 40 73
1 57
1 68
1 62
0
1 22
1 28
0
0
0
0
0
2 35 57
0
0
0
0
1 95
1 45
1 55
2 38 53
1 72
0
2 42 36
0
0
0
2 31 44
2 43 9
1 61
0
1 43
2 50 32
2 37 79
3 62 64 83
1 84
0
0
0
0
1 67
0
1 40
0
1 27
0
1 56
0
1 75
2 49 37
1 49
0
0
1 23
1 27
0
2 35 56
0
2 49 42
1 46
1 19
2 53 44
1 52
1 26
1 47
0
1 59
1 77
0
0
2 52 48
1 69
0
1 85
1 51
0
0
1 59
3 44 100 59
1 46
1 64
1 93
2 63 72
1 44
1 45
1 21
1 85
0
2 63 44
0
2 53 51
0
1 50
4 77 25 32 41
0
0
1 45
0
0
0
2 71 18
0
0
0
1 61
2 27 68
0
0
0
2 20 41
0
0
0
2 37 61
2 75 48
0
2 87 30
1 24
1 54
2 40 43
2 51 43
2 44 60
1 53
0
1 44
0
2 48 79
0
0
0
1 60
0
1 66
1 18
0
3 83 21 46
0
0
0
4 85 38 80 59
0
1 44
1 94
1 49
0
0
0
0
1 45
0
0
1 42
2 14 45
2 38 33
1 42
1 40
3 83 71 68
3 57 31 49
1 15
1 49
0
1 55
2 30 45
0
0
1 85
0
0
1 33
0
0
3 37 31 40
1 46
0
2 38 60
1 54
4 52 0 44 53
1 82
0
1 53
0
0
0
0
0
1 34
1 58
0
0
1 73
3 44 23 31
1 10
2 30 76
2 61 66
1 49
0
2 45 45
2 58 55
0
0
0
2 81 65
1 57
1 60
0
1 25
1 55
0
2 73 60
1 46
2 28 52
0
3 38 64 35
1 45
0
0
0
2 39 64
5 17 44 29 64 58
1 30
1 39
0
0
0
4 46 7 12 57
1 43
0
0
1 62
2 29 59
0
1 63
2 12 19
0
0
1 68
2 54 78
1 72
1 82
1 40
4 47 48 36 72
2 23 87
1 56
0
2 48 67
0
2 65 43
2 57 61
0
2 50 25
2 56 46
1 67
1 27
2 63 36
1 52
2 25 45
0
2 66 31
0
1 45
1 44
1 49
1 39
2 25 60
1 64
1 57
0
1 46
3 42 50 62
0
0
0
1 78
1 19
1 37
0
1 39
4 37 39 82 59
1 41
2 53 51
2 58 75
0
0
0
1 60
0
0
0
2 65 63
0
3 60 39 84
2 44 75
1 32
4 41 65 46 57
1 54
2 35 59
0
0
2 85 20
1 49
2 32 60
0
1 29
0
0
0
1 41
2 46 65
1 70
1 64
1 67
1 48
0
2 12 58
5 24 29 58 72 43
3 40 63 68
1 49
2 45 26
1 93
2 63 72
1 65
0
1 51
2 76 47
1 80
1 55
0
2 16 32
0
1 54
0
2 86 19
0
1 40
0
1 66
4 85 57 44 26
1 65
1 50
4 47 32 32 30
1 49
1 76
1 43
1 67
1 52
5 40 24 69 33 78
0
2 45 57
2 42 22
1 48
1 29
1 59
0
1 27
2 57 51
2 76 58
0
1 5
2 52 29
1 24
0
1 49
0
2 60 42
2 50 64
2 56 40
0
2 11 54
0
3 48 36 82
2 16 82
0
1 60
2 58 89
0
1 52
1 81
1 36
2 39 72
1 38
2 39 11
0
0
0
0
0
1 41
3 52 71 58
0
1 71
2 46 25
2 35 48
1 37
2 92 47
3 97 67 47
0
5 29 28 56 21 55
1 78
1 61
1 31
2 10 42
1 25
0
0
1 53
3 29 32 29
2 41 69
0
0
2 42 20
2 47 21
0
1 51
2 55 63
1 22
2 85 73
2 68 39
3 79 58 87
1 61
1 53
1 60
2 84 49
4 5 87 50 40
0
3 51 63 18
0
1 24
4 35 39 67 39
3 51 82 37
1 87
2 85 66
2 27 26
0
1 53
1 72
3 42 56 31
3 62 51 52
2 47 41
0
1 40
0
0
2 44 74
1 26
0
2 69 35
0
2 56 89
1 81
1 28
3 64 57 56
1 46
1 56
3 12 66 43
0
0
1 58
1 50
1 41
0
1 50
0
1 50
1 63
3 42 45 18
1 50
0
0
3 29 8 36
2 25 36
1 54
3 42 37 31
3 82 35 55
1 60
2 63 66
1 85
1 44
0
1 47
2 48 53
3 86 93 44
3 57 81 76
3 40 31 33
3 54 21 52
0
2 61 35
2 81 60
2 50 54
2 40 20
2 74 24
2 67 62
1 45
1 63
2 50 89
0
3 55 72 58
2 6 52
1 54
0
1 50
1 88
2 43 33
4 73 45 60 27
3 57 38 51
1 29
2 63 57
2 32 32
1 62
1 46
1 49
1 67
3 56 79 41
1 55
2 42 63
2 40 19
1 63
2 46 46
2 44 80
2 39 40
1 30
1 54
2 88 42
3 52 25 33
3 66 74 51
2 41 12
0
2 15 46
2 56 57
1 12
0
1 52
1 61
1 51
3 37 50 57
1 47
2 99 81
1 33
0
0
2 53 40
1 56
1 61
0
1 31
0
0
3 100 50 45
4 49 75 24 67
2 20 48
3 57 38 85
2 51 33
2 73 74
1 34
1 67
2 52 41
4 34 56 44 84
1 57
1 34
1 91
3 20 58 76
2 70 9
2 56 44
2 39 80
1 35
0
1 49
2 79 32
1 65
2 93 37
1 53
4 35 42 68 5
0
2 49 23
1 31
0
4 44 45 41 36
0
1 53
2 83 2
1 47
2 61 68
3 46 83 45
3 26 88 28
1 57
5 55 76 81 27 41
3 56 25 56
0
1 65
2 59 38
4 74 43 80 6
0
1 49
3 40 91 18
3 64 42 55
0
1 61
2 39 23
1 54
3 28 77 22
3 48 37 61
4 67 34 81 30
1 53
3 39 2 74
0
2 87 59
1 18
0
0
1 33
1 37
1 45
1 45
1 44
0
2 35 48
2 29 69
0
2 79 31
2 54 81
0
3 79 46 35
2 76 44
2 37 47
2 19 34
1 52
2 84 1
0
2 72 14
0
2 15 48
0
2 38 88
3 38 65 61
2 31 49
3 38 46 45
6 70 50 72 27 59 33
4 41 21 37 25
3 19 40 81
0
1 48
3 55 23 67
2 50 60
0
2 64 97
5 52 47 61 67 42
1 15
3 40 13 59
2 59 8
1 9
2 40 48
2 44 69
1 67
2 17 45
0
1 79
0
1 31
2 30 48
1 35
1 34
2 66 33
2 76 20
1 26
3 79 73 47
3 60 54 61
3 32 67 44
1 56
1 21
2 24 52
1 52
1 66
0
2 16 38
0
1 41
1 32
0
0
5 24 57 65 65 43
3 49 68 20
1 35
2 41 44
2 50 40
3 56 41 55
2 54 31
1 54
1 72
4 20 50 21 43
3 37 76 67
0
3 62 41 49
3 6 26 87
0
4 40 50 57 29
0
1 43
1 69
1 30
3 49 24 28
1 45
0
2 58 33
3 83 73 44
2 59 54
2 37 57
3 47 43 26
0
1 47
3 40 58 51
1 66
2 70 26
0
2 39 50
1 58
3 74 78 47
7 93 15 51 26 47 23 60
4 52 43 63 61
4 42 60 64 32
2 47 48
1 67
4 50 39 76 33
4 63 45 60 6
3 39 85 51
1 16
2 35 65
2 50 29
2 22 45
2 73 78
1 52
1 66
2 26 55
1 22
3 11 26 41
0
1 65
0
3 53 88 60
2 38 58
4 64 58 66 70
3 38 55 24
2 49 47
0
0
1 58
0
1 56
2 61 74
3 65 42 81
2 58 63
6 49 21 79 27 55 29
0
2 45 58
0
1 47
2 40 64
0
3 63 76 65
3 49 49 60
7 46 51 57 60 22 59 64
2 68 83
3 13 61 47
3 59 51 31
0
2 68 42
1 59
1 55
1 20
2 67 51
1 35
1 64
1 24
1 25
1 22
2 51 46
1 49
1 48
5 50 32 31 32 36
3 38 58 0
3 47 71 36
3 15 68 61
0
4 25 53 68 56
3 86 90 91
3 43 37 53
2 44 62
2 59 72
3 60 62 60
2 52 52
0
2 46 20
1 61
3 24 60 48
2 49 55
2 38 65
3 26 57 32
3 31 44 12
2 46 34
2 50 54
4 56 58 38 35
1 23
1 38
1 40
3 47 53 12
1 54
2 49 35
0
2 41 69
4 58 34 26 33
4 42 60 64 7
2 31 50
2 73 54
3 58 59 62
3 57 42 72
4 53 70 76 45
2 53 44
1 60
2 16 49
3 90 67 59
2 54 25
2 36 41
3 57 64 39
2 3 76
0
2 40 20
3 15 58 43
1 51
1 29
2 64 50
1 58
2 53 49
1 68
1 34
1 44
0
3 42 62 70
0
2 35 65
0
3 44 99 65
2 52 37
6 44 39 26 31 49 91
2 47 44
3 31 53 56
1 86
5 49 22 51 66 62
5 69 57 36 16 28
1 27
4 50 25 66 63
2 34 48
1 11
1 52
1 77
0
1 57
3 73 63 45
3 49 43 44
2 65 65
4 53 90 40 73
0
3 66 44 45
2 22 70
1 59
0
5 45 86 31 70 57
2 78 71
2 45 66
1 55
2 46 88
1 18
3 53 31 56
