3600 4
0
1 17
1 44
3 66 35 47
0
2 48 36
0
0
1 16
0
2 66 65
2 40 6
0
0
2 79 63
0
1 19
0
1 17
0
3 26 37 6
2 32 50
2 64 42
4 70 66 60 76
0
0
4 20 80 71 42
0
3 79 65 74
0
0
2 2 70
2 68 55
0
1 33
0
1 32
0
0
2 64 4
0
0
0
3 21 33 60
1 75
2 39 55
0
1 70
0
0
0
1 53
0
0
2 23 17
2 73 45
0
1 25
0
0
2 53 39
2 30 64
2 49 53
2 39 59
1 60
0
0
2 81 65
0
0
2 65 60
2 28 18
1 11
0
0
1 54
2 45 1
1 79
2 60 66
2 27 61
1 68
1 49
0
1 54
0
0
0
2 82 29
0
1 69
0
0
0
1 51
2 32 36
0
1 59
1 90
0
2 54 55
1 86
1 57
0
1 76
2 51 11
1 57
1 53
0
2 70 26
0
2 67 15
0
1 42
1 54
3 71 69 67
1 56
0
3 72 55 37
0
2 49 57
0
0
0
1 50
1 34
0
1 55
0
1 70
0
0
2 45 26
0
2 39 44
1 78
1 28
0
1 43
0
2 82 37
1 61
0
0
2 34 51
3 35 43 36
0
0
0
0
2 41 73
0
0
0
1 54
2 27 93
0
0
0
1 21
0
2 72 59
3 49 23 49
0
0
0
0
0
0
2 32 49
2 38 49
3 16 64 65
0
1 35
0
0
3 43 47 63
1 43
0
1 58
0
0
0
0
0
1 65
0
3 78 21 39
1 49
1 58
0
0
0
1 84
1 32
0
2 71 39
0
0
1 50
3 85 42 51
0
1 63
1 98
0
3 46 45 37
1 54
1 66
0
2 63 68
0
0
1 29
1 73
0
1 85
2 61 43
2 41 24
1 49
0
2 39 31
0
1 60
0
0
0
0
1 71
0
0
1 49
2 39 57
1 48
0
0
1 79
0
0
1 42
0
1 52
0
1 65
0
4 15 49 8 46
1 63
0
0
1 48
1 60
0
2 46 75
3 38 49 88
1 64
1 53
1 56
2 44 67
0
0
0
0
0
0
1 21
2 79 57
0
0
1 75
0
0
1 80
0
1 60
0
0
0
1 79
0
0
1 43
1 91
1 97
2 34 71
1 41
0
1 49
0
2 73 76
0
1 83
0
0
0
1 55
2 58 45
2 38 62
0
0
1 22
0
1 55
0
1 22
0
1 42
1 69
1 28
0
1 48
0
0
0
2 81 60
0
0
1 88
1 74
0
0
0
0
1 50
0
2 77 58
0
1 72
2 47 68
0
0
2 46 23
1 56
1 76
0
0
1 46
1 59
0
1 74
1 76
2 64 54
1 47
0
0
0
1 49
0
1 57
1 70
0
1 63
0
0
0
1 47
1 44
0
1 41
2 70 59
0
1 49
1 37
1 50
1 80
0
1 18
0
0
0
1 44
2 39 64
0
0
0
0
0
0
1 54
0
0
2 54 36
0
0
1 1
1 42
0
1 63
0
1 62
0
1 33
1 33
0
1 41
0
1 33
0
0
3 10 39 53
0
0
0
2 40 60
0
1 44
0
0
1 51
2 47 49
0
1 65
0
0
2 48 77
0
1 47
0
1 72
0
0
0
1 34
1 54
0
0
1 59
0
1 65
1 45
0
1 51
0
1 35
0
0
0
2 15 46
1 51
0
1 54
0
1 53
1 52
0
0
0
1 50
0
2 33 84
0
0
1 58
1 63
0
1 58
0
2 69 57
0
2 71 67
0
0
1 48
0
0
0
0
0
0
0
2 90 36
0
2 59 29
2 50 68
0
0
0
1 55
1 47
1 41
0
0
0
0
1 33
0
0
1 85
2 45 47
1 61
0
0
1 14
0
3 52 67 54
0
0
2 31 79
0
0
1 76
0
2 73 76
0
0
0
0
1 43
0
0
0
0
0
0
0
1 46
0
1 44
0
0
1 53
3 68 49 81
0
0
0
1 39
1 55
0
2 54 7
0
0
0
1 59
0
0
0
2 48 54
0
0
1 35
0
1 12
0
1 56
0
0
0
2 35 61
1 50
2 78 60
0
0
0
0
0
2 23 52
1 30
1 44
0
1 49
0
1 63
0
0
2 47 49
1 15
0
1 36
0
0
0
0
1 61
1 75
0
0
1 39
0
0
0
1 87
0
0
1 67
1 70
0
0
0
0
1 75
1 45
1 69
0
0
0
0
2 68 16
1 52
2 48 55
0
0
1 52
0
1 46
0
0
0
1 57
1 98
1 41
1 46
0
0
0
0
2 67 60
0
0
1 62
0
0
0
0
0
1 48
3 33 44 55
1 70
1 52
1 51
0
0
0
1 35
2 32 40
2 49 25
1 61
1 59
0
0
0
2 44 43
0
0
0
1 53
0
1 89
0
0
0
0
0
0
0
0
0
0
0
1 44
0
0
0
1 47
3 41 14 67
0
0
0
3 24 38 62
0
1 36
0
0
1 66
0
0
1 40
2 44 32
1 93
0
1 42
1 47
1 25
0
1 62
0
0
0
0
1 46
0
1 55
1 64
1 70
1 43
0
0
0
0
0
1 48
0
1 35
1 62
1 28
0
2 44 61
0
2 40 52
0
0
0
0
0
0
0
0
1 29
1 42
0
0
0
0
1 70
1 45
0
0
1 7
1 51
0
0
0
0
1 15
0
1 7
1 50
1 62
0
1 68
0
1 55
0
1 51
0
1 92
0
3 72 45 57
0
0
0
1 27
0
0
1 8
0
1 35
1 50
0
1 76
0
0
1 30
1 80
0
0
0
1 23
0
1 68
0
0
3 25 49 41
1 36
0
0
1 27
0
1 19
2 23 81
0
2 24 53
0
2 40 63
0
0
1 35
0
0
2 43 49
0
1 32
0
0
0
2 59 36
1 67
0
0
1 20
0
0
2 67 59
0
1 47
0
0
0
0
0
1 47
0
2 59 54
1 36
0
1 58
1 55
0
1 56
2 64 49
2 56 49
0
0
0
0
0
0
1 44
0
1 36
2 39 60
0
2 47 53
1 40
0
0
0
0
1 61
0
0
0
1 35
0
0
2 64 91
0
0
0
0
1 74
2 80 75
1 33
2 60 47
0
0
1 32
1 67
0
0
0
0
0
0
1 14
1 70
0
0
3 47 59 40
1 44
0
0
2 59 66
2 47 32
0
0
1 46
1 66
1 64
0
0
1 31
0
2 53 62
0
0
2 54 55
1 85
0
0
0
1 68
2 27 61
0
0
1 93
0
2 32 35
1 31
0
0
0
0
1 69
1 66
1 68
0
1 51
1 33
2 33 32
2 68 35
0
1 54
0
1 14
0
1 44
0
0
1 85
2 71 43
1 50
0
0
0
0
1 33
2 64 23
0
1 82
0
1 5
0
1 81
0
0
1 47
1 69
0
1 54
0
1 85
0
1 25
0
0
2 70 67
0
0
0
0
0
2 43 45
1 71
1 44
2 55 47
0
0
0
1 23
1 4
0
1 83
0
1 28
2 64 61
0
0
1 47
3 50 19 45
0
1 75
1 49
0
2 40 55
0
1 56
2 57 25
1 42
1 48
1 47
0
0
1 44
1 54
0
3 62 28 28
0
0
1 25
2 31 54
1 35
0
1 51
1 41
1 66
0
2 74 22
0
1 48
1 30
2 67 34
1 58
0
0
0
1 17
0
2 36 50
0
0
2 47 36
0
1 64
0
0
3 66 60 54
0
0
1 27
0
0
2 10 53
1 55
0
2 75 57
0
0
1 45
0
0
1 57
0
0
0
0
1 47
0
2 26 21
1 38
1 42
0
1 51
1 82
0
1 62
2 41 37
1 63
1 34
2 44 50
0
1 71
0
0
1 44
0
2 52 68
1 10
0
1 71
0
1 56
0
2 32 0
0
1 46
0
1 71
1 24
1 56
0
2 53 37
3 76 44 59
1 59
1 52
1 37
1 60
3 19 64 36
4 15 63 65 43
1 30
1 58
0
2 59 37
2 32 41
0
1 81
1 47
0
0
1 46
1 17
0
0
0
2 63 4
0
1 32
0
2 67 29
1 59
1 66
1 94
0
0
0
0
0
0
0
1 35
1 36
0
1 60
1 53
1 30
1 10
1 66
0
0
1 43
0
1 52
5 29 67 54 57 75
1 18
1 74
2 62 53
0
4 69 43 34 52
2 40 79
0
1 46
0
0
3 55 71 65
0
0
0
1 40
0
1 45
2 35 73
0
0
2 65 43
0
1 27
2 100 0
0
0
2 37 54
2 31 14
0
0
2 42 80
1 43
1 48
1 60
0
1 66
2 71 22
0
2 78 42
2 43 20
1 56
1 42
0
2 47 20
0
0
0
2 44 30
0
2 32 71
1 57
0
0
2 77 86
2 39 58
1 20
2 56 53
1 54
1 34
0
1 52
1 20
1 56
0
1 47
1 58
0
1 58
1 60
1 31
0
1 31
1 33
0
1 62
2 43 64
1 64
1 32
2 46 39
0
1 65
3 70 77 42
1 94
0
3 71 58 11
1 80
0
3 50 66 55
4 68 50 63 26
1 70
0
0
2 45 55
0
1 65
0
0
1 47
2 54 42
0
1 32
0
0
0
2 60 76
0
2 63 53
2 94 65
0
0
0
1 52
1 72
1 43
1 88
0
1 43
0
4 54 40 39 47
1 33
0
3 59 36 76
2 57 63
1 41
2 72 43
0
4 78 41 99 14
0
1 66
1 21
1 65
2 29 28
1 92
2 44 90
1 7
1 60
0
2 92 18
1 44
0
2 45 58
3 22 40 86
3 66 52 46
2 39 35
1 51
0
0
1 23
0
1 9
0
3 12 38 48
0
1 27
2 26 15
1 71
1 26
1 64
1 47
2 68 78
0
1 55
1 36
2 12 21
3 57 33 45
3 51 21 37
1 85
1 52
1 85
1 45
1 48
0
1 70
1 82
0
3 53 67 40
1 29
0
0
1 44
0
1 55
1 35
1 57
2 27 63
0
1 17
0
1 16
1 19
2 49 15
2 24 79
1 59
2 59 25
2 30 68
0
1 57
1 36
0
2 56 50
1 49
2 86 68
1 31
1 28
0
1 34
0
1 18
1 35
2 51 28
5 58 43 46 57 64
0
2 59 75
0
0
3 67 60 52
1 42
2 4 76
1 97
0
1 51
1 31
1 28
2 54 26
2 44 41
2 75 31
1 89
4 4 42 30 47
2 39 19
1 56
1 46
0
3 34 55 65
1 53
2 55 68
1 55
0
1 60
1 83
2 61 43
0
0
3 37 25 54
1 77
2 61 26
0
2 63 53
1 87
0
1 45
1 47
1 57
0
2 6 47
0
0
0
3 77 73 41
1 87
1 73
3 76 51 61
2 41 36
0
0
3 13 38 68
0
0
3 52 59 45
2 34 65
2 47 65
2 58 94
1 70
1 54
2 81 50
3 51 29 33
3 47 22 37
3 37 73 62
2 43 49
0
1 35
0
1 40
2 54 41
3 59 60 39
5 83 34 33 35 49
1 56
2 59 56
2 43 67
0
2 89 62
0
1 19
0
0
2 64 24
1 42
1 70
2 80 65
0
1 52
1 37
3 52 51 62
2 18 55
0
0
2 28 34
0
4 36 55 35 47
0
3 53 41 39
1 30
3 52 64 26
2 60 53
2 59 36
1 35
0
0
1 72
2 43 62
3 59 60 70
0
2 76 79
0
2 27 71
2 55 48
1 47
0
2 57 79
2 37 28
0
1 26
2 52 48
2 64 82
2 60 62
2 51 44
2 78 75
2 39 82
1 9
1 60
3 62 54 26
1 62
2 50 65
0
2 71 41
1 22
1 22
1 23
2 71 37
2 46 53
2 31 21
1 59
0
1 17
1 44
1 68
2 63 54
1 51
1 24
0
2 44 37
2 34 95
3 65 36 45
1 41
1 61
2 19 7
1 63
2 26 64
1 40
2 52 51
2 23 25
2 19 27
2 86 59
4 56 72 56 50
3 35 46 48
2 59 63
2 36 21
0
3 34 67 29
2 84 25
0
5 38 73 35 50 47
1 65
1 46
2 26 55
2 33 44
1 74
2 75 20
1 45
2 62 39
0
0
1 31
3 16 19 57
0
0
0
1 88
1 59
1 69
1 52
1 23
5 46 61 20 79 17
4 68 32 34 36
0
4 50 34 82 28
1 45
0
4 46 33 79 56
2 13 40
0
2 72 71
1 52
1 12
1 24
1 15
1 55
2 35 25
0
3 62 56 28
2 73 33
1 36
3 58 51 31
0
1 49
2 81 47
0
0
3 62 94 41
1 35
1 21
0
2 11 25
2 7 56
0
1 46
2 57 20
5 36 1 51 40 56
0
0
3 82 60 50
4 37 16 27 31
3 48 67 72
0
1 24
2 53 90
0
3 31 44 32
5 92 87 40 50 58
2 86 89
0
0
0
2 76 52
0
2 87 45
0
1 32
4 56 58 66 21
1 76
1 52
2 42 83
2 31 73
4 80 41 43 32
1 73
3 57 24 20
2 52 67
0
0
1 59
2 39 33
3 25 62 68
1 59
0
1 51
0
1 13
0
1 30
2 33 58
5 76 26 27 31 86
1 39
1 32
1 47
3 32 19 64
1 64
1 75
5 36 25 75 26 75
2 10 45
1 31
0
0
3 70 82 29
3 50 34 65
3 65 56 67
2 73 52
2 37 15
0
2 38 54
0
3 68 58 41
0
3 53 32 40
1 50
3 79 69 45
3 35 43 38
2 32 44
2 74 83
4 48 43 5 29
1 69
0
1 68
2 26 10
0
0
4 39 47 52 30
4 51 54 58 71
5 46 34 54 45 15
4 80 25 44 31
2 69 47
2 50 67
1 68
0
1 43
1 62
4 46 33 44 50
1 44
2 59 39
1 66
2 62 35
2 56 81
1 31
1 38
0
2 41 89
3 75 58 67
3 65 34 29
1 35
2 70 35
3 44 21 48
1 31
2 64 49
2 64 55
0
2 32 61
0
1 34
1 58
3 50 72 26
2 39 67
3 25 69 57
1 30
1 46
5 40 64 57 46 45
1 48
4 51 53 61 60
0
5 82 80 48 39 38
3 65 54 36
0
0
2 73 53
3 65 40 39
1 52
0
0
2 42 39
3 84 30 38
0
1 30
4 56 33 44 49
2 26 69
4 43 45 13 75
3 57 88 54
2 61 35
2 20 21
2 61 38
0
4 42 37 5 65
1 55
3 62 43 40
1 32
4 56 53 43 39
3 54 30 32
3 63 56 76
0
1 38
0
1 82
3 48 72 54
0
4 7 12 61 38
1 70
2 62 75
2 44 39
0
1 34
0
3 60 59 21
3 79 92 37
1 69
0
2 41 61
3 55 61 66
1 15
2 56 44
3 34 75 56
2 35 47
3 62 27 56
2 79 37
2 38 54
2 56 50
4 70 43 58 48
2 40 2
0
0
4 54 67 53 52
2 38 56
2 24 28
3 56 40 65
1 54
5 22 81 30 47 18
2 96 14
6 81 44 57 23 35 17
1 71
0
1 46
0
2 51 71
1 69
2 1 34
2 77 45
4 31 37 41 26
2 55 79
4 72 18 64 40
1 36
2 71 37
3 11 74 53
2 35 55
1 87
0
2 45 41
2 63 48
1 56
1 36
1 68
1 66
1 10
0
3 47 15 28
1 79
2 42 54
4 94 92 71 82
1 51
5 31 63 52 47 75
3 34 40 69
5 12 84 36 25 56
0
1 37
3 15 76 69
3 55 38 57
1 14
6 30 33 49 54 19 69
3 76 52 36
1 66
1 54
3 44 76 48
2 30 68
2 68 52
1 52
0
0
1 66
3 59 65 20
3 71 54 58
0
2 50 34
1 26
0
2 73 51
3 76 70 70
3 53 43 25
1 58
3 60 47 42
2 36 46
5 48 56 37 66 27
3 55 49 24
1 48
3 61 38 60
1 71
3 16 48 64
1 37
1 52
3 60 71 52
3 35 46 57
2 20 32
0
4 62 19 36 35
3 57 92 44
4 51 14 51 66
1 35
1 47
1 74
1 66
3 70 84 64
0
0
3 71 48 36
2 32 50
1 58
3 50 42 65
1 68
4 91 39 30 29
1 30
5 50 50 62 33 18
2 51 53
2 61 42
4 69 26 43 80
0
1 23
0
2 41 37
4 75 75 28 58
0
2 89 65
1 54
3 57 31 50
2 64 38
1 25
2 34 47
1 9
2 57 62
1 60
1 47
2 62 83
2 19 69
6 44 79 40 51 48 14
5 31 51 16 47 61
6 14 67 27 45 50 20
3 53 11 54
2 50 44
2 52 44
2 42 42
3 27 65 61
2 50 34
1 69
2 71 42
1 28
0
1 39
0
3 43 50 36
1 46
2 46 53
2 23 53
4 41 52 63 3
0
0
1 64
2 65 69
4 40 66 42 75
1 80
3 46 24 62
3 68 28 30
1 81
0
3 57 35 44
2 48 47
3 84 15 33
1 30
3 43 56 64
1 22
1 73
3 52 61 55
1 40
2 43 23
3 48 75 48
5 39 28 47 45 11
3 69 51 81
1 45
0
3 73 67 40
3 34 65 45
2 31 47
2 64 50
3 51 49 72
2 38 80
4 26 91 52 73
3 40 51 63
1 46
2 19 47
5 69 54 50 21 62
7 54 50 36 30 49 70 37
0
2 56 55
5 65 39 61 60 29
1 60
3 53 38 28
1 86
1 75
1 50
0
1 34
1 70
1 30
2 42 41
2 41 33
5 41 47 50 29 42
1 46
2 35 19
3 69 77 75
2 10 46
5 58 42 34 44 54
1 54
1 26
1 64
2 38 34
2 34 22
3 62 48 65
2 37 18
2 70 59
6 45 63 58 19 42 75
3 48 46 43
1 64
3 47 23 60
6 68 27 90 34 55 19
1 37
2 16 45
2 25 49
3 51 52 55
1 95
4 47 32 51 35
5 16 80 40 39 95
2 76 27
3 46 72 60
2 37 46
1 34
2 48 56
3 53 65 61
1 1
5 58 70 66 60 59
2 38 76
0
3 67 38 36
3 60 38 56
1 30
2 55 55
4 33 56 35 21
4 60 32 58 48
1 36
0
2 84 53
1 45
1 63
1 45
1 59
3 18 33 33
2 72 42
1 45
0
3 51 64 68
1 32
2 32 55
4 52 22 70 34
5 58 44 6 46 32
2 43 41
2 65 35
1 74
1 71
1 79
1 31
4 71 16 24 40
2 48 61
1 76
6 73 51 37 54 17 55
4 26 32 64 29
2 34 61
1 47
2 59 40
1 79
4 50 74 61 34
3 94 74 44
3 41 64 23
3 65 49 9
3 41 37 56
2 46 45
4 76 40 76 62
2 30 45
5 59 44 51 77 32
2 74 55
3 58 52 29
2 49 43
2 33 84
0
0
0
3 59 64 36
2 77 42
1 46
2 45 53
5 31 37 50 57 41
0
4 60 56 52 67
5 25 46 57 76 48
3 55 46 19
6 53 68 31 42 8 75
0
3 55 4 28
2 60 29
2 18 67
0
1 35
1 44
3 30 65 45
3 41 63 33
1 76
5 79 37 33 18 54
2 61 71
2 28 59
2 57 40
2 59 31
4 56 98 8 70
5 71 27 35 56 27
2 59 92
2 51 43
3 60 22 60
0
3 71 42 51
2 58 32
3 55 29 39
2 12 53
0
5 67 66 31 0 59
1 71
3 55 80 48
2 13 40
4 49 33 73 93
1 51
1 68
3 44 69 34
3 57 28 66
3 50 59 37
4 39 21 59 31
1 79
1 56
1 41
4 28 27 40 72
2 69 46
1 39
1 34
0
2 27 45
4 42 81 45 18
2 28 64
2 44 45
2 82 31
1 56
1 22
4 49 67 31 30
3 22 49 59
1 56
1 38
3 78 38 53
5 46 45 50 63 19
4 53 64 27 39
1 63
2 28 38
4 62 53 51 53
4 59 55 45 6
1 18
3 39 67 40
4 22 63 23 29
1 48
3 44 22 84
2 36 43
1 20
1 53
3 41 50 70
1 13
4 64 55 46 52
2 23 44
2 22 49
3 11 29 31
4 77 87 41 69
1 73
1 40
2 69 66
1 36
2 52 28
3 52 32 51
3 46 33 56
4 62 56 44 44
4 27 45 6 60
6 31 47 55 50 35 55
1 47
0
3 34 49 21
1 60
2 66 12
1 46
5 60 45 28 50 85
1 86
2 46 29
2 61 73
3 59 42 76
4 42 67 86 11
1 44
3 43 50 26
5 22 43 41 53 55
0
4 83 66 23 71
1 65
1 79
3 67 37 65
2 86 33
2 31 33
2 45 47
0
0
3 40 53 48
6 56 27 79 57 79 38
2 48 68
4 50 59 54 52
2 37 55
3 64 44 9
2 74 19
4 29 52 63 45
1 56
0
1 60
3 38 58 38
5 66 52 27 25 51
6 52 39 47 21 48 21
2 75 60
3 54 33 84
3 30 57 62
0
6 15 49 53 54 22 40
2 29 62
1 44
2 44 45
3 38 69 69
3 28 38 55
1 58
2 26 41
3 32 35 55
1 78
4 38 78 73 56
3 60 47 74
2 52 72
1 49
2 30 57
3 36 65 76
2 22 54
1 66
3 42 40 52
1 58
1 35
3 84 47 52
2 64 54
3 63 36 46
2 5 75
1 61
5 65 62 47 24 54
0
2 76 38
3 75 43 31
2 39 45
6 68 41 57 56 46 42
2 73 54
3 42 53 38
6 22 44 44 51 21 38
1 59
1 31
0
0
1 43
2 40 55
3 52 55 63
2 81 86
1 2
4 58 63 48 39
4 54 38 46 47
4 26 70 46 41
4 66 16 41 34
2 54 50
1 84
1 39
4 68 72 33 39
2 34 42
2 31 54
3 94 61 34
2 27 11
1 73
2 67 46
4 93 42 55 72
5 81 87 22 58 25
3 80 36 44
4 12 47 33 49
2 61 51
1 93
3 71 33 41
2 88 72
1 46
3 44 75 40
1 57
3 32 16 22
1 34
3 63 65 63
1 45
1 88
1 51
1 40
3 48 67 14
3 50 56 70
0
5 68 68 16 26 60
2 31 80
5 57 36 60 44 35
4 84 35 48 32
2 48 34
1 50
2 59 49
3 41 55 26
3 76 52 58
2 86 61
5 22 64 47 42 68
5 35 35 52 41 39
0
5 71 80 84 34 72
1 22
5 46 28 26 59 51
4 67 38 53 58
2 61 65
2 54 32
2 61 60
3 63 66 48
1 33
3 11 48 73
1 54
1 43
0
4 60 49 44 79
1 23
3 53 75 67
4 60 29 51 23
2 27 48
4 57 85 66 62
2 32 47
2 50 48
2 52 41
5 39 46 64 52 66
2 9 79
1 13
4 44 43 79 56
2 31 56
4 35 23 41 64
4 39 33 71 70
5 35 67 70 17 40
0
5 36 29 48 48 21
2 54 23
1 90
1 54
2 4 24
0
3 52 33 73
1 33
3 41 41 67
2 8 51
5 49 21 24 55 27
2 45 20
3 58 83 58
2 7 61
2 35 44
3 45 96 12
2 21 64
3 67 52 59
0
2 47 54
2 74 70
4 94 42 44 18
3 75 50 66
3 19 62 35
4 58 50 66 66
3 35 27 60
4 40 51 88 8
1 50
2 17 38
2 48 9
2 10 61
4 48 45 24 44
1 25
0
3 31 36 66
1 4
1 67
5 54 40 40 29 14
2 35 27
1 45
1 62
4 59 33 46 39
1 52
4 33 45 65 56
3 64 32 46
1 52
2 29 79
2 23 80
4 85 57 25 41
4 48 54 84 36
2 40 48
4 47 38 44 53
1 71
5 66 17 53 51 59
0
2 71 12
4 76 59 45 32
1 14
4 62 33 55 56
2 50 67
2 17 70
4 37 14 88 47
4 63 37 5 24
3 57 54 47
2 50 32
4 60 40 32 56
3 57 99 49
1 53
4 39 38 73 55
3 54 74 75
1 61
3 59 22 50
2 53 60
2 52 43
2 73 76
1 58
2 60 19
5 66 13 65 82 52
2 39 62
3 66 66 43
3 54 56 50
0
4 62 49 46 67
6 46 45 38 23 23 66
0
3 20 53 29
2 55 75
2 57 63
3 25 18 34
2 57 42
3 30 76 54
1 82
1 66
1 31
3 60 35 53
3 60 36 34
2 62 53
2 53 62
2 74 73
1 54
1 44
2 64 34
1 56
3 12 62 62
2 19 54
3 59 75 63
5 72 44 51 4 67
5 65 67 74 42 16
1 64
4 81 54 55 31
3 46 53 71
3 69 42 36
5 56 52 69 74 45
2 27 21
2 63 79
3 24 38 47
3 17 51 52
3 67 41 65
5 76 38 75 51 58
2 33 65
2 59 58
1 34
5 83 29 43 63 55
5 29 87 76 70 49
3 61 22 55
2 44 41
4 17 88 68 69
4 74 59 70 51
3 30 35 59
2 60 63
1 19
3 44 71 37
1 57
4 71 26 28 64
3 77 71 91
4 78 53 86 71
2 3 2
1 24
1 42
1 33
4 7 42 46 66
3 33 57 46
5 57 52 46 43 63
1 29
2 50 27
1 28
2 31 32
0
2 42 34
1 73
4 25 45 37 52
1 32
2 38 93
2 75 34
3 74 64 49
2 63 29
1 17
5 16 34 37 27 56
3 5 56 33
5 85 78 51 49 67
2 78 40
2 31 48
1 49
1 61
3 47 38 60
1 23
3 59 43 36
5 74 17 68 41 63
3 24 62 44
1 40
4 14 48 65 41
3 83 31 81
2 69 40
1 39
5 59 51 75 65 67
4 39 79 37 70
1 60
3 35 48 93
4 39 33 37 53
0
2 17 46
5 0 46 43 56 67
3 15 73 21
2 51 17
1 24
3 64 40 64
2 46 65
5 54 50 56 57 50
1 71
3 35 62 62
1 32
3 40 72 52
4 36 47 41 50
3 55 49 68
4 31 72 46 41
2 37 15
3 69 70 52
1 69
0
5 64 34 53 26 75
1 38
1 43
1 54
1 59
4 47 73 44 81
3 34 56 47
4 83 12 17 59
0
3 62 59 34
2 94 36
1 24
4 33 37 33 39
3 61 91 61
2 24 92
4 34 78 54 4
0
4 54 59 51 22
3 47 44 43
3 42 25 13
0
3 29 62 62
6 82 55 47 60 49 56
2 62 77
0
4 66 51 68 39
0
4 61 42 27 64
2 72 57
3 13 42 53
0
2 47 62
1 70
1 74
4 91 15 70 38
3 5 72 83
3 38 21 59
3 38 36 14
3 59 38 41
3 39 55 46
1 6
4 73 54 15 35
4 22 32 54 75
2 62 39
5 31 47 59 48 38
2 43 67
1 53
3 35 55 50
5 54 60 44 37 52
2 48 36
2 43 89
3 72 47 61
3 51 15 36
2 19 29
2 48 76
3 52 2 43
1 35
0
2 56 53
2 83 34
1 30
4 36 77 13 14
1 49
3 38 39 44
2 90 78
10 64 57 83 87 41 43 79 51 44 58
0
2 77 42
4 51 43 63 63
2 84 14
0
4 42 66 76 49
3 44 64 60
2 38 52
6 79 26 11 35 78 59
5 61 51 61 51 39
3 64 63 42
1 52
2 55 29
4 59 31 35 71
3 32 85 19
2 50 49
0
3 37 32 68
2 17 72
4 55 14 13 26
2 54 73
2 42 24
2 42 31
3 62 97 65
1 42
3 72 46 19
3 38 48 27
2 27 39
3 90 26 42
4 0 45 31 49
2 9 33
4 94 91 28 22
1 29
1 94
6 53 47 77 58 24 84
2 46 51
1 45
1 49
1 26
1 37
4 34 41 57 44
0
2 24 60
4 54 63 51 60
5 45 71 25 77 21
1 72
1 87
2 48 47
6 68 58 22 45 21 40
0
0
3 60 60 54
3 52 40 44
0
2 34 48
5 47 30 68 57 27
3 47 49 59
6 74 69 82 10 47 17
4 88 65 58 37
2 64 44
4 51 51 60 5
0
1 37
2 35 52
3 58 67 72
1 65
1 47
0
3 9 36 49
5 78 40 52 44 23
1 41
1 27
4 56 47 46 74
4 65 52 57 57
1 51
2 23 72
0
2 24 73
4 73 54 54 33
3 60 41 30
0
2 50 49
4 8 89 60 56
6 33 78 36 37 62 96
2 62 62
1 37
7 29 25 57 46 43 56 42
1 46
1 89
4 39 39 64 60
3 49 57 46
2 45 74
4 68 67 45 71
2 56 59
1 82
1 69
1 61
2 45 61
1 49
2 74 35
4 68 94 61 30
3 45 46 67
2 68 58
2 45 34
2 59 42
1 27
2 26 40
2 36 47
2 21 34
0
0
7 52 60 39 33 74 36 41
5 50 52 37 46 67
2 57 42
2 61 63
3 30 24 15
3 28 46 40
2 61 47
2 20 73
3 68 48 13
3 63 67 77
7 14 23 34 24 38 11 71
1 43
6 55 69 46 54 59 65
0
1 69
3 58 69 36
1 53
3 43 55 32
2 48 91
2 47 38
2 45 51
4 57 70 32 56
1 67
2 46 46
2 54 59
4 8 42 61 39
3 85 45 74
3 47 47 2
1 60
2 55 56
1 61
2 27 24
1 53
2 64 59
4 52 83 60 60
2 59 22
2 77 48
1 48
7 12 48 77 87 30 97 65
1 80
3 51 82 61
3 67 66 48
2 43 82
4 85 35 22 44
3 57 49 50
3 57 82 35
2 16 43
5 29 61 54 58 78
1 33
3 15 17 87
0
2 63 30
0
3 70 55 37
2 30 52
7 45 29 37 58 40 43 60
3 69 63 44
3 50 57 8
2 56 22
2 53 63
2 63 69
1 70
0
3 76 63 74
3 99 17 56
2 40 76
0
2 69 91
1 21
4 41 47 54 35
2 51 81
0
1 76
4 90 49 16 86
3 15 26 19
3 50 43 60
3 75 57 82
1 32
2 45 43
3 42 71 38
2 29 55
4 45 74 56 39
3 36 42 43
1 56
5 47 76 18 71 62
1 32
1 48
2 37 32
3 52 86 58
3 43 53 25
3 54 73 35
2 51 62
4 59 73 57 7
3 44 47 34
3 26 79 41
2 52 66
2 62 49
1 39
2 53 31
1 30
2 5 52
0
3 13 80 78
2 46 57
2 72 82
0
2 48 37
1 40
3 53 75 49
5 64 85 73 37 37
4 41 74 59 43
5 29 77 30 38 71
5 14 62 86 72 20
2 47 37
2 68 85
4 12 28 63 48
2 44 44
1 65
2 53 59
1 97
5 60 47 38 65 35
1 40
2 45 52
3 60 20 71
1 71
2 25 47
4 53 77 76 53
2 63 37
2 37 74
3 38 54 43
3 41 48 4
2 92 57
2 25 65
0
3 32 55 78
3 80 46 72
1 42
2 34 55
0
0
2 66 72
3 47 62 78
4 19 35 54 25
3 72 48 6
2 31 48
3 70 71 57
3 32 59 68
2 76 61
2 40 67
4 38 66 69 37
3 32 38 52
2 68 53
1 84
1 4
1 35
2 58 62
5 55 53 50 51 32
1 51
3 31 40 63
2 52 90
2 36 45
1 64
5 18 39 29 53 43
4 32 49 34 66
1 85
2 57 12
1 66
3 83 59 51
1 54
1 18
2 40 49
3 21 58 11
3 59 37 85
2 76 50
1 42
2 55 100
3 53 41 65
1 48
1 48
2 53 43
1 47
1 36
4 40 41 42 55
3 28 47 37
0
0
3 77 41 48
0
1 54
5 12 39 71 44 65
5 97 25 29 66 45
4 13 70 95 74
1 22
1 55
5 65 35 61 68 59
2 48 50
4 76 60 33 37
1 22
2 85 72
2 81 63
1 46
5 28 49 56 48 51
2 24 32
1 42
3 61 14 56
2 35 39
3 38 48 48
2 40 54
2 82 32
2 32 58
1 62
1 39
1 16
2 87 21
3 59 24 69
3 67 65 6
2 31 51
0
2 62 87
2 61 59
2 3 35
5 70 55 87 14 34
2 75 59
2 65 58
4 44 45 81 64
1 5
3 58 39 54
2 63 60
2 19 63
6 15 45 45 79 50 60
3 87 53 34
1 53
1 39
2 56 62
4 33 72 69 62
1 33
4 72 47 0 69
2 54 62
1 66
3 78 33 36
0
0
1 36
4 47 61 68 66
0
3 27 28 72
2 64 65
3 67 30 47
1 71
1 64
2 70 70
4 54 80 19 53
2 61 19
4 61 37 22 41
2 37 38
5 54 49 63 3 53
4 46 66 68 58
1 28
2 48 48
3 51 64 65
1 61
1 53
1 71
3 68 65 70
2 69 53
5 43 58 54 41 57
1 11
4 42 62 53 59
3 78 38 70
0
3 51 60 54
1 53
3 75 47 52
1 50
2 60 45
2 53 55
0
3 58 65 78
1 17
2 19 61
4 44 73 28 30
2 38 32
2 62 45
2 57 30
1 56
2 50 44
2 60 60
1 55
1 44
1 70
1 34
3 36 28 49
3 46 23 40
3 62 51 44
5 36 61 67 47 33
0
1 53
0
0
1 75
2 77 30
2 42 47
2 56 50
0
2 22 19
1 38
3 56 65 61
0
4 64 69 55 30
3 23 43 78
0
1 43
1 33
2 43 52
5 53 69 23 48 32
3 80 59 62
2 66 44
3 66 62 65
3 34 28 58
1 64
0
2 74 78
1 14
1 12
1 72
5 81 74 72 37 33
4 57 33 49 26
3 60 29 31
5 69 60 52 67 66
5 61 64 58 27 33
2 21 22
0
2 45 61
3 64 31 57
3 41 86 50
1 42
0
0
3 52 55 18
3 55 50 23
2 18 56
4 34 60 39 57
3 25 51 47
4 62 53 29 50
2 75 46
1 42
0
0
0
2 13 61
3 56 9 26
2 37 69
1 45
3 40 82 18
2 54 64
1 48
3 24 49 55
2 40 37
1 43
2 23 63
1 48
1 33
1 67
2 77 45
1 73
2 53 87
1 79
3 65 55 60
0
3 29 42 80
7 31 37 10 83 23 72 70
1 49
0
0
2 16 28
3 47 54 54
1 41
2 48 67
0
6 25 41 78 58 25 50
4 57 52 37 29
1 51
2 41 77
2 6 52
1 67
1 11
2 44 61
2 51 41
4 48 88 28 29
5 77 36 35 86 39
1 61
0
1 65
1 18
1 60
4 69 79 44 60
1 17
0
1 38
3 37 78 67
3 38 64 93
4 47 13 50 26
1 56
2 85 89
1 70
4 41 56 50 8
3 38 37 46
1 48
1 78
3 67 33 28
2 40 36
5 58 39 46 53 55
1 57
4 46 19 78 68
2 77 37
4 60 90 94 39
1 44
2 78 86
2 23 59
2 42 58
3 32 65 29
2 46 73
1 68
4 55 54 48 31
2 27 46
3 63 21 19
4 55 83 55 23
0
0
3 21 74 63
0
2 35 77
0
2 40 65
0
1 46
0
1 16
1 30
1 59
4 89 24 33 35
0
1 48
1 77
2 42 31
0
3 47 42 39
1 47
1 26
3 51 64 53
1 2
2 77 60
2 53 60
3 21 63 73
4 75 21 68 39
2 47 55
2 68 44
1 31
4 46 56 44 67
1 20
1 66
0
3 28 55 53
3 70 57 73
2 89 50
0
1 74
0
1 95
3 86 55 63
3 45 78 40
1 62
2 47 40
1 74
2 37 50
2 55 51
2 46 42
3 96 71 34
0
4 30 38 45 60
3 50 44 57
1 40
3 22 28 44
0
3 70 54 39
1 84
1 41
2 37 34
2 59 51
2 45 27
3 30 50 44
3 51 29 30
1 58
2 63 82
2 55 16
2 46 53
3 55 64 30
2 54 53
1 44
0
3 29 81 27
0
2 37 57
6 79 44 74 40 21 43
0
3 76 73 63
1 43
3 57 59 47
3 73 63 36
1 14
2 69 25
2 92 31
2 40 35
2 1 78
0
3 63 33 41
3 54 75 78
2 78 76
2 57 56
1 38
1 47
2 34 56
1 46
2 44 38
0
1 65
1 29
3 55 47 34
1 33
2 32 70
2 34 47
2 8 73
0
0
2 58 64
4 92 28 57 15
1 76
1 55
4 33 14 34 12
1 83
0
0
1 25
0
1 52
3 68 44 32
3 39 68 30
2 96 35
3 32 35 62
3 48 25 38
1 58
1 77
1 55
2 83 45
3 65 42 77
0
2 84 57
0
3 45 32 36
4 71 53 31 56
1 66
1 73
0
3 55 46 67
2 24 42
1 55
1 45
2 37 79
1 56
3 94 98 61
3 85 44 41
5 63 51 47 12 72
0
0
4 33 29 23 46
0
2 32 27
2 26 33
1 41
1 50
1 56
1 4
2 28 33
0
0
1 68
0
2 18 16
2 50 38
1 57
2 51 55
0
2 79 87
2 57 82
1 73
0
1 28
2 50 96
2 76 46
1 45
2 41 57
2 65 90
3 24 16 81
3 75 58 30
1 55
2 56 68
3 97 40 66
1 87
1 66
2 48 64
1 67
3 51 42 68
2 53 55
1 73
1 8
0
4 76 14 76 57
2 70 75
1 49
3 42 67 31
0
1 77
2 74 38
1 49
1 45
1 28
1 78
3 74 53 44
1 55
2 57 39
3 37 22 58
0
2 56 72
4 63 57 40 50
0
1 46
1 33
2 75 80
1 70
2 56 79
1 39
0
1 23
4 27 90 80 75
0
1 33
0
0
1 44
0
3 79 96 62
0
0
1 92
2 23 61
3 73 27 30
3 62 41 43
3 54 77 75
4 63 48 63 85
3 50 61 53
2 56 94
3 50 34 18
0
2 41 63
0
1 59
1 3
1 36
2 21 53
0
2 57 29
0
1 84
1 39
0
2 20 55
0
4 77 30 42 48
1 64
4 86 65 76 54
3 8 49 38
1 42
1 41
2 56 72
0
2 25 58
2 55 35
1 24
0
1 45
4 52 55 49 76
1 13
3 27 55 22
0
2 94 49
0
0
0
4 51 11 61 52
1 59
2 45 40
1 47
2 52 52
3 15 43 80
2 27 47
3 62 69 15
1 27
2 66 28
0
0
1 32
2 41 46
0
1 44
1 55
4 50 67 49 26
1 58
2 87 13
2 40 42
1 47
1 38
0
1 67
3 14 39 77
0
0
1 37
1 49
0
2 81 40
0
0
3 66 47 44
0
2 86 63
0
3 12 44 60
1 61
2 63 55
1 65
0
2 67 28
1 54
2 68 39
2 43 40
3 61 61 53
0
2 27 77
1 11
5 75 74 83 58 11
2 11 72
0
4 39 46 60 73
1 29
1 17
2 27 49
1 33
0
1 50
1 25
0
5 46 39 42 89 45
2 21 50
0
0
0
0
2 64 52
2 48 43
5 30 55 68 40 75
1 2
1 57
1 27
0
3 63 50 31
2 57 50
3 57 62 84
2 50 39
1 36
0
1 61
1 39
0
3 69 33 14
2 11 51
0
1 37
1 57
3 39 56 61
0
1 68
1 46
1 44
1 15
1 47
1 35
1 57
3 36 26 100
1 26
2 67 68
2 60 66
1 62
1 47
1 27
0
1 18
1 47
1 33
1 39
1 57
1 58
0
3 62 57 57
0
0
1 35
1 35
0
1 64
0
0
2 73 40
1 68
3 66 48 49
3 58 35 29
0
1 37
0
0
1 27
2 73 76
0
1 45
2 61 26
0
0
2 58 49
1 29
0
1 40
0
0
3 68 66 37
1 64
1 71
6 90 57 21 20 85 80
1 57
1 34
1 47
2 32 61
2 39 47
1 67
1 59
0
2 70 28
1 65
2 32 76
2 46 18
1 67
1 66
2 66 43
0
2 31 55
0
1 27
2 55 39
1 54
2 39 41
1 83
2 67 11
0
1 42
3 22 46 40
1 47
0
0
1 63
2 53 57
1 43
1 67
0
4 45 24 55 54
1 96
1 33
1 88
1 43
0
2 23 74
1 59
0
0
0
1 52
2 55 48
0
5 59 74 34 33 40
0
1 45
1 71
2 25 25
0
2 38 79
3 43 34 74
1 55
0
1 63
1 47
1 71
1 60
1 42
1 54
1 82
1 62
0
1 84
1 51
1 65
0
3 53 21 43
3 3 52 22
0
1 49
0
0
0
1 39
1 17
3 38 28 58
1 59
2 43 75
1 1
0
1 19
0
1 62
2 46 47
1 76
0
1 69
1 35
2 24 69
0
1 38
0
1 88
0
