3600 4
0
1 48
0
0
0
1 48
1 22
1 54
1 76
1 31
0
0
0
0
1 35
2 57 83
0
1 68
0
1 26
1 38
1 67
0
1 35
0
1 37
1 44
1 42
1 56
0
0
0
1 40
1 73
0
0
0
1 76
0
0
1 61
0
2 47 35
0
1 28
0
1 21
0
1 36
0
1 47
0
1 77
0
0
0
0
2 60 84
1 41
0
0
0
0
1 25
1 67
1 46
0
1 37
0
0
0
0
0
0
0
2 67 68
2 45 32
0
2 62 40
1 71
0
0
1 68
0
0
0
1 48
1 73
0
0
0
1 43
0
0
0
1 32
1 44
0
2 58 66
0
2 53 70
0
1 17
0
2 75 23
0
0
0
0
1 42
0
0
0
0
0
0
2 52 34
0
0
1 70
1 71
0
0
1 61
2 35 61
0
3 46 11 51
0
0
0
0
0
0
0
0
1 75
1 43
1 74
0
0
0
2 62 41
2 58 40
0
0
1 62
2 44 62
1 55
1 63
1 47
0
0
0
2 50 20
0
0
0
1 29
0
0
0
0
1 70
0
0
0
1 24
0
1 33
0
1 51
3 49 80 55
0
1 28
0
0
0
0
0
0
0
1 65
0
1 33
0
1 49
2 23 92
0
2 53 67
1 29
0
1 61
0
0
0
1 52
1 56
0
0
1 70
0
0
0
2 40 21
0
1 51
0
1 57
1 50
1 52
1 58
0
0
0
0
1 84
0
0
1 66
0
0
0
1 46
0
1 39
1 30
1 29
0
0
0
1 46
0
0
0
1 56
0
3 36 70 48
0
1 53
0
0
1 63
1 22
0
0
1 61
0
0
0
0
0
1 73
0
1 54
0
2 34 61
0
0
1 67
1 59
0
3 44 95 27
1 69
0
2 23 51
0
3 41 39 21
2 30 37
0
0
0
1 39
0
3 61 66 24
0
1 28
0
0
0
1 51
1 41
0
2 14 60
0
1 48
0
2 42 59
0
0
0
2 83 3
0
0
0
2 64 56
0
1 59
0
0
0
0
2 28 17
0
0
1 24
1 12
2 69 28
0
0
0
1 27
1 62
0
2 50 57
1 29
0
0
0
1 37
0
1 48
0
1 42
0
1 61
0
0
0
2 79 64
1 59
0
0
0
0
1 90
0
1 45
0
0
1 58
1 33
0
2 68 93
0
1 81
1 41
1 24
0
1 82
0
0
1 57
3 40 51 44
0
1 77
0
1 47
0
0
1 52
0
2 25 35
1 49
1 50
0
1 58
0
0
1 38
1 27
0
1 20
0
1 38
0
0
0
0
1 41
2 99 94
4 76 54 12 65
0
1 82
2 60 65
1 65
0
0
1 73
1 14
0
1 63
0
1 49
1 49
0
0
0
2 50 46
0
0
0
0
0
1 21
2 61 54
1 20
1 74
0
1 50
2 82 53
2 31 54
0
0
1 94
0
0
2 60 75
0
0
1 76
1 32
0
2 40 55
1 17
0
1 43
0
0
1 55
1 38
2 49 54
1 37
0
0
1 38
1 59
0
0
0
1 47
0
0
2 43 53
1 39
0
0
0
1 59
3 73 52 98
1 37
0
0
1 49
1 31
0
1 57
1 55
0
1 58
3 28 48 34
1 42
2 38 38
0
1 53
0
1 65
0
0
2 32 46
0
1 75
0
0
0
0
1 57
0
0
1 21
0
2 42 51
1 79
0
2 53 41
1 51
1 56
0
0
1 64
0
2 40 41
0
1 24
1 54
0
0
1 34
0
0
3 53 35 45
1 57
0
2 62 78
1 41
1 99
0
2 96 77
1 40
1 46
0
0
2 91 33
0
1 66
0
2 28 64
1 47
2 14 66
0
0
2 30 37
1 57
1 65
0
0
2 46 31
2 44 79
0
0
0
1 46
1 69
1 80
1 59
1 35
2 37 60
0
0
2 35 49
1 45
0
0
1 52
2 38 62
0
0
2 24 56
1 62
1 79
0
1 13
0
2 43 30
2 54 73
0
0
1 58
0
2 59 42
0
0
1 94
0
0
1 2
2 19 51
0
0
1 34
1 62
0
2 45 15
1 73
0
0
3 89 44 60
0
1 76
4 27 68 33 47
0
1 42
1 29
0
2 52 59
0
0
0
3 61 16 45
1 36
0
2 45 50
1 60
2 58 26
2 34 43
0
2 30 34
3 53 34 43
0
1 94
2 65 59
0
2 58 75
1 38
1 65
1 55
0
0
1 44
0
2 32 87
0
3 30 66 48
1 15
1 50
0
1 67
0
0
0
0
1 46
0
2 86 53
1 35
2 73 35
1 49
3 81 41 43
0
1 10
2 46 23
1 34
1 61
0
0
1 43
0
0
1 65
1 57
0
2 6 58
2 52 89
1 50
1 36
2 68 50
1 74
0
1 62
1 19
0
1 29
2 61 76
0
0
2 57 80
0
1 30
1 73
2 46 28
1 8
3 35 47 43
2 61 47
2 75 36
0
0
0
4 18 20 34 26
1 59
0
1 63
1 51
0
0
0
0
2 35 86
1 37
1 29
1 37
1 84
0
2 66 56
1 76
0
0
1 43
1 5
0
0
2 33 45
4 25 30 64 55
1 51
0
1 34
2 35 42
2 61 50
0
2 70 28
0
0
1 26
0
0
1 80
2 62 10
3 77 44 64
1 51
2 68 28
1 62
0
1 44
2 68 67
2 66 20
1 27
1 27
0
3 33 56 68
3 87 36 40
3 60 17 44
1 44
0
1 61
3 51 80 41
2 57 14
2 72 35
0
1 56
1 50
0
2 27 69
0
0
0
1 27
1 73
2 95 65
1 63
0
0
0
0
1 63
2 41 64
0
2 42 63
0
1 86
1 79
0
2 72 93
2 99 32
3 45 70 46
3 67 54 61
2 61 36
1 53
0
1 69
0
1 25
1 42
0
4 40 67 31 27
1 25
2 55 62
1 29
0
1 84
2 52 30
1 53
2 44 78
1 65
3 50 32 14
1 74
2 26 73
2 75 49
0
0
0
0
2 50 78
0
1 70
0
1 61
0
2 48 26
0
0
4 65 48 31 13
2 43 67
1 47
3 32 48 23
2 75 50
1 59
1 69
0
1 11
1 79
1 6
2 62 36
0
3 52 30 49
1 83
5 57 49 65 42 49
0
0
1 55
1 64
1 43
2 81 31
2 64 58
2 55 94
1 48
1 76
2 47 41
0
1 59
1 43
2 40 52
1 60
1 72
3 14 58 60
4 71 53 52 41
2 59 52
4 76 54 33 50
0
2 36 36
1 33
0
0
2 53 40
2 38 75
1 61
2 72 61
2 55 39
2 95 79
2 58 49
0
1 39
0
0
1 29
0
0
0
0
1 76
0
1 32
2 40 63
1 31
0
1 42
1 38
0
1 41
1 42
2 73 62
3 48 84 37
2 30 53
1 54
2 66 86
3 50 80 47
2 88 56
0
1 60
1 19
3 66 1 84
2 63 66
0
1 45
0
1 50
1 82
1 55
1 72
4 44 59 48 83
0
1 50
2 63 34
2 59 74
0
4 53 48 25 96
1 66
2 37 34
2 46 46
1 40
2 47 14
2 27 39
1 84
1 52
1 28
2 52 51
1 79
5 75 41 31 58 32
1 63
1 70
2 52 25
0
2 68 51
3 80 48 57
1 16
1 52
0
3 70 58 59
0
2 37 32
0
0
0
1 31
1 26
2 66 69
1 81
2 45 62
2 40 75
0
1 61
1 36
1 59
1 65
3 64 42 51
0
0
2 5 50
3 42 68 48
0
4 34 37 66 36
2 44 49
3 68 17 63
2 36 71
2 66 53
1 61
0
1 40
1 38
0
0
0
4 31 60 25 73
1 70
0
1 68
1 2
0
3 33 33 42
2 57 22
1 69
0
0
1 46
2 72 68
3 86 57 61
1 23
5 22 32 42 56 43
0
0
1 39
2 21 51
4 34 63 41 44
2 61 51
1 84
4 88 94 59 59
1 55
2 46 45
2 60 78
2 45 56
2 75 19
4 65 56 57 34
2 49 41
1 72
3 63 58 76
1 61
0
2 5 35
2 38 17
3 55 41 22
2 96 24
1 43
1 70
0
2 33 59
2 31 82
2 57 45
0
1 56
3 39 55 39
1 27
1 50
1 33
1 16
1 17
1 42
0
2 25 48
0
1 77
0
0
1 54
3 35 48 40
0
3 47 36 42
5 32 49 43 25 47
2 45 22
1 34
1 30
2 35 59
2 87 26
0
0
2 82 52
4 54 24 94 41
3 51 57 78
2 57 82
2 39 39
2 49 37
0
1 39
1 22
1 49
1 80
0
1 21
3 40 46 76
2 58 20
0
0
1 20
3 46 23 51
1 77
1 43
2 58 47
5 33 44 9 66 21
1 28
3 50 55 79
4 51 78 66 78
1 49
0
1 30
3 35 33 30
1 97
2 43 54
3 35 74 63
1 51
1 57
1 15
4 29 55 43 57
2 52 58
1 15
3 36 50 72
1 28
4 33 40 24 58
3 55 50 65
0
2 56 9
0
5 33 84 80 22 38
2 33 47
1 64
2 54 58
1 78
1 24
2 37 61
0
3 55 90 57
0
4 67 11 26 45
0
2 52 15
3 22 19 68
0
3 49 86 26
0
4 55 53 59 35
0
1 48
2 38 50
2 13 16
0
3 87 62 53
1 26
0
1 66
5 56 1 43 73 37
0
2 92 41
1 63
0
1 49
3 83 36 24
0
2 77 45
4 40 65 35 83
4 21 43 63 46
2 91 51
2 63 56
1 79
0
2 43 73
1 70
0
0
5 20 76 82 75 53
1 78
5 83 46 64 30 43
2 47 66
1 38
3 90 12 68
2 11 68
2 67 90
2 61 30
1 91
1 30
4 62 29 47 48
0
1 71
3 18 73 54
1 61
3 48 58 31
1 75
1 61
5 76 30 60 40 11
4 17 45 79 39
1 18
3 53 65 46
1 33
2 84 70
2 32 23
2 26 79
2 47 21
3 62 64 30
2 13 57
1 55
0
1 59
3 9 61 48
3 60 51 57
1 60
0
3 73 55 50
0
3 60 60 44
3 73 39 30
1 34
1 64
1 39
2 67 63
1 59
2 27 46
2 65 36
1 68
1 54
1 43
0
1 61
1 57
4 70 49 95 41
1 44
5 36 51 43 51 27
0
3 49 30 48
5 90 33 64 45 87
0
0
0
0
0
3 27 23 19
3 56 64 53
1 24
0
2 40 95
2 100 56
4 36 44 70 42
3 45 77 56
1 65
2 62 56
2 56 70
1 54
2 37 73
1 32
4 33 40 39 16
1 55
1 64
2 38 68
1 49
1 57
3 35 55 99
5 39 63 52 41 37
3 70 69 70
1 91
2 38 60
4 32 52 41 51
1 59
2 76 52
1 62
0
3 23 50 51
4 67 40 36 16
5 52 3 44 74 46
2 34 18
3 16 27 51
1 48
4 21 41 39 84
1 64
1 57
2 76 48
1 39
1 40
0
1 68
1 51
3 59 38 76
1 44
4 32 69 80 88
2 44 62
3 53 67 68
1 54
5 42 65 62 81 40
1 57
4 70 47 51 41
2 30 64
4 8 64 8 49
1 51
1 54
4 61 53 29 43
1 40
1 33
1 46
3 56 46 34
6 47 73 67 47 40 31
1 47
2 33 58
1 52
2 54 37
0
1 25
1 60
0
3 78 61 29
2 15 71
1 60
1 18
1 38
2 27 42
2 31 65
1 61
3 86 34 57
1 60
1 99
1 30
2 21 74
2 42 65
3 64 13 82
4 29 36 63 42
4 18 58 69 61
3 31 36 23
0
2 39 62
2 71 76
2 31 46
3 56 35 29
0
1 48
2 64 80
2 63 33
5 46 51 77 98 67
1 53
3 46 43 51
3 45 72 11
2 43 50
0
4 59 62 44 66
1 21
1 65
3 26 27 78
2 56 63
4 28 14 61 34
2 48 23
2 57 66
1 33
2 62 33
5 1 67 35 46 54
2 36 68
2 35 60
2 46 24
0
2 18 76
1 79
1 58
7 54 39 42 57 67 37 55
3 29 37 75
1 54
2 86 22
4 53 37 49 10
2 8 15
4 51 36 55 81
0
0
2 69 56
1 30
1 61
2 32 42
2 44 74
0
1 50
2 63 48
2 20 65
1 38
1 47
4 38 93 96 46
1 32
3 15 29 58
5 64 74 69 73 84
4 21 22 91 29
4 67 76 56 54
3 53 75 71
1 63
2 53 49
5 44 14 63 77 29
1 40
1 66
1 46
4 76 19 0 38
0
3 53 47 38
3 67 92 32
2 48 79
1 76
2 52 45
0
2 21 65
2 34 38
2 49 58
2 70 29
0
0
0
2 61 37
1 60
2 62 75
3 61 55 40
1 51
3 32 77 60
3 63 86 55
1 29
1 7
3 47 61 65
3 60 27 71
5 26 78 44 60 81
2 26 30
3 50 30 51
0
1 63
3 29 43 61
3 47 65 66
3 43 51 54
0
3 27 47 20
5 46 31 73 28 29
2 26 44
0
4 45 32 80 54
2 41 28
2 36 26
0
6 41 51 51 9 69 78
2 37 46
1 35
1 44
5 26 84 2 64 41
2 11 65
4 70 68 47 28
1 46
1 66
2 80 10
2 52 65
3 42 24 38
0
0
0
7 48 48 51 58 48 78 60
1 81
3 64 72 40
2 64 62
3 38 43 26
3 56 44 51
0
2 77 78
1 28
2 56 71
3 22 57 66
0
4 30 35 33 69
3 71 38 32
1 57
3 42 67 26
2 37 42
1 40
3 45 26 81
2 85 55
2 48 30
3 75 38 83
1 45
1 22
2 91 53
4 53 47 12 55
1 33
0
7 65 67 24 73 52 27 41
1 27
2 56 84
2 47 49
2 54 37
2 46 37
2 61 3
3 71 10 61
5 34 42 31 40 26
2 16 61
1 78
1 47
2 56 64
1 85
1 84
2 50 29
3 74 51 57
2 51 72
1 29
4 21 32 71 31
2 99 54
4 57 34 8 51
2 40 68
0
2 29 18
1 70
4 37 38 24 24
1 46
3 23 35 39
5 40 75 40 48 35
3 82 84 32
0
2 72 14
3 57 51 30
2 71 41
1 51
4 36 37 37 48
2 95 66
1 31
6 68 65 56 29 32 39
1 48
1 59
2 38 58
2 32 5
3 65 70 43
2 40 91
4 58 82 39 66
3 68 31 55
2 19 45
1 29
4 51 17 43 60
5 41 59 46 71 54
1 27
3 18 55 50
4 50 42 67 53
2 75 46
4 66 81 47 75
2 41 30
1 48
2 12 75
2 58 47
0
3 29 65 55
1 11
0
4 42 33 83 67
1 26
3 18 27 22
1 43
2 21 26
3 80 82 44
3 70 98 49
4 64 66 37 46
1 67
4 38 46 12 62
1 25
2 59 43
5 75 54 45 60 52
0
4 48 59 25 77
4 41 62 46 31
4 46 72 48 91
1 36
3 79 59 93
3 36 70 50
2 84 60
0
1 42
2 100 44
0
4 36 43 58 33
1 91
1 82
3 53 56 58
2 47 54
1 62
2 52 81
1 20
4 65 71 87 38
2 78 50
0
3 62 49 56
1 56
3 53 51 51
1 78
2 58 23
2 76 31
3 41 80 37
5 71 61 42 32 53
2 29 59
1 94
2 73 23
2 21 39
0
1 38
3 52 13 62
2 44 52
2 51 43
1 30
4 67 34 23 31
1 96
4 30 52 56 54
2 60 70
2 70 44
2 49 24
6 53 78 52 27 71 34
4 17 45 26 12
3 65 93 60
3 87 49 73
2 38 90
3 59 78 53
6 41 18 37 26 77 29
3 72 22 60
4 54 45 40 78
4 9 72 32 36
2 74 23
0
2 48 39
1 46
1 64
2 56 27
2 90 50
4 59 25 71 47
2 52 27
4 65 62 61 16
2 44 55
3 77 35 55
5 70 38 50 63 51
1 79
1 37
3 51 58 59
3 55 32 26
1 31
0
1 43
0
6 61 51 30 94 41 41
1 68
5 71 40 56 73 80
2 69 17
5 67 30 42 52 72
0
5 65 49 41 28 42
4 67 74 82 47
1 62
0
3 14 52 27
2 11 53
5 89 65 63 34 57
3 48 56 57
3 60 56 39
3 75 45 61
1 66
2 57 39
1 67
2 39 43
2 84 49
1 75
0
3 33 16 27
2 66 80
1 46
3 35 64 44
1 51
3 28 21 96
5 28 3 41 33 29
2 43 33
4 38 74 28 43
1 39
2 57 37
3 67 81 58
1 60
1 79
1 17
2 40 51
3 78 23 43
4 33 38 32 75
1 55
1 58
2 58 70
3 35 35 74
5 42 51 5 85 36
5 59 65 68 44 70
4 78 44 61 86
2 70 42
0
3 60 48 24
2 57 32
3 29 57 50
2 35 40
0
1 75
3 10 54 39
3 35 42 71
4 71 51 57 65
2 81 26
3 20 45 33
1 61
1 25
1 49
3 50 24 68
5 5 43 24 66 49
1 88
1 69
1 73
2 39 37
3 52 55 51
4 18 29 50 42
3 67 52 59
1 30
2 51 66
5 15 52 70 54 14
1 39
2 45 70
3 65 50 58
3 72 57 40
2 48 84
4 31 82 18 43
1 17
1 66
5 100 50 61 62 62
5 56 75 46 90 60
1 27
6 23 34 51 54 40 49
3 19 72 89
4 76 76 59 30
2 34 61
1 53
3 71 53 40
4 68 40 88 38
3 100 76 58
3 58 30 49
2 41 72
1 71
0
2 12 84
0
5 37 79 23 74 26
3 86 74 46
5 62 46 82 14 71
3 12 51 57
3 24 61 28
1 61
2 50 57
2 21 55
2 82 44
1 5
4 60 45 24 57
2 20 46
4 61 48 24 55
4 95 42 62 54
4 79 52 26 61
0
0
3 57 43 70
1 62
3 55 39 46
1 74
1 21
3 52 61 78
1 51
3 67 48 41
4 33 74 29 53
2 37 7
2 21 69
3 21 64 73
2 47 29
4 37 40 69 21
1 74
2 21 55
4 16 43 57 40
2 50 48
4 55 30 39 43
4 45 72 43 39
1 21
3 25 33 81
2 80 64
3 39 24 50
2 57 51
2 88 13
1 49
1 41
3 33 52 73
2 71 61
9 66 59 42 39 66 55 29 44 29
4 36 45 35 13
2 35 48
0
3 58 32 72
3 36 54 40
3 53 48 28
2 71 40
3 20 98 61
0
1 32
1 65
4 43 50 38 55
4 60 54 35 87
5 76 57 64 31 11
5 52 48 79 59 68
1 37
1 25
7 77 43 13 38 42 29 58
1 53
1 64
0
1 57
3 30 26 67
1 39
1 59
1 85
4 49 13 40 67
3 19 63 51
1 63
6 97 48 74 3 21 82
3 47 64 68
2 40 48
2 77 66
3 16 45 25
2 50 28
0
2 61 46
2 61 41
2 41 36
3 30 77 48
6 40 75 22 23 56 52
1 60
1 47
1 22
4 43 37 56 52
1 55
0
4 31 30 43 36
5 61 13 48 48 61
2 76 57
2 51 35
4 12 35 43 42
3 36 66 62
4 70 72 51 53
4 30 45 81 79
2 42 52
1 13
3 7 49 22
1 60
1 48
5 41 61 39 46 67
2 46 14
2 77 50
1 63
1 37
1 20
2 58 56
2 71 28
1 60
3 68 30 34
6 57 95 66 52 38 13
5 46 58 59 63 38
2 59 53
6 54 58 34 73 52 63
3 22 65 43
1 52
3 50 54 73
1 19
7 79 8 70 31 66 9 62
2 90 60
3 48 70 38
3 73 63 41
4 19 72 28 52
2 78 39
1 27
0
2 51 54
2 37 84
0
1 56
4 40 53 14 74
3 74 41 11
2 40 39
5 3 43 70 58 36
1 24
1 24
2 46 49
1 59
4 89 64 80 69
0
5 54 28 36 53 44
3 34 38 26
2 69 36
1 34
6 26 75 40 63 51 71
2 51 17
3 47 8 56
3 30 44 70
3 23 35 52
1 14
1 43
3 34 37 31
4 35 36 51 43
2 45 19
4 17 25 80 50
4 65 46 44 37
4 38 61 27 62
3 57 20 59
1 58
3 46 52 57
4 78 55 32 54
1 24
1 56
0
1 43
3 17 35 30
1 86
3 43 40 44
1 54
6 31 24 32 45 33 36
2 55 41
2 59 47
4 39 69 45 80
4 64 30 36 66
4 45 42 28 24
8 58 54 61 55 29 23 36 57
2 14 4
7 33 49 54 90 14 22 42
2 46 56
2 40 28
4 29 45 66 47
3 24 59 37
1 38
3 51 24 17
4 48 36 48 48
4 56 82 65 31
1 80
0
3 31 47 3
1 36
4 22 53 90 67
0
2 63 49
2 52 71
3 25 68 46
2 37 96
3 38 59 51
5 30 70 72 49 80
3 42 53 27
4 30 23 39 43
1 48
2 34 94
5 46 48 69 36 74
2 93 61
2 42 64
3 41 78 23
2 67 48
2 84 46
1 79
4 29 68 35 72
2 44 38
1 27
0
3 57 35 57
3 69 42 43
1 32
1 70
3 46 48 63
1 57
2 75 59
1 74
2 81 18
2 45 52
1 82
2 31 35
2 57 36
0
2 20 57
3 72 41 45
6 85 68 41 61 43 58
4 36 53 23 48
3 40 55 75
2 68 60
6 14 74 41 45 44 57
5 70 79 28 61 4
2 100 21
1 41
3 75 54 60
5 61 70 57 37 56
1 43
2 20 12
2 46 41
2 29 50
0
4 58 13 55 42
2 31 42
5 50 56 9 49 23
3 38 39 57
3 40 65 63
0
1 45
2 52 18
1 46
2 59 48
3 94 58 51
3 61 32 43
4 46 20 3 58
1 38
3 77 53 62
2 54 39
1 96
2 46 59
1 58
4 57 53 44 52
1 48
4 88 55 72 41
4 52 31 26 81
2 25 38
2 50 43
0
3 34 42 61
2 83 51
4 24 52 28 85
1 41
0
2 47 59
0
4 69 53 93 37
8 51 97 49 73 41 35 30 38
3 27 22 60
1 49
4 67 83 54 73
2 41 14
1 72
2 38 46
0
4 99 96 49 13
2 61 74
1 65
4 50 82 20 70
1 55
5 73 40 55 39 28
1 30
3 52 40 38
2 35 62
3 17 17 44
3 70 28 9
6 67 46 44 93 52 51
3 13 97 74
1 29
2 3 72
1 50
5 54 57 55 59 56
1 66
3 37 79 59
5 53 52 68 34 62
4 65 50 11 79
1 37
3 50 49 74
2 71 62
2 49 63
2 48 26
2 54 72
2 44 26
2 54 62
2 74 53
4 46 71 24 70
3 37 60 51
0
5 64 48 60 0 56
2 46 49
0
3 40 92 79
2 28 19
4 35 46 46 67
4 45 49 41 49
4 26 74 64 59
3 40 85 41
7 22 47 52 21 41 44 66
3 16 49 69
0
2 86 59
2 51 45
4 40 84 34 55
1 63
4 32 81 22 62
0
2 28 81
4 43 44 30 51
1 48
0
1 34
0
3 38 37 12
2 78 70
2 41 33
4 30 21 33 26
1 55
3 9 61 59
1 38
6 29 24 64 52 38 34
3 53 44 72
4 48 63 49 57
3 33 33 75
3 31 47 77
1 88
5 84 57 68 58 55
5 55 33 72 15 76
4 46 72 23 70
2 60 21
2 44 27
5 36 66 81 41 34
4 28 44 56 34
4 36 57 47 61
2 42 33
3 24 40 28
2 53 17
2 58 40
3 20 70 51
0
2 51 57
3 19 62 41
4 44 88 43 62
3 48 24 34
1 62
1 69
0
0
0
1 73
2 44 74
2 64 47
3 81 72 81
2 16 69
3 42 73 45
5 69 41 54 30 25
3 91 18 32
3 48 44 47
2 30 88
4 64 36 58 54
1 50
0
2 52 40
2 63 55
4 69 59 50 37
2 33 46
4 63 63 42 46
1 62
2 58 46
1 41
4 13 66 53 25
4 31 50 72 32
1 14
3 60 74 64
1 81
3 65 30 29
3 49 50 46
2 42 48
4 43 50 40 50
4 64 34 80 46
5 65 33 30 18 41
3 42 45 76
1 65
3 77 50 34
3 41 11 100
4 70 75 34 20
2 54 56
2 50 88
1 34
2 28 24
1 26
0
3 41 34 69
1 79
2 36 60
2 45 49
4 49 27 74 83
2 47 32
1 33
0
1 53
1 35
1 64
3 69 14 47
5 46 43 85 55 42
2 60 35
2 54 57
2 84 33
1 41
3 51 80 74
1 61
2 51 36
2 95 79
6 89 54 45 34 35 33
3 39 39 33
2 23 85
2 67 46
4 17 51 58 62
1 39
2 58 60
2 53 56
1 30
2 57 65
0
1 51
3 55 43 43
2 36 53
2 48 26
2 58 46
4 29 50 27 72
4 24 29 38 35
9 53 59 50 26 64 24 49 54 86
1 52
1 51
3 52 72 78
3 34 67 39
4 67 54 34 90
2 86 33
6 28 42 69 56 55 77
1 52
2 65 56
0
1 51
2 55 73
3 52 33 35
2 56 30
3 47 27 21
0
3 75 45 79
3 69 47 33
3 55 54 40
1 35
2 22 50
6 26 20 37 35 41 52
5 80 58 63 71 32
3 46 56 45
1 47
0
1 82
1 33
2 77 32
2 63 60
2 44 56
4 76 83 3 68
3 12 64 39
5 43 16 70 9 47
6 36 55 50 50 57 9
1 96
4 48 88 34 43
2 71 44
1 62
2 29 59
2 53 49
2 25 95
2 50 39
8 40 58 54 59 61 47 34 35
2 21 57
3 76 33 53
2 73 49
1 51
0
1 38
1 60
2 63 45
3 82 42 57
4 28 82 44 70
2 70 38
0
4 28 20 56 74
2 44 63
0
1 76
2 48 49
7 39 63 29 62 49 51 41
1 58
1 34
1 51
3 42 31 51
2 55 44
1 57
3 40 58 4
3 44 11 62
2 84 25
3 36 43 40
1 47
4 19 56 40 12
2 59 37
0
1 21
1 53
4 26 65 64 48
5 70 55 53 35 81
1 18
2 42 29
9 47 38 98 54 42 43 27 51 71
1 42
4 67 35 30 23
2 39 66
6 53 41 47 33 2 29
5 58 62 25 38 23
3 43 30 36
1 50
3 58 55 20
3 32 81 51
2 25 38
3 47 43 32
2 32 32
1 81
2 63 34
0
2 77 33
1 42
1 12
4 68 61 35 38
2 50 49
1 44
1 56
0
1 64
3 58 86 59
4 45 87 43 58
3 19 67 63
1 75
2 62 36
2 33 48
3 48 58 43
1 76
2 64 16
2 54 50
3 33 33 62
3 45 71 53
1 36
1 36
4 56 50 73 39
5 51 88 38 49 58
2 62 68
0
0
3 45 31 68
0
2 31 28
3 46 81 69
1 39
2 29 14
2 46 29
5 30 54 1 27 69
0
4 79 53 68 17
5 54 43 36 23 17
0
6 43 37 42 64 66 56
3 40 25 37
3 26 44 43
0
1 56
5 14 23 41 70 64
2 62 29
5 43 49 83 69 4
2 35 21
4 26 72 56 36
2 17 35
1 48
3 57 95 60
2 51 25
3 50 13 52
2 77 46
3 53 48 31
0
3 96 29 23
2 11 38
2 50 85
4 35 15 26 52
2 28 48
2 47 66
2 49 42
1 55
3 35 89 30
0
1 57
2 29 12
2 50 58
0
0
2 35 33
5 82 84 47 20 41
4 19 84 11 81
1 79
1 91
4 50 29 33 74
4 34 72 33 39
1 66
5 58 41 70 53 49
4 49 39 73 42
0
2 31 64
1 25
3 66 39 79
1 31
2 44 58
2 35 20
3 48 80 73
2 40 32
6 42 39 20 33 30 57
1 28
3 18 29 69
1 18
4 56 46 79 73
2 66 87
2 26 59
1 67
0
2 7 30
0
3 53 58 45
2 72 96
2 34 37
1 41
4 31 90 53 62
2 25 27
3 42 24 40
2 52 50
4 37 52 57 49
3 72 24 29
1 51
2 37 57
0
6 67 41 35 59 23 63
1 83
0
2 14 35
5 23 74 54 26 53
0
1 52
1 56
3 52 34 47
1 69
1 33
6 36 17 63 38 47 67
1 34
2 18 72
2 30 71
4 29 52 56 12
1 50
2 33 57
2 62 65
1 67
2 68 16
1 28
2 52 42
3 34 53 85
3 59 65 53
1 67
0
4 65 40 83 87
3 39 27 9
3 71 54 44
2 22 46
0
3 60 63 40
3 81 94 40
2 27 70
3 46 55 2
1 52
5 23 52 39 19 1
0
0
3 40 46 60
3 25 46 56
4 32 31 53 53
1 20
0
3 83 61 93
1 47
4 72 65 39 32
0
2 65 72
1 54
3 31 39 19
0
3 40 53 57
6 56 64 57 43 46 36
1 54
1 76
4 29 37 71 56
2 45 37
0
1 26
1 60
3 31 51 53
1 79
1 67
2 25 21
3 62 66 26
1 43
2 7 33
0
4 96 50 21 36
3 70 46 17
1 74
5 35 60 29 49 69
4 58 57 43 57
1 37
1 85
2 48 51
1 33
0
1 31
5 60 88 41 72 15
2 66 62
1 57
3 60 59 45
4 39 39 51 66
3 70 60 35
1 38
3 52 7 36
3 37 35 40
3 46 17 57
0
3 61 69 57
3 57 64 32
2 38 57
2 44 35
1 49
2 98 53
0
3 38 69 63
1 85
0
3 63 88 63
2 17 47
2 55 37
2 75 41
2 17 19
2 54 52
1 70
4 36 38 71 56
1 71
2 22 50
1 81
2 75 33
4 27 61 82 48
4 53 83 51 29
3 43 37 73
1 54
4 60 54 57 51
3 44 14 44
5 56 73 69 84 46
3 54 94 77
2 3 83
2 33 47
1 53
3 11 63 55
0
3 27 70 22
1 25
1 49
2 50 74
1 31
0
1 67
4 54 48 43 100
4 76 57 47 30
2 67 47
0
2 45 65
1 59
4 26 64 39 40
1 44
4 41 51 82 78
1 61
0
3 17 67 99
1 96
4 35 52 53 57
2 24 8
2 59 40
4 43 82 23 40
2 68 31
3 31 61 82
2 40 48
1 61
2 37 94
1 33
3 75 67 39
1 29
2 40 31
3 45 82 84
0
0
0
2 41 90
1 71
3 79 59 48
4 56 95 38 34
2 22 84
3 35 36 61
4 21 67 73 49
2 77 64
1 64
1 12
1 99
2 64 72
3 58 72 53
3 82 71 65
0
2 64 52
2 61 53
1 38
3 60 56 55
4 28 36 37 34
1 57
1 44
1 57
1 53
2 40 53
1 52
4 71 41 66 41
1 38
1 31
2 26 39
1 37
2 79 40
0
2 66 62
2 74 31
2 26 24
0
3 33 18 23
1 62
3 27 60 36
2 32 72
6 49 54 33 58 81 33
0
1 32
1 66
1 38
3 34 54 36
1 15
3 70 61 39
1 38
2 41 92
0
0
1 56
2 51 58
1 69
3 41 40 27
3 71 29 26
2 49 28
1 65
2 23 63
3 19 74 58
2 59 43
5 47 45 30 38 54
5 56 86 84 55 52
1 54
3 49 67 62
1 46
1 52
1 70
3 79 42 45
4 77 50 27 62
2 51 35
1 52
1 52
2 60 40
3 40 7 48
1 39
1 59
3 78 51 57
1 75
0
2 71 49
1 14
0
0
4 36 62 33 29
1 29
2 24 50
0
0
0
4 32 45 32 48
3 52 67 57
3 33 81 67
0
2 59 39
2 44 32
3 74 67 67
5 54 56 68 74 94
3 73 98 54
4 81 52 57 72
1 45
1 63
2 83 35
3 70 16 35
0
0
2 46 44
2 39 40
3 37 39 56
0
3 49 51 67
1 43
1 13
3 49 40 55
3 57 63 90
1 21
1 91
0
3 39 27 59
2 45 30
4 52 83 26 47
3 24 65 32
1 21
1 48
3 52 71 34
0
1 49
1 72
1 69
1 37
0
2 32 36
2 53 63
2 46 39
2 69 64
0
0
1 73
2 20 35
5 32 71 47 74 91
0
4 36 36 22 80
2 81 24
1 72
3 28 52 89
0
1 53
1 54
3 43 42 55
1 12
0
2 13 23
1 47
1 36
2 33 52
2 36 85
2 37 65
2 35 34
1 59
1 49
1 10
0
2 58 13
1 30
3 42 57 64
1 51
1 21
1 27
2 48 36
1 49
2 24 55
3 31 78 24
2 53 54
2 49 56
2 42 37
2 14 62
1 23
3 52 35 33
1 65
1 27
2 71 43
3 29 78 17
1 42
1 82
3 1 23 55
2 43 48
0
0
2 48 69
2 33 69
5 45 41 40 39 69
3 8 27 20
1 69
1 58
1 40
1 61
3 47 46 39
2 58 34
0
0
1 70
1 60
1 87
0
0
2 50 55
1 37
1 82
7 69 41 59 29 54 33 53
0
1 56
5 48 61 4 63 57
1 50
2 43 78
1 71
3 41 56 68
1 84
5 45 70 83 28 74
1 44
1 43
1 35
0
1 31
3 61 27 62
0
1 64
2 20 57
4 49 57 34 39
3 59 62 82
0
4 44 49 55 17
3 60 95 48
0
1 68
1 47
1 53
3 60 44 72
0
1 38
0
0
1 22
0
1 57
2 69 53
1 72
3 43 43 40
2 60 41
1 69
2 66 53
2 34 42
0
3 49 53 45
3 29 52 59
2 28 41
5 75 49 75 59 38
3 27 17 19
1 71
2 64 35
0
0
2 20 31
2 52 37
1 66
1 16
1 62
0
2 67 47
2 34 36
2 29 54
1 36
1 40
1 36
2 32 60
1 54
3 40 62 24
2 53 88
0
2 70 51
1 52
0
1 8
0
2 20 61
0
5 50 41 43 80 42
1 79
5 33 30 27 27 34
0
0
2 47 46
2 48 78
1 59
3 43 45 38
2 66 82
0
1 72
1 33
1 18
2 14 67
0
0
0
2 76 74
1 58
1 58
0
4 79 24 26 55
0
2 46 46
1 35
1 17
0
2 50 58
1 3
1 72
2 38 49
0
1 55
1 27
1 30
2 56 62
1 54
2 68 93
1 39
1 33
2 48 50
3 49 81 30
2 72 56
2 88 19
2 68 35
0
1 86
0
1 57
0
1 46
0
1 56
0
1 58
3 96 66 42
0
2 44 40
2 22 65
2 54 27
2 100 38
5 41 21 59 34 53
2 30 70
2 14 57
0
3 48 21 12
2 38 65
0
2 21 19
2 74 26
1 32
2 47 33
2 54 64
1 57
3 41 32 36
3 92 62 63
1 42
0
0
0
0
0
1 29
0
2 42 19
1 49
1 12
3 62 31 37
3 76 38 33
1 55
1 54
5 70 39 22 42 44
0
2 25 40
0
1 61
1 43
1 51
0
4 33 69 31 66
2 19 55
1 32
1 50
2 50 53
1 55
3 7 60 61
3 45 54 91
1 53
1 38
1 59
0
3 57 48 68
3 31 34 66
0
0
1 52
1 31
0
0
0
3 51 23 70
1 86
1 72
0
2 80 26
2 50 48
0
1 58
1 35
0
3 66 64 30
4 41 91 33 48
1 38
1 30
1 45
1 68
1 56
2 7 26
0
0
0
0
0
1 46
0
0
1 48
3 40 40 65
0
2 18 60
1 42
5 73 32 23 52 50
0
2 37 36
0
3 58 38 84
0
0
1 55
0
0
4 78 33 38 38
0
1 71
0
1 36
0
1 71
1 47
0
2 50 75
1 67
1 65
2 64 56
1 56
2 34 19
1 37
1 47
4 40 46 51 29
0
0
1 54
0
4 43 9 48 81
0
1 66
2 51 61
1 63
2 73 63
1 35
1 43
1 65
0
0
3 42 51 73
2 42 69
2 15 36
0
1 36
2 44 76
0
1 76
1 15
2 55 38
3 63 73 69
1 29
0
1 62
1 57
1 59
1 36
1 60
2 71 48
2 88 52
0
1 51
1 50
2 35 52
2 50 68
0
0
0
0
2 40 33
3 61 55 45
0
1 31
1 52
0
1 34
2 27 81
1 77
0
1 46
2 96 46
2 42 56
4 30 38 42 32
0
3 54 21 45
1 44
2 60 70
0
0
1 36
0
1 67
1 45
1 71
0
0
3 36 62 32
2 46 87
3 64 66 34
0
0
1 42
0
0
0
1 61
1 43
1 61
1 51
1 47
0
0
0
1 34
1 40
1 20
3 85 38 12
0
2 53 38
1 33
0
2 48 34
1 49
0
1 68
2 35 68
0
1 46
0
1 45
0
3 47 72 43
4 72 22 54 56
0
3 13 60 40
1 31
0
0
0
0
2 68 24
1 36
0
1 44
0
0
1 50
0
2 42 57
1 55
1 88
1 68
0
1 31
2 54 55
1 51
0
1 61
0
0
3 66 70 47
0
1 49
1 29
2 79 8
1 88
0
0
0
0
3 50 85 45
1 54
1 55
0
0
2 74 34
1 15
2 70 61
0
1 61
3 40 80 56
1 52
1 19
2 74 56
1 37
2 42 35
1 41
0
1 47
0
4 55 52 46 53
0
0
0
0
1 40
1 53
0
1 35
2 54 3
0
2 78 26
1 65
2 51 72
1 14
0
2 63 46
1 53
0
1 38
0
3 33 64 55
1 64
1 26
0
1 66
0
0
1 54
0
2 38 25
0
0
0
0
1 51
2 39 84
0
3 14 64 64
1 39
1 35
0
0
2 47 36
2 61 91
0
1 61
2 56 3
0
0
1 32
0
0
0
1 58
0
0
0
1 76
2 45 55
0
0
2 27 66
1 42
2 64 45
1 48
0
0
1 54
1 31
0
0
3 34 64 39
0
1 31
1 35
3 35 60 77
0
1 31
1 50
1 34
4 26 58 29 58
0
1 38
0
3 70 76 17
0
1 45
0
0
0
0
0
1 36
1 52
2 38 61
1 30
0
2 44 60
1 45
1 49
0
0
0
1 60
0
1 63
0
2 64 86
1 71
1 8
0
0
0
1 62
0
0
0
3 31 64 59
2 60 29
0
3 6 15 67
0
0
1 46
0
1 66
0
2 37 69
2 29 47
0
0
1 19
0
1 20
1 23
0
2 61 68
0
1 64
1 46
0
0
0
0
1 36
0
1 56
0
1 51
3 37 66 65
0
0
0
0
1 90
0
0
1 63
2 96 38
1 22
2 30 53
0
0
0
1 67
2 27 57
0
0
2 77 17
1 61
1 73
0
2 58 57
1 80
0
1 60
2 44 34
0
1 79
1 46
1 76
0
0
1 38
2 15 33
0
2 45 45
0
1 69
0
1 19
1 60
1 54
1 66
0
1 36
0
0
0
1 1
1 26
1 40
0
0
0
1 50
0
1 76
1 40
0
0
1 43
1 25
0
0
0
0
0
1 33
0
0
0
1 90
0
0
2 53 28
0
0
1 27
0
2 56 78
0
2 43 34
1 37
1 4
0
1 45
0
1 41
1 49
2 34 61
0
0
0
1 46
1 44
1 49
1 66
3 47 44 31
2 62 55
3 58 70 42
0
0
1 45
0
1 30
0
0
3 38 0 35
0
0
0
1 46
0
0
0
1 65
0
0
0
1 50
1 49
0
1 69
1 65
0
0
0
0
1 58
0
1 67
0
1 60
3 59 68 67
1 47
0
0
0
1 41
0
0
3 76 55 53
0
0
0
0
0
2 53 87
0
1 88
0
0
2 84 58
1 8
0
2 36 51
0
0
0
0
2 36 35
1 47
0
1 45
0
0
0
2 94 61
0
0
1 59
2 42 38
0
0
0
0
2 64 57
0
1 72
2 55 54
0
0
1 79
0
2 55 83
0
1 34
0
0
1 27
1 62
0
0
0
1 45
0
1 40
0
2 37 48
0
1 56
0
0
0
0
1 32
0
0
0
1 33
0
0
1 53
3 48 75 39
1 58
1 33
2 41 47
0
0
1 41
1 50
0
0
2 61 56
0
0
0
1 50
0
0
0
0
0
1 51
0
0
0
0
0
0
1 42
2 64 46
0
2 67 18
0
1 40
1 36
1 12
0
1 61
1 55
1 34
0
2 60 35
0
1 67
0
0
0
0
0
0
0
1 32
0
1 50
2 47 50
1 23
0
0
2 42 58
0
0
1 58
1 33
0
2 43 37
1 47
0
1 27
1 36
0
0
0
0
0
0
1 65
0
0
0
1 86
1 50
0
1 36
0
1 59
0
0
0
0
