3600 4
1 31
0
0
1 61
2 33 70
1 82
1 47
1 63
1 19
3 82 40 29
1 41
1 46
2 54 58
0
0
1 39
1 59
1 75
3 61 63 43
0
2 79 68
0
1 50
1 65
0
1 40
0
1 45
0
0
0
1 80
1 76
0
0
1 49
0
0
1 32
0
2 58 32
0
0
0
0
0
0
1 52
0
2 68 60
0
1 44
0
2 14 61
0
0
4 43 70 57 46
1 39
0
0
2 42 48
1 61
1 77
0
1 57
0
0
2 57 75
0
0
2 46 92
1 32
2 78 26
1 43
1 66
0
0
1 34
1 29
1 29
0
1 50
0
1 43
1 27
0
0
0
1 87
1 44
0
1 87
0
0
1 54
0
0
0
0
2 63 59
0
1 42
0
1 34
2 43 48
1 64
0
2 49 81
0
4 68 64 45 30
0
1 45
0
1 83
0
0
0
0
0
0
1 37
0
0
0
2 77 19
0
0
0
1 53
2 41 29
0
1 26
0
0
1 37
1 38
0
1 7
0
3 77 37 53
0
0
2 46 57
1 51
0
1 41
0
0
1 54
0
2 25 56
1 67
0
0
1 63
0
2 30 26
1 67
1 87
0
0
0
0
0
2 43 72
0
1 46
0
1 26
1 41
0
0
0
1 56
1 61
0
0
0
2 47 72
1 69
0
0
1 16
0
1 87
0
0
0
1 17
2 45 65
1 35
0
1 57
2 50 21
1 23
0
0
1 54
0
0
0
1 79
0
0
0
0
0
2 51 62
1 21
0
0
0
0
0
1 64
1 31
3 32 38 65
1 58
1 59
0
1 63
1 78
0
1 52
1 55
0
3 21 36 50
0
0
1 35
0
0
1 39
0
1 11
1 26
0
0
0
1 72
2 61 35
0
1 26
0
1 57
2 47 39
1 53
0
0
1 44
2 3 11
1 61
0
0
0
0
0
0
0
0
0
1 42
1 51
1 54
1 50
0
0
0
0
0
0
1 48
0
0
1 55
0
0
0
1 54
0
0
0
1 33
2 73 92
0
1 78
0
1 51
1 37
0
1 24
0
0
2 41 51
0
2 48 31
1 61
1 83
0
0
0
2 61 10
0
1 69
0
0
0
0
0
1 66
0
0
1 64
3 50 28 48
1 45
0
1 23
1 64
1 67
0
2 43 47
1 52
0
1 100
1 70
0
0
2 75 64
0
0
0
1 45
1 63
0
0
0
0
0
1 15
2 55 55
0
1 56
0
0
1 38
0
0
0
0
0
0
2 43 62
1 54
0
0
1 48
0
0
1 22
0
0
0
1 38
0
1 34
0
0
0
2 61 59
1 43
0
1 55
1 36
0
1 32
0
1 51
0
1 44
0
0
0
0
0
2 71 57
1 56
0
0
2 38 73
0
0
0
2 35 52
0
0
0
2 47 57
1 44
0
0
0
0
1 40
0
0
0
0
0
1 57
1 42
0
0
1 56
1 32
0
2 29 16
1 53
0
0
0
0
0
1 72
0
0
1 34
1 57
0
1 55
0
2 63 16
0
1 27
0
0
2 26 12
1 32
0
0
1 35
0
1 39
0
1 42
0
0
1 56
3 35 51 45
0
1 50
0
0
0
2 59 47
1 42
0
1 43
2 40 86
0
0
0
0
1 85
1 58
2 68 44
1 77
0
0
0
1 44
0
0
0
0
2 70 46
1 63
0
0
0
1 37
0
0
1 60
0
0
0
0
1 41
0
0
0
0
0
0
2 18 56
0
1 40
1 56
0
0
0
0
1 81
0
1 54
1 84
1 33
0
1 84
1 43
2 56 41
0
1 58
0
0
0
0
0
0
0
1 66
0
1 40
0
0
0
2 50 48
0
1 32
0
2 41 51
1 58
0
2 84 30
0
0
1 72
1 64
1 41
2 55 46
0
1 57
2 59 34
0
0
1 67
0
0
1 55
0
1 65
0
1 94
2 79 35
1 31
0
0
0
0
0
0
0
0
1 46
0
1 52
0
2 54 70
0
0
0
1 97
1 47
0
0
1 33
0
0
1 65
0
0
1 29
1 21
1 29
0
1 46
1 7
0
2 65 74
0
1 24
1 62
1 38
1 79
1 28
0
0
0
0
0
0
0
1 66
0
0
0
2 59 86
1 66
0
0
0
1 28
3 35 62 59
1 46
1 52
1 60
1 52
0
1 62
1 84
1 45
1 52
0
0
0
1 26
2 59 70
0
0
0
0
1 44
1 45
0
0
1 32
0
2 38 23
0
1 10
0
0
1 51
1 35
1 39
0
0
1 58
2 32 55
0
0
2 30 31
0
2 30 52
0
0
0
1 39
0
0
1 63
0
0
1 33
1 51
2 77 79
0
0
0
1 53
1 81
1 73
0
0
0
0
0
0
2 59 18
0
1 47
0
2 74 42
0
1 37
0
0
0
1 57
1 96
0
1 44
1 52
0
1 63
2 43 90
1 44
0
2 100 38
0
1 61
0
1 47
0
2 52 44
0
1 29
2 46 54
0
0
0
1 35
1 52
0
1 30
2 58 77
0
0
0
0
0
0
0
1 31
1 17
0
1 19
0
0
0
1 100
0
2 73 47
1 54
2 42 73
0
1 35
1 51
0
3 44 51 36
1 58
3 30 22 11
0
1 51
1 53
1 83
0
0
0
1 39
1 45
0
1 41
0
2 34 42
0
1 71
1 61
1 62
0
1 42
1 71
0
0
2 15 40
0
1 73
0
1 39
0
0
2 76 31
0
0
0
0
1 35
0
1 27
1 37
1 20
0
2 59 71
0
1 25
0
1 64
0
2 72 47
1 68
1 9
0
1 47
0
2 76 30
0
2 42 24
0
2 41 39
1 37
1 71
0
2 54 19
1 56
0
0
2 49 51
0
0
1 45
0
1 52
1 56
1 34
0
1 51
0
0
1 49
0
2 59 68
1 30
2 63 46
1 56
1 14
1 31
0
1 56
0
1 68
1 77
2 82 23
1 59
0
0
1 83
0
1 28
2 61 36
0
1 51
0
0
1 35
1 55
0
1 70
0
0
1 20
0
1 42
0
1 63
1 56
0
1 59
3 61 61 58
0
1 69
0
0
1 35
1 51
1 17
1 45
1 68
1 39
1 48
1 30
0
0
0
1 90
2 30 66
0
2 62 51
1 9
1 36
0
0
0
2 44 66
2 74 43
2 45 22
1 83
2 74 54
0
0
0
1 49
3 42 59 43
0
0
1 27
2 65 39
2 59 99
3 33 52 51
0
1 58
1 52
1 63
3 36 39 24
0
2 66 75
1 33
0
0
2 42 29
0
2 56 46
0
0
2 61 43
0
0
3 30 80 70
0
0
0
1 43
0
0
0
1 65
1 37
0
0
0
2 53 31
1 62
1 43
0
1 48
2 38 78
1 53
2 55 51
0
2 10 39
2 62 61
0
2 55 93
0
1 27
1 46
2 44 12
1 51
0
0
0
3 66 39 44
1 50
0
1 45
2 32 44
1 79
1 60
0
1 35
0
0
3 37 53 88
0
0
2 9 63
0
0
2 55 56
0
2 34 43
1 39
2 42 31
1 44
1 55
1 52
1 43
2 64 64
1 22
0
0
1 51
0
1 58
1 52
1 62
1 27
1 41
0
1 19
2 42 50
0
3 32 31 50
2 70 57
1 47
0
1 45
2 21 35
1 61
0
1 48
2 41 59
0
1 56
0
0
1 51
0
0
0
2 69 33
0
2 45 46
0
1 41
2 52 48
0
1 33
4 63 91 52 47
1 75
1 14
2 49 38
0
0
2 31 44
2 47 54
0
1 37
3 60 56 58
1 67
1 23
4 53 43 79 55
0
2 51 49
1 57
0
0
0
1 42
2 62 5
0
0
2 32 56
0
0
1 47
0
1 30
2 53 58
2 49 92
1 26
2 47 46
2 26 69
0
1 56
0
1 48
1 73
1 52
1 39
4 40 69 63 48
1 45
0
0
2 35 37
0
2 40 57
2 43 69
2 27 65
1 43
0
2 71 81
0
2 58 67
0
1 66
3 64 55 96
1 3
1 70
0
0
1 73
1 40
4 78 24 55 26
1 48
1 27
1 38
0
2 37 46
1 51
1 13
1 58
1 58
1 21
1 48
4 57 20 51 19
2 47 26
1 64
3 39 45 54
1 32
1 39
2 76 40
1 17
0
1 72
2 55 67
0
0
2 66 82
1 26
1 36
1 43
1 28
2 76 69
1 12
2 74 46
2 65 69
1 49
0
0
0
1 39
2 90 59
0
0
0
3 73 42 73
1 72
2 34 60
2 48 49
2 47 44
1 82
1 42
1 62
1 18
1 43
1 59
2 54 32
0
1 71
2 61 48
2 24 76
2 73 76
2 70 67
2 49 83
2 83 70
3 53 58 44
2 35 62
1 57
0
1 42
0
2 63 61
2 86 45
0
0
1 51
0
0
0
1 49
1 84
2 52 82
1 100
3 78 55 81
1 49
2 35 38
2 47 69
3 38 2 45
1 22
0
1 57
1 31
2 65 64
1 72
0
1 90
1 84
4 37 35 75 68
1 44
1 52
1 84
1 87
2 77 64
0
4 83 48 69 87
4 66 52 76 71
2 59 35
1 7
0
2 54 72
1 37
0
0
1 38
0
1 4
2 67 49
1 54
2 59 46
0
3 49 29 79
0
1 49
1 52
2 90 66
2 74 42
0
1 62
3 59 40 55
1 72
3 49 74 40
0
1 35
2 71 53
1 22
1 62
1 38
3 77 58 46
3 27 79 25
1 35
1 24
3 44 56 46
1 58
1 55
1 43
1 62
0
2 50 46
1 70
2 42 9
0
1 30
2 52 41
2 56 68
0
2 14 69
1 10
0
1 43
0
2 68 77
3 48 56 72
1 26
0
2 38 69
0
0
2 44 26
4 57 66 32 34
0
2 61 74
2 59 54
2 30 56
1 57
1 62
1 44
0
1 26
2 35 2
2 70 43
2 58 25
1 60
1 64
2 29 44
2 68 28
1 36
2 80 25
4 28 48 56 58
2 61 54
2 85 25
0
1 36
0
1 33
2 46 17
2 38 55
2 51 78
1 48
2 46 70
3 52 44 34
2 26 59
0
2 45 64
3 71 81 60
2 68 64
0
0
0
2 9 18
1 35
3 53 41 44
2 68 56
3 60 77 86
1 40
1 79
0
2 52 19
1 38
1 83
1 32
6 54 48 79 27 31 74
1 55
4 44 78 42 37
0
4 51 28 57 32
2 52 56
1 45
2 43 27
1 56
1 46
0
1 57
2 47 45
0
1 61
0
1 28
1 81
1 65
0
1 27
3 65 47 45
3 34 4 44
0
0
1 73
3 14 61 39
3 59 66 78
3 90 64 37
2 75 44
2 33 29
0
1 22
2 52 46
1 67
0
2 64 36
3 65 36 25
0
3 49 31 50
0
0
2 28 63
0
4 47 80 12 63
1 0
3 60 65 15
1 82
0
0
4 30 45 32 49
2 35 57
2 47 54
3 52 68 21
2 42 35
0
1 16
1 79
2 17 59
0
1 28
5 25 62 47 55 63
1 34
1 67
2 58 35
1 41
1 31
2 54 28
2 30 31
1 43
2 51 78
2 74 64
2 46 55
2 40 56
1 68
2 56 38
4 38 39 19 61
1 49
1 67
2 26 22
4 66 63 66 72
0
1 58
1 64
2 54 46
0
4 50 79 49 52
3 53 34 36
1 69
1 66
1 21
1 37
1 87
1 46
3 55 52 83
2 81 37
1 77
1 77
0
3 63 42 58
2 27 21
2 56 77
2 30 39
0
2 75 47
2 51 66
5 55 63 65 70 75
0
3 48 28 38
1 51
0
0
3 28 45 89
5 82 45 43 63 67
0
0
1 45
0
0
5 79 47 32 78 84
3 60 43 55
2 34 59
0
4 77 55 45 16
2 32 48
0
1 72
3 52 24 69
4 18 35 60 38
1 18
1 37
0
0
3 26 74 44
3 58 48 83
3 44 32 33
1 63
0
3 54 34 57
1 27
1 49
2 54 41
1 34
5 47 61 65 40 81
0
1 40
1 23
1 17
0
2 49 52
1 63
0
1 67
3 40 51 75
1 46
0
3 82 55 90
4 50 7 46 61
5 86 61 10 86 64
1 64
4 51 53 60 48
4 47 60 47 46
3 29 75 3
1 41
1 50
1 47
1 56
1 11
2 56 41
4 33 73 39 55
2 32 38
2 81 39
2 23 85
0
0
3 58 80 38
0
1 15
1 37
0
2 27 83
0
2 69 100
1 37
1 38
2 59 50
2 49 38
3 68 80 68
4 42 47 95 39
2 76 14
2 33 52
1 64
2 83 50
1 28
1 61
3 64 47 32
3 11 45 43
3 45 53 82
1 38
0
2 47 32
1 74
6 49 70 47 43 23 65
3 22 43 35
1 44
1 38
2 80 49
2 39 52
2 42 51
0
2 29 53
1 10
2 38 64
3 38 53 46
4 80 71 90 32
5 35 38 65 69 34
4 78 65 12 69
4 55 40 73 62
2 50 38
1 65
5 61 29 65 65 23
3 37 78 49
1 46
2 32 31
1 75
2 31 49
3 85 66 22
0
4 47 83 51 33
0
1 46
0
2 46 46
2 68 52
1 48
1 44
1 57
2 69 28
0
4 53 39 38 34
2 59 16
2 14 26
1 62
2 41 76
1 27
0
0
3 47 67 22
2 27 62
3 36 79 13
0
1 78
1 65
1 41
1 58
2 48 30
4 71 35 32 44
4 30 40 32 73
3 67 57 35
2 18 47
3 63 51 39
1 47
2 80 46
0
4 79 25 55 77
3 69 48 59
1 23
2 55 56
2 65 64
0
1 47
3 30 50 34
3 67 54 67
3 48 77 51
4 46 79 62 37
1 24
2 75 54
1 51
2 75 17
0
1 41
1 54
4 29 51 33 96
1 64
2 84 51
0
1 78
5 50 54 37 40 60
2 60 71
1 51
4 58 72 71 24
1 42
2 73 79
3 67 83 80
3 42 29 54
2 40 60
2 42 19
1 33
4 55 45 41 36
1 28
1 34
3 96 31 73
4 36 59 60 38
2 30 58
2 32 19
0
3 54 42 20
3 40 39 80
2 80 45
1 30
3 41 19 45
1 37
3 31 52 64
2 53 60
1 40
2 49 35
2 48 38
5 63 78 80 48 85
1 63
2 73 44
4 48 1 45 65
3 31 67 41
0
2 66 22
2 72 23
2 7 39
2 79 43
0
2 42 26
3 71 59 34
2 18 15
2 36 49
2 88 52
1 62
1 36
1 65
1 39
2 60 68
2 48 25
3 65 15 55
2 47 44
5 59 37 36 53 56
2 75 48
2 13 57
3 36 13 84
2 45 44
3 72 84 86
0
3 82 47 38
1 33
6 47 21 31 52 32 23
2 35 65
2 66 12
1 39
1 67
0
3 48 37 68
1 40
0
2 28 43
4 71 50 81 60
1 45
3 34 62 57
2 32 44
2 60 54
0
3 53 60 44
2 30 55
0
4 34 83 58 63
1 35
1 59
1 88
2 35 56
6 77 85 27 25 36 52
4 60 54 64 33
2 60 59
1 32
3 46 76 28
4 43 75 61 18
1 14
2 42 33
2 72 66
2 29 37
3 25 41 59
1 74
2 68 63
3 46 45 26
3 41 33 43
2 10 22
1 20
3 56 46 32
2 78 26
1 59
3 33 14 85
5 16 82 50 69 67
3 4 52 13
3 29 24 56
3 18 56 46
1 43
1 4
3 37 38 34
4 31 32 57 73
3 47 49 32
2 36 61
1 51
1 48
2 47 41
1 21
0
1 44
1 44
3 22 20 17
1 39
2 25 84
0
1 57
1 16
5 68 63 29 59 56
1 60
2 54 36
2 46 72
2 35 40
2 54 47
1 36
4 57 45 45 32
5 24 54 39 60 40
5 65 36 25 67 57
3 44 63 71
2 47 67
3 6 52 57
3 93 46 72
2 30 68
3 57 81 55
3 56 75 56
2 30 33
1 41
1 95
2 80 79
3 50 54 52
2 35 71
2 61 56
3 75 34 50
1 11
1 96
1 51
2 67 43
1 61
2 56 20
0
3 51 39 19
2 34 58
3 58 66 53
3 39 79 57
2 50 33
1 58
1 39
1 38
2 48 76
3 39 62 42
1 44
1 42
2 56 12
4 35 42 57 59
4 37 62 36 66
5 26 53 31 22 43
1 64
2 76 40
2 41 90
2 58 80
0
6 69 46 22 42 35 64
1 32
4 56 93 43 90
1 31
2 40 53
2 37 57
0
1 46
3 46 53 59
1 87
5 31 36 16 26 71
1 59
0
1 68
2 45 31
5 68 72 35 35 71
3 67 52 19
1 50
0
4 45 71 47 34
4 33 28 59 63
4 65 47 34 48
5 49 35 15 68 51
2 72 51
4 74 50 78 31
1 53
3 43 94 63
2 62 62
1 79
3 46 48 66
1 56
3 81 44 40
2 54 7
5 98 49 59 9 69
2 52 27
2 15 60
2 62 79
1 7
0
1 21
5 62 70 45 56 60
0
3 52 50 81
4 50 28 44 50
6 56 52 29 15 61 70
2 45 57
2 85 87
1 10
3 41 41 31
5 48 34 38 19 49
5 69 62 35 66 23
2 72 61
1 7
3 39 71 38
2 30 57
2 61 29
3 50 75 57
2 46 24
3 65 51 49
4 49 47 67 59
2 47 51
2 30 60
1 35
3 55 59 51
2 48 39
0
2 68 60
1 44
1 55
3 47 19 46
2 61 55
0
1 34
4 64 60 40 49
7 34 32 4 44 67 17 48
0
0
1 36
4 64 54 49 28
5 22 75 50 68 24
5 50 19 47 48 66
2 71 66
3 58 51 57
1 67
1 65
0
3 46 16 49
0
2 38 68
3 53 26 78
3 26 56 54
1 12
1 24
2 68 45
4 64 34 68 32
4 46 40 51 38
3 60 55 44
1 66
4 38 66 45 72
2 74 41
4 41 48 49 20
4 43 63 82 58
3 52 60 59
1 51
1 45
4 49 39 42 63
2 54 60
2 30 56
4 48 71 22 60
2 91 41
0
3 80 37 43
5 40 41 55 97 42
3 82 48 48
2 28 80
2 57 67
3 54 52 62
2 49 42
1 92
0
1 56
5 34 56 40 50 73
1 50
1 59
3 52 59 43
1 31
2 36 33
2 56 46
1 40
1 69
3 93 13 20
1 36
4 20 44 78 22
0
2 45 47
3 55 18 66
2 77 37
0
3 31 55 55
3 47 24 50
6 38 64 66 71 28 62
3 15 34 77
2 28 95
1 63
3 43 50 31
2 81 24
4 41 66 66 54
1 65
1 37
4 44 64 45 46
1 78
1 28
3 76 19 61
2 57 51
2 40 59
3 65 47 42
2 53 67
5 60 64 28 48 65
6 41 78 33 40 38 66
1 13
2 15 32
8 36 35 79 2 51 34 48 60
0
3 52 13 52
2 81 37
2 53 53
4 65 8 44 47
4 51 28 48 44
4 86 26 51 27
0
2 53 39
3 69 52 81
2 55 43
3 2 49 64
3 48 70 92
2 61 70
0
2 63 70
0
2 56 59
1 50
4 46 57 49 35
4 68 57 51 42
2 71 51
2 27 50
2 82 44
1 51
0
1 23
3 36 30 26
0
3 36 63 40
4 78 32 56 37
4 63 16 54 55
3 38 42 79
3 58 21 31
2 64 78
6 45 49 25 75 31 41
3 29 66 54
1 45
0
4 47 53 54 51
2 57 10
2 70 53
1 31
4 55 46 61 23
2 87 46
2 66 39
5 44 62 58 26 49
2 44 44
1 54
4 38 45 62 43
2 29 42
4 63 45 10 43
0
2 20 47
3 63 59 46
1 42
6 38 70 32 74 56 74
2 34 37
2 43 50
4 77 36 41 60
3 30 55 34
0
3 52 88 93
2 95 66
1 51
1 70
0
3 36 35 79
2 45 96
3 60 76 24
4 56 51 43 52
0
4 62 46 72 72
1 14
1 45
1 43
4 50 78 67 45
4 60 65 46 54
1 16
1 30
5 95 61 1 32 31
1 47
6 96 48 54 39 66 42
3 74 28 61
3 36 35 85
2 61 57
2 40 31
5 55 47 44 37 49
2 19 29
1 78
3 38 54 67
1 37
4 45 42 58 72
4 40 70 80 77
2 49 34
2 22 29
3 35 66 46
2 47 25
2 55 78
1 30
2 48 61
4 59 45 84 69
3 8 24 74
0
3 69 24 23
1 57
3 29 42 63
1 24
2 46 58
3 40 58 70
2 46 58
2 13 27
2 47 77
2 96 49
4 34 61 24 39
0
3 22 42 34
7 87 84 34 56 50 58 53
1 35
2 63 72
5 81 66 77 55 3
1 57
1 15
2 22 41
4 27 38 35 47
5 52 63 59 38 34
6 79 43 57 39 64 22
4 43 67 65 31
4 53 24 40 46
4 63 87 29 48
2 49 42
3 42 47 34
1 52
3 35 52 61
2 56 26
1 56
3 61 57 58
3 31 21 67
1 26
3 58 51 59
1 41
0
2 9 67
4 69 59 84 42
4 27 34 70 42
2 21 51
2 33 80
1 1
3 43 67 66
1 6
2 50 69
1 33
2 59 45
1 68
4 61 53 15 43
1 80
5 58 67 63 57 52
2 44 45
3 74 61 51
2 60 54
5 47 36 31 46 37
4 28 89 47 70
1 28
3 53 15 47
2 37 74
1 51
5 62 75 40 64 62
4 50 42 69 60
1 56
3 16 31 41
0
1 53
4 73 36 36 64
1 64
3 47 66 76
2 57 84
5 97 28 61 27 64
4 40 53 57 28
5 36 67 29 48 25
0
5 31 66 64 36 44
2 88 77
1 26
2 21 36
4 85 77 65 27
2 40 55
1 75
0
0
3 56 60 30
5 60 64 49 24 25
2 52 8
2 35 55
1 32
4 51 46 83 35
3 25 18 58
1 43
1 60
3 37 61 21
3 67 44 70
3 45 62 44
4 82 40 51 49
3 23 72 35
2 16 24
2 35 89
1 19
6 25 70 51 40 66 97
1 36
1 19
2 78 57
0
2 80 60
3 44 42 40
1 64
2 74 42
5 34 31 34 54 63
2 36 48
1 48
3 17 78 60
1 68
5 32 45 18 28 41
5 22 57 26 62 43
4 30 48 51 64
3 65 18 27
4 14 46 58 18
2 46 28
2 56 57
5 33 42 60 59 41
2 75 49
1 43
5 42 65 45 69 70
4 57 84 38 20
4 27 32 64 70
0
2 42 33
3 31 32 51
1 41
1 64
4 10 57 45 46
2 83 36
6 64 36 85 62 43 35
0
1 51
2 44 84
3 44 61 55
1 26
2 80 66
0
3 52 72 25
2 61 65
1 33
2 34 68
2 71 13
4 53 50 24 43
0
3 51 64 58
6 52 87 64 55 43 54
6 18 54 8 67 48 65
2 47 47
1 47
4 18 49 45 41
2 19 21
5 36 16 25 60 53
2 28 40
1 55
2 34 72
4 65 67 56 13
2 61 30
1 30
4 67 37 60 48
3 66 49 47
0
0
3 44 59 26
3 71 79 55
4 16 51 53 35
2 50 38
3 93 22 45
3 22 28 63
4 42 40 36 29
1 72
4 62 60 25 70
0
2 79 50
5 59 55 18 39 52
2 47 46
3 31 39 42
3 39 66 55
5 62 36 60 32 55
4 57 54 51 13
2 50 63
1 37
2 54 99
2 35 30
2 38 47
5 57 59 36 66 61
4 90 75 38 24
2 38 18
2 37 31
2 70 49
1 37
2 72 53
2 49 99
2 40 41
2 39 51
2 45 75
3 51 77 16
3 71 48 52
1 17
7 76 58 21 37 69 53 51
2 10 48
2 45 69
3 32 38 43
5 72 55 58 16 64
4 66 53 43 48
1 70
4 41 76 54 66
1 70
1 81
2 57 47
3 39 40 68
5 58 58 56 50 9
5 77 33 39 33 57
3 50 46 72
2 45 34
3 53 71 36
1 32
2 9 19
2 60 53
0
2 73 38
4 13 43 19 44
0
1 37
3 29 63 54
3 34 38 61
3 54 75 49
1 91
3 46 57 27
1 66
3 30 49 48
2 52 61
3 68 42 53
1 69
4 53 70 41 52
1 29
3 34 14 39
1 65
1 63
4 24 31 48 73
1 52
0
4 55 60 38 57
2 47 78
1 58
1 65
5 27 92 58 59 50
0
0
5 43 83 79 38 15
3 68 45 41
2 58 77
1 43
2 38 52
5 30 38 49 80 99
3 20 23 37
2 43 49
5 36 33 68 41 44
1 45
2 54 45
0
7 69 55 53 22 29 42 42
3 49 82 14
4 94 55 47 24
1 33
4 35 59 32 48
2 55 50
3 43 58 40
1 77
3 68 1 41
4 21 39 74 59
4 69 47 17 17
4 12 57 41 66
3 22 79 80
0
1 33
1 57
5 46 68 40 51 44
1 50
2 39 21
2 38 44
0
3 54 61 36
4 48 16 54 58
6 55 36 48 30 25 75
3 60 50 55
0
4 48 27 48 32
3 77 46 77
1 71
2 76 31
2 23 55
2 52 9
0
2 36 79
1 70
6 72 42 49 30 53 57
1 67
3 55 53 56
1 34
2 76 5
2 65 38
6 38 24 35 44 50 49
2 47 49
4 39 55 55 35
5 30 75 58 56 13
2 84 86
1 42
4 41 69 60 87
1 78
3 7 67 47
2 62 67
3 74 57 88
1 46
3 56 19 72
3 37 55 48
2 69 5
3 42 42 25
6 55 58 54 69 58 62
1 26
9 26 70 62 45 46 74 47 38 32
3 41 68 53
1 50
3 64 73 49
2 99 27
1 48
2 12 50
3 88 52 47
1 83
4 52 58 35 64
2 40 62
4 40 72 80 61
3 47 61 54
2 49 83
3 94 81 51
3 52 54 57
3 63 60 67
5 97 62 26 39 59
4 48 48 28 65
1 15
4 38 27 71 43
0
0
1 42
1 42
3 63 41 55
2 41 63
0
2 29 39
5 10 40 75 22 42
6 32 82 43 70 62 68
2 30 44
2 63 76
1 39
1 35
0
5 83 82 54 55 44
1 76
1 42
2 44 52
5 96 36 26 64 64
1 30
3 42 70 39
0
2 39 12
2 55 59
2 38 36
1 58
4 51 40 83 28
3 57 49 55
1 42
1 67
2 54 9
1 34
2 41 82
4 43 39 27 31
7 90 65 57 45 44 68 34
1 65
2 69 61
2 74 44
1 49
8 90 38 42 63 52 67 58 12
2 10 75
1 23
2 72 42
3 70 50 47
1 24
4 4 60 59 43
2 64 50
5 46 54 61 52 44
3 77 51 25
7 37 8 57 67 36 15 26
1 73
0
2 63 40
1 59
0
2 34 52
1 37
3 49 55 71
3 70 33 55
3 51 35 88
2 50 45
1 20
3 49 29 88
4 47 61 75 20
3 38 40 43
6 40 58 54 79 46 46
2 73 56
3 16 68 25
1 39
1 51
2 32 61
0
0
2 16 30
3 55 43 65
4 48 67 58 18
3 61 64 64
0
3 67 71 49
3 83 66 58
2 64 44
1 18
2 9 75
0
4 38 76 19 53
6 16 31 45 74 39 77
3 78 24 28
3 51 95 43
3 59 58 46
2 20 24
2 31 37
3 34 89 23
1 51
3 40 30 26
3 69 31 15
4 77 35 43 57
2 54 31
2 69 75
1 45
1 37
4 36 73 40 23
0
1 18
2 63 59
1 65
4 66 40 51 81
2 63 13
5 22 50 78 56 44
3 24 36 71
1 48
3 31 58 46
2 67 33
3 57 78 70
1 44
3 40 61 59
2 56 48
1 54
1 62
3 24 13 84
4 28 40 24 63
2 36 45
2 25 45
1 64
3 48 48 59
6 61 42 54 69 59 30
5 53 29 54 43 38
3 59 61 57
2 39 43
3 32 56 65
3 96 74 46
1 35
1 22
1 41
1 31
1 41
5 64 64 18 49 30
1 45
2 46 60
0
5 32 38 52 64 33
4 51 39 69 11
0
4 55 62 10 83
4 41 36 42 28
1 53
3 47 59 63
3 64 56 46
3 70 61 45
2 91 76
1 20
4 51 36 57 21
2 69 64
0
3 44 66 25
2 41 56
4 37 38 40 55
4 57 52 63 38
3 47 6 51
1 39
3 87 79 50
3 61 50 36
0
3 59 43 60
1 61
3 68 30 63
2 40 71
3 35 58 77
2 63 31
3 51 27 45
3 66 64 45
4 34 34 31 55
2 42 53
1 43
4 26 55 77 52
1 48
0
1 46
6 88 30 50 56 50 48
3 54 26 80
1 35
2 59 29
1 55
2 48 23
2 53 31
3 50 46 35
4 1 53 74 23
1 27
3 29 73 37
3 70 82 34
1 29
0
1 26
3 41 10 49
2 57 20
4 60 73 53 73
3 47 22 32
5 45 21 33 98 35
3 64 57 41
5 79 66 44 44 35
4 70 43 56 50
1 43
3 47 34 82
2 28 60
2 32 31
0
2 62 37
1 41
1 47
2 35 44
1 46
3 60 26 36
1 60
0
5 46 56 68 23 27
2 7 19
1 66
2 75 35
1 65
2 30 19
0
2 64 55
0
2 33 75
2 68 60
3 75 84 56
0
2 25 71
3 62 50 43
5 55 51 43 10 55
4 9 61 16 72
4 65 72 30 21
5 49 59 39 73 24
1 59
3 61 100 56
0
3 65 55 49
3 62 30 74
4 51 66 53 98
3 68 71 37
2 49 49
2 25 23
3 16 28 43
1 56
2 12 42
4 72 39 69 40
0
2 53 60
2 61 78
2 18 66
1 26
1 64
1 41
5 78 40 52 72 34
2 40 74
2 40 62
5 77 67 58 50 49
3 40 78 57
3 77 53 53
1 31
2 61 51
0
2 39 34
2 40 41
1 30
5 70 34 56 13 89
2 58 31
2 82 45
3 48 2 73
3 38 58 52
0
4 50 39 62 15
2 37 29
2 50 40
1 36
2 62 48
4 57 50 48 63
3 48 1 41
2 47 80
0
1 70
1 40
5 54 72 45 83 45
2 30 86
1 20
0
1 51
4 45 47 33 52
2 78 85
1 55
4 37 53 46 34
2 27 47
2 36 69
2 58 90
2 52 41
3 55 38 67
0
4 98 94 57 49
2 69 24
3 65 70 53
2 35 43
2 46 41
0
3 30 59 79
4 53 47 35 42
3 63 53 56
0
4 62 41 30 54
2 85 47
1 15
5 74 26 26 81 16
4 50 83 62 48
1 78
3 63 82 50
3 67 55 41
6 21 28 59 43 78 70
2 41 28
0
1 47
5 43 32 41 80 50
4 59 21 65 46
2 2 72
1 39
2 16 53
1 60
4 62 53 45 37
3 43 29 85
2 25 79
2 10 51
0
2 49 43
0
1 47
2 35 25
1 30
2 55 38
1 25
2 54 14
5 46 67 67 40 78
4 82 88 45 59
4 25 76 43 45
1 56
1 58
2 86 26
0
0
2 19 31
4 86 94 35 50
3 59 73 57
1 74
4 62 37 51 21
4 56 47 47 66
2 45 50
3 44 81 48
1 52
0
1 60
3 50 71 39
2 59 36
2 46 44
1 60
2 44 38
3 72 45 24
0
2 56 58
3 75 63 29
2 14 61
1 3
3 68 28 53
2 63 47
1 57
1 52
0
2 35 69
4 38 41 45 43
1 60
4 32 49 43 8
1 74
3 53 61 70
0
2 43 59
3 42 34 75
2 75 54
1 49
1 76
1 14
1 17
2 38 28
1 45
3 75 44 63
2 49 88
3 62 24 32
3 38 36 52
2 33 41
3 80 63 29
4 33 59 58 21
1 26
0
0
1 50
4 29 35 78 86
1 79
3 24 55 44
2 53 54
1 45
2 45 48
2 53 77
3 66 27 89
2 73 25
6 5 51 20 73 29 61
4 65 70 57 50
0
2 57 52
1 49
3 5 51 24
3 73 39 68
2 37 52
0
1 74
2 41 63
3 27 25 61
6 46 56 21 52 58 80
4 58 62 16 28
2 64 63
0
1 39
2 55 69
2 55 36
1 5
1 66
2 49 62
6 52 79 68 41 71 43
2 99 24
3 45 55 13
2 26 76
1 30
1 55
1 58
4 42 55 31 44
1 33
4 44 99 48 48
1 71
0
1 56
3 5 28 26
2 45 66
3 16 34 45
2 44 78
1 70
2 48 38
1 74
0
3 74 32 92
1 58
3 77 98 75
1 68
2 37 60
2 43 7
1 75
2 65 50
3 38 78 66
1 48
2 57 23
0
3 37 70 43
1 59
1 51
1 47
2 72 52
2 54 88
3 37 91 49
3 29 73 76
3 66 22 81
3 44 60 54
4 50 85 40 76
2 44 21
2 66 57
2 40 36
2 34 78
4 31 82 32 31
0
1 31
3 70 61 68
2 23 39
2 88 80
2 17 13
2 75 45
3 53 1 69
0
3 62 63 24
3 14 39 83
2 66 32
2 49 15
2 25 100
2 64 23
2 43 27
2 46 53
5 44 44 50 30 63
0
1 32
0
1 29
0
2 40 13
3 20 37 56
2 55 46
2 61 21
0
2 54 87
5 59 38 47 39 25
3 25 44 88
0
0
0
5 57 67 65 54 46
2 17 44
2 67 34
3 18 42 86
2 38 49
0
3 65 15 53
2 45 63
2 42 3
3 51 65 58
1 71
1 63
4 84 67 60 83
3 69 70 53
4 60 71 29 62
0
1 50
0
3 56 51 59
3 31 46 26
1 55
1 43
3 44 59 70
1 31
1 60
0
2 27 41
3 79 51 65
5 58 48 37 56 43
2 45 58
2 51 62
0
0
1 62
3 32 55 93
3 20 52 57
0
1 45
2 39 41
2 81 84
0
0
2 27 59
0
3 91 60 46
5 72 74 85 31 59
1 26
3 88 49 36
7 65 64 33 24 61 20 13
0
3 21 45 58
1 57
1 78
1 60
2 53 50
0
3 52 68 60
0
2 23 12
1 43
1 58
5 58 35 69 29 44
3 26 88 74
2 30 45
3 39 48 40
0
1 49
0
4 57 3 57 88
1 52
1 58
1 60
0
2 61 35
2 93 66
2 38 70
4 58 60 46 66
0
2 53 12
0
1 37
2 54 52
0
1 57
1 27
5 42 45 66 47 63
2 43 68
2 30 62
2 48 50
1 70
1 53
0
1 35
4 24 23 4 56
1 71
3 46 56 39
2 63 49
4 67 90 58 58
3 48 19 20
4 54 86 48 63
2 73 36
0
2 30 55
2 90 69
1 38
0
4 34 44 47 72
0
0
1 17
3 65 8 34
1 9
3 87 55 64
2 49 47
1 38
2 79 47
1 30
0
3 72 24 45
0
2 48 34
4 57 29 54 42
1 53
3 8 55 42
1 45
1 87
1 43
5 33 64 63 70 53
0
1 32
0
1 50
0
1 34
2 41 27
0
1 23
0
2 78 46
3 16 46 25
1 79
2 59 50
2 43 24
2 10 68
0
2 56 65
3 46 57 67
3 34 69 58
2 66 30
2 75 56
0
2 24 33
2 90 53
1 65
1 37
3 50 14 54
2 56 68
4 41 53 66 47
1 50
2 66 62
1 45
1 34
1 74
6 55 44 75 29 58 83
1 81
1 65
0
1 56
1 55
2 62 34
0
1 62
0
2 57 69
3 45 31 91
0
5 31 42 84 45 66
1 63
2 31 35
1 42
2 40 39
4 56 32 68 67
1 35
3 48 41 52
1 55
1 57
0
1 87
3 59 70 46
0
1 90
2 2 64
1 45
2 30 38
1 63
2 66 27
1 69
0
1 46
2 37 41
1 48
1 54
1 50
1 61
1 67
1 7
1 87
5 66 65 11 42 69
0
0
2 46 99
0
2 71 68
1 57
2 67 49
1 11
0
3 64 27 66
3 22 36 75
3 68 82 31
0
1 56
1 39
2 53 59
4 37 43 7 25
2 45 80
2 50 79
3 51 97 51
0
1 90
2 40 58
1 19
0
1 51
1 53
0
1 52
0
0
2 76 36
1 40
1 49
2 44 57
0
2 58 44
3 77 0 27
3 64 41 85
4 59 28 64 36
2 32 43
2 75 59
2 62 75
2 56 73
4 46 58 69 54
2 61 45
2 5 66
1 50
0
1 52
2 61 54
5 74 45 27 71 13
2 44 41
0
0
2 19 35
1 65
3 42 71 41
2 62 73
2 40 51
1 78
1 77
2 48 70
0
2 10 61
0
2 47 57
0
0
1 53
2 59 53
1 50
2 51 18
2 49 55
1 68
3 47 22 40
0
0
0
1 62
2 59 47
2 35 62
3 42 46 57
1 41
0
2 32 60
2 55 81
2 71 57
0
0
1 65
0
1 71
2 57 37
5 37 35 51 29 52
0
2 57 81
3 64 35 79
1 54
2 55 36
3 35 89 59
1 54
0
3 38 24 54
4 51 16 17 60
1 63
0
2 70 24
0
1 82
3 66 30 62
1 32
1 85
1 76
2 9 39
1 52
1 65
2 66 58
1 41
2 25 30
2 32 64
0
1 47
0
0
2 30 69
2 70 34
0
0
0
2 11 11
0
3 73 33 54
3 44 74 69
0
1 19
0
2 60 60
2 79 75
0
1 76
1 57
0
3 48 47 33
2 26 81
0
1 53
1 31
2 45 47
0
0
1 28
0
0
3 78 62 63
2 54 45
2 55 86
2 50 38
1 46
2 45 31
2 35 58
3 38 44 66
0
0
1 74
1 50
0
2 85 49
0
1 22
2 61 50
1 80
1 64
2 64 58
1 84
0
3 39 76 74
0
2 7 27
2 34 62
2 42 12
2 47 49
1 24
0
1 46
1 45
2 31 61
0
3 46 64 45
0
0
2 48 33
0
0
2 38 81
1 83
4 79 49 33 35
0
2 72 54
0
1 45
2 67 24
2 35 39
1 69
1 22
1 54
0
2 25 63
2 17 40
2 71 66
1 53
0
3 31 94 54
0
1 75
3 68 37 37
2 67 36
1 42
0
0
0
2 61 47
0
1 24
1 52
1 48
0
1 48
1 32
1 86
0
2 56 75
2 45 2
1 41
0
2 54 10
1 66
1 48
3 15 41 24
1 65
0
0
1 51
0
2 69 39
1 78
1 64
1 58
2 58 70
3 87 32 84
1 48
1 82
0
0
1 18
0
0
0
2 37 71
1 45
0
1 83
2 45 24
1 64
2 50 37
2 45 18
2 43 59
2 22 45
1 42
1 57
1 73
3 62 81 71
0
2 55 68
1 51
0
0
0
3 39 66 63
2 16 36
1 55
2 48 54
1 63
1 33
2 21 41
0
2 41 71
0
0
1 32
0
0
1 57
1 72
2 46 18
0
1 12
2 26 55
2 37 70
1 19
0
1 57
1 35
1 65
2 55 13
3 42 43 68
2 45 56
0
0
1 38
1 87
0
1 72
0
0
0
1 39
2 46 74
2 34 60
1 30
1 50
2 18 92
1 74
0
3 59 51 54
1 57
0
1 50
0
2 58 14
1 51
1 66
2 36 50
0
1 45
1 25
0
3 54 78 84
0
0
1 29
1 59
1 11
1 85
2 25 53
0
0
1 71
0
2 86 67
1 28
0
1 47
0
2 54 73
0
0
2 57 36
2 23 44
2 66 60
1 54
1 47
0
2 74 46
2 28 39
2 68 59
0
1 41
0
0
1 63
1 64
0
0
0
1 6
1 82
1 47
0
3 56 47 67
1 27
0
1 37
1 70
1 21
1 36
0
0
1 47
0
0
2 48 44
1 23
0
2 17 27
2 59 80
0
1 43
3 70 14 48
2 49 78
0
0
0
2 50 56
0
1 16
2 44 46
0
1 43
0
2 68 20
0
2 39 42
0
0
1 26
0
0
0
1 55
0
2 31 66
0
0
1 41
0
2 23 61
0
1 21
0
2 34 68
1 37
0
2 56 41
1 33
0
2 65 71
1 65
0
0
3 48 17 38
0
1 39
2 32 52
0
3 31 36 37
1 54
2 74 49
0
1 12
0
1 84
0
0
3 37 43 44
0
1 54
0
1 34
0
1 70
0
1 58
2 62 30
1 64
0
0
3 32 55 51
1 62
1 53
0
0
1 53
1 41
1 50
0
0
0
0
0
0
2 32 49
1 54
0
2 40 56
0
0
2 52 45
0
1 57
0
2 71 76
0
1 48
