3600 4
3 81 71 88
2 49 40
4 79 51 37 38
0
0
1 57
3 89 60 81
1 65
3 41 79 91
1 47
2 50 43
4 59 36 56 67
0
0
2 9 58
1 18
2 52 62
0
0
1 39
3 47 61 43
4 56 70 13 28
0
0
2 63 55
3 46 39 33
3 69 41 63
2 96 57
1 41
2 68 36
2 54 29
1 77
1 52
1 71
1 32
0
2 36 72
4 52 97 77 23
2 28 54
1 63
2 25 50
2 71 25
6 36 92 53 48 62 66
2 84 30
0
2 66 19
1 23
1 54
1 53
1 52
1 61
3 33 9 38
1 52
0
0
2 79 34
2 97 47
4 1 24 37 89
2 28 52
0
0
3 35 33 34
1 76
3 60 23 80
1 50
3 43 60 74
1 40
2 33 59
1 43
1 23
3 50 36 41
4 53 57 58 80
1 68
1 30
1 38
1 39
2 80 49
0
1 51
0
1 62
2 53 42
1 42
2 36 84
2 79 50
1 48
0
2 54 32
2 79 60
2 58 55
2 58 70
0
2 55 65
1 43
0
2 18 44
2 46 33
0
2 42 54
0
1 60
1 67
4 29 41 84 55
1 26
1 60
0
5 56 45 31 41 58
1 68
3 29 95 67
1 43
1 5
0
5 15 46 49 64 83
4 49 85 35 59
3 38 56 49
0
1 21
4 55 71 14 43
2 78 63
1 66
1 49
2 59 38
5 39 18 47 35 15
2 49 57
0
2 50 68
3 74 48 49
1 50
0
2 39 48
3 24 19 52
0
0
1 15
5 49 39 63 44 58
0
3 26 9 45
3 78 19 24
2 32 38
3 50 65 31
1 29
2 50 49
4 54 54 54 41
0
1 73
2 40 74
0
2 56 43
2 47 30
3 73 40 73
1 59
0
1 77
2 40 64
3 59 38 64
0
0
2 42 61
1 34
4 25 59 55 57
2 48 87
2 66 30
3 76 53 57
4 57 25 38 52
3 54 90 85
2 33 64
2 43 69
1 59
3 27 37 28
2 60 39
1 40
3 31 86 67
1 62
1 35
2 32 18
0
2 41 44
2 12 74
2 37 82
0
2 69 59
3 37 51 59
2 75 44
2 19 52
3 74 90 48
3 72 54 77
2 66 53
2 27 11
1 73
3 84 50 18
1 83
0
3 54 76 53
0
2 50 64
0
2 49 34
0
1 68
1 46
3 60 58 42
0
1 27
3 63 50 62
0
0
1 64
5 44 37 45 35 8
3 44 56 28
2 30 54
3 60 13 89
4 42 43 73 60
2 63 74
0
1 73
4 79 48 68 74
3 74 49 42
2 76 37
2 78 45
2 66 45
2 71 48
0
2 79 60
4 40 30 56 51
0
0
2 55 53
1 72
2 32 59
2 65 39
1 16
1 37
2 38 47
2 35 59
0
2 43 61
3 63 67 36
1 14
1 47
0
3 57 43 28
5 59 25 21 86 35
3 47 28 71
2 84 92
0
1 61
4 78 36 21 61
3 52 64 40
0
4 77 35 53 60
4 68 70 64 49
2 85 25
2 64 49
3 44 27 19
3 66 83 70
0
3 42 44 90
0
1 46
2 45 35
1 39
0
1 46
0
3 21 42 22
2 65 29
3 43 29 69
4 48 74 76 72
2 46 35
3 65 94 71
3 67 44 24
0
2 24 37
2 35 39
4 50 61 55 45
2 36 27
1 79
3 31 19 14
0
2 29 35
0
0
2 28 54
1 87
1 60
2 30 31
4 45 48 32 79
2 63 63
5 98 43 33 68 65
1 28
1 12
3 51 72 32
2 46 75
3 66 91 36
4 82 33 79 39
3 87 56 90
2 82 55
2 51 69
2 56 16
2 65 44
2 56 58
4 34 48 46 46
3 63 52 56
3 76 38 26
2 47 43
2 52 61
1 84
1 44
2 67 6
1 64
3 28 57 42
0
2 47 50
3 30 73 64
4 56 57 85 71
3 18 23 56
1 27
2 77 18
2 40 42
2 72 42
1 31
1 61
2 68 32
2 61 21
3 31 50 59
2 25 20
1 74
1 57
1 44
2 46 78
2 17 77
0
2 86 28
1 12
2 54 48
2 62 57
7 42 57 74 26 41 69 69
0
1 60
1 64
3 71 91 64
3 29 65 43
0
3 65 75 41
0
2 22 9
4 47 60 57 44
4 26 73 79 47
1 39
0
5 60 39 80 50 49
5 42 17 50 65 41
0
1 67
0
5 67 45 7 60 46
7 53 88 34 50 21 54 59
1 35
0
0
2 45 41
3 41 65 26
2 45 52
0
4 35 86 90 56
0
4 39 74 27 21
1 83
4 83 43 57 68
2 37 48
2 24 13
1 57
0
0
2 80 47
3 51 43 23
2 71 61
1 56
1 72
3 39 30 60
1 74
0
2 44 40
3 59 34 76
3 73 54 19
3 26 55 62
3 53 70 44
2 52 33
3 68 50 47
1 43
2 19 41
4 51 32 54 21
7 62 69 57 23 49 58 54
3 41 71 20
2 50 17
2 24 36
1 61
2 59 37
3 63 61 62
0
3 63 36 47
2 45 59
2 69 34
1 27
2 42 70
1 51
1 65
0
1 19
2 50 51
3 45 44 72
1 76
2 31 38
0
2 49 46
1 24
7 82 63 1 20 53 50 60
2 28 33
6 63 54 49 79 59 72
2 42 60
3 54 81 50
1 36
3 39 51 44
2 78 57
2 49 36
1 61
2 66 83
2 14 62
2 56 47
2 71 33
3 37 70 43
4 50 56 38 65
2 47 33
5 83 32 37 27 81
1 45
2 71 51
2 56 35
1 66
2 56 51
2 61 32
3 26 56 44
1 66
1 81
4 8 46 85 79
1 35
6 46 45 39 75 74 51
2 34 41
0
2 56 74
1 63
4 23 63 28 60
1 63
3 85 48 56
4 51 40 40 48
3 68 48 37
2 37 75
2 68 54
1 65
2 68 41
3 31 30 41
2 69 38
0
1 53
1 23
3 45 79 39
0
3 51 85 47
5 80 40 57 29 76
1 50
0
3 44 85 66
3 72 59 63
0
3 71 42 60
1 68
1 69
2 51 47
5 51 10 69 56 39
3 56 50 47
3 23 33 65
1 34
5 65 28 16 30 62
4 54 38 25 51
1 47
1 24
2 68 64
2 34 50
3 38 29 16
1 66
1 42
4 39 31 33 15
3 38 67 52
1 69
4 39 54 48 0
3 23 53 49
1 86
3 27 32 60
2 71 25
2 52 40
5 11 33 20 65 69
2 45 91
5 35 63 79 82 71
0
1 49
2 75 65
0
2 18 19
2 21 65
5 59 68 82 94 62
2 38 23
4 82 76 50 49
2 33 62
1 62
3 23 21 65
3 53 44 62
0
1 70
0
4 36 30 60 55
2 41 77
6 71 64 56 36 22 46
0
2 57 10
2 64 45
5 60 58 65 42 61
2 72 48
2 61 50
2 65 51
2 56 49
2 62 68
2 35 52
1 67
2 42 49
2 51 63
3 65 73 74
1 53
4 57 79 40 82
0
4 64 53 80 82
3 6 67 47
1 6
2 44 43
2 40 28
1 22
1 87
4 56 46 68 31
6 58 60 10 51 47 54
0
1 51
2 97 53
3 8 42 64
4 85 14 68 53
4 58 69 73 66
5 57 70 53 57 70
1 54
5 52 54 70 52 55
3 36 43 71
2 54 73
1 34
1 35
5 50 73 43 24 26
2 41 17
3 37 72 61
2 51 61
3 54 48 37
4 59 84 39 91
1 89
0
1 46
2 50 55
3 51 58 52
0
4 56 36 43 39
2 63 10
0
5 66 92 77 64 60
2 43 64
4 50 23 70 52
3 56 44 49
0
2 52 69
4 10 41 38 66
1 57
4 45 44 73 31
3 81 46 43
2 58 23
0
3 81 64 42
3 61 47 30
1 66
1 64
1 59
3 46 30 37
2 7 32
0
1 66
1 54
1 51
1 50
0
4 58 21 78 65
2 30 60
2 40 44
2 21 39
5 31 61 11 50 16
5 30 46 28 52 22
3 80 79 32
4 78 35 33 65
3 35 62 43
0
2 37 71
2 45 51
3 49 37 30
3 28 6 59
1 62
1 46
1 64
2 33 27
3 50 75 47
7 38 52 81 61 38 49 63
3 57 46 75
2 35 52
4 59 42 38 35
6 39 66 41 43 34 24
3 45 62 76
4 44 25 46 42
0
1 77
2 79 36
1 74
1 80
2 39 48
0
3 54 36 22
1 42
0
3 53 63 64
3 53 64 19
3 58 76 50
2 44 51
4 53 36 52 61
5 64 24 48 72 32
2 25 66
4 57 47 65 39
4 51 66 41 47
4 88 22 70 47
4 88 43 79 76
2 27 57
2 46 64
1 52
6 69 49 44 31 52 45
1 57
1 63
5 24 57 38 42 38
2 35 36
3 68 47 41
1 52
2 57 60
1 47
1 27
6 41 20 44 40 73 17
0
3 40 41 22
3 0 50 63
3 69 56 43
3 32 49 72
3 32 48 42
4 43 19 59 48
2 78 33
1 44
5 32 18 45 15 80
4 36 44 19 70
7 47 84 79 47 54 54 73
0
0
1 38
1 26
2 28 48
2 70 78
1 34
3 44 51 22
3 75 34 57
2 58 28
1 58
3 57 38 51
2 33 31
1 52
4 46 46 54 59
3 85 47 54
0
0
5 67 69 27 77 34
2 57 54
3 45 40 60
2 49 38
4 50 76 36 31
1 67
7 43 57 45 46 83 53 48
4 37 44 73 44
0
4 60 34 47 44
1 55
0
2 48 40
0
4 65 41 65 40
1 39
1 46
4 26 68 73 63
2 75 31
1 61
5 52 15 43 55 59
3 44 76 17
2 40 63
5 32 80 51 50 82
4 35 85 32 76
7 61 43 31 63 62 61 72
2 31 68
1 66
4 28 59 41 20
4 70 25 53 50
6 43 41 66 55 15 63
1 81
1 58
0
1 32
0
3 15 55 21
1 75
1 79
0
3 59 53 43
2 100 60
1 6
2 79 33
5 52 65 75 80 49
2 67 32
3 71 38 66
4 56 57 43 66
0
3 26 47 72
3 42 43 34
2 30 54
4 39 62 17 57
1 28
2 98 98
2 31 27
2 56 49
1 71
5 63 40 54 36 22
3 66 68 63
4 94 89 71 27
5 49 45 25 14 62
3 20 56 9
3 39 70 29
1 83
2 54 65
1 50
4 54 52 41 39
0
1 79
2 15 29
2 64 26
3 38 41 49
1 47
3 51 69 38
3 55 92 54
2 80 28
1 62
5 43 57 57 79 71
0
3 79 30 28
7 14 85 69 60 38 15 44
3 31 37 37
1 59
2 39 65
4 41 67 60 74
5 38 53 24 29 82
1 57
2 29 42
2 44 56
1 48
3 58 81 21
3 24 48 46
0
1 35
2 35 29
3 54 33 57
5 52 74 43 71 84
0
1 39
2 79 34
6 56 18 75 43 86 22
4 26 27 79 37
3 62 61 50
3 53 32 46
2 35 53
2 65 29
1 5
2 66 79
1 69
2 56 30
4 81 68 55 4
2 47 61
2 33 82
2 62 39
2 52 38
2 70 65
4 60 9 73 44
3 57 72 63
2 68 0
3 81 40 58
3 59 61 45
1 39
3 51 53 39
7 57 24 42 90 38 33 42
3 28 42 63
1 47
3 26 38 50
4 95 64 66 41
2 29 25
3 60 32 45
0
4 51 24 14 78
1 29
1 69
3 30 58 50
2 76 71
4 73 63 73 43
2 49 85
1 64
2 40 70
3 83 56 31
0
4 65 53 74 31
4 31 89 39 45
1 32
3 54 78 40
2 43 71
6 23 46 69 55 63 65
3 37 50 61
1 78
2 48 50
2 31 59
3 40 68 66
1 32
2 49 39
1 63
2 29 48
1 36
2 68 28
3 75 43 55
1 53
5 54 66 37 32 56
4 88 81 75 78
2 48 32
3 51 47 42
3 51 78 42
0
1 38
1 64
2 57 63
3 42 76 55
2 15 58
5 55 33 40 40 16
2 36 28
3 46 51 33
3 47 67 45
5 34 56 35 29 27
2 36 38
3 32 63 47
2 44 48
2 45 61
3 39 49 43
1 37
2 31 44
2 12 48
3 81 34 68
4 67 54 64 10
2 58 60
3 54 50 53
4 82 65 75 54
4 64 61 52 72
6 22 66 27 66 50 23
3 53 34 35
0
3 54 28 78
3 59 27 62
2 40 43
0
3 46 38 31
5 59 47 57 30 69
1 61
3 43 57 52
4 45 52 83 40
2 51 35
2 41 23
2 43 33
6 30 52 82 54 75 36
2 53 20
1 48
1 75
1 49
2 33 72
3 21 61 50
2 42 51
2 39 59
3 46 28 68
0
2 74 51
7 55 58 24 54 13 41 61
2 70 40
2 57 72
3 84 47 40
2 34 99
3 18 55 57
1 64
2 49 27
5 76 51 58 41 52
2 43 6
3 64 28 47
3 41 43 25
2 62 85
2 65 18
4 42 26 36 53
4 32 18 76 53
3 35 56 42
2 79 28
0
1 79
5 28 53 54 41 84
1 69
3 77 60 69
3 41 81 52
2 72 73
3 42 44 79
2 62 43
3 59 34 54
2 29 25
3 97 69 80
6 49 67 71 63 82 58
2 69 2
4 71 62 19 38
3 61 74 50
1 51
1 6
4 31 34 48 29
6 67 67 58 40 60 45
5 28 19 36 45 50
2 42 40
2 56 49
3 4 54 15
1 43
3 77 91 71
0
2 68 68
5 77 59 36 34 83
0
0
3 62 72 66
2 52 54
3 16 14 50
2 24 46
1 42
2 46 54
1 50
4 69 37 40 56
1 64
3 77 72 16
1 35
5 49 35 37 47 38
4 78 61 56 30
0
2 73 73
3 80 36 38
2 83 67
4 44 53 53 39
5 39 42 48 23 61
2 46 31
2 70 54
3 52 36 61
4 57 45 40 25
5 55 43 34 36 70
4 55 79 42 11
2 49 48
1 43
1 48
3 65 32 30
0
2 26 44
0
3 50 33 12
0
5 56 75 63 6 47
3 14 51 11
3 66 80 37
4 88 33 40 63
3 53 28 43
0
2 33 56
1 36
3 70 37 52
3 31 42 47
3 64 60 76
1 52
1 55
0
5 34 99 60 41 33
4 46 35 35 51
2 68 70
3 43 59 46
1 44
1 41
3 29 53 30
0
1 64
2 58 71
3 34 42 28
2 76 53
7 26 30 64 74 16 74 42
1 56
7 47 43 21 23 13 17 46
2 71 38
1 56
1 42
2 65 73
3 29 62 47
2 74 42
2 68 76
5 63 68 42 70 46
2 52 73
3 68 57 37
1 42
0
1 16
3 45 61 42
6 23 51 51 53 41 57
1 41
1 71
2 58 43
3 46 76 68
7 15 30 64 75 48 62 39
1 66
0
5 22 73 63 40 76
4 63 31 40 61
5 17 64 33 33 28
0
1 41
1 28
4 49 57 48 36
1 57
3 21 55 72
1 49
2 43 54
1 56
4 71 32 33 46
3 47 42 42
8 53 50 8 57 42 49 40 65
4 49 54 78 55
3 55 38 44
1 11
2 70 76
3 54 25 25
1 56
2 14 30
3 33 31 18
3 46 69 50
4 66 70 42 40
1 94
5 67 61 25 39 55
1 33
1 51
0
2 13 59
3 55 43 90
2 38 43
3 67 40 40
4 51 47 44 59
0
2 41 28
4 44 74 54 37
1 91
6 59 54 83 70 58 61
3 44 57 55
3 67 33 84
6 13 52 58 38 56 76
2 63 58
2 72 51
1 63
4 63 70 62 44
3 51 60 58
0
3 37 19 57
2 53 71
1 41
2 74 36
2 47 36
3 23 36 95
4 13 55 30 22
1 47
1 0
1 60
2 54 49
3 68 48 30
3 48 62 63
3 46 72 42
3 36 60 47
0
4 60 57 60 19
5 27 75 32 38 77
0
0
3 66 28 44
1 59
3 30 50 47
3 64 29 49
6 50 27 37 52 43 97
2 60 49
0
5 58 51 42 75 46
1 56
2 35 47
3 59 54 64
2 45 20
5 35 26 60 67 42
1 58
1 40
1 16
3 65 32 6
1 37
2 52 53
7 51 89 57 79 34 47 50
1 22
3 72 53 26
2 54 60
7 45 57 68 41 56 28 43
1 13
1 95
3 54 54 57
4 28 87 61 57
1 24
0
2 58 41
3 48 33 39
2 42 26
4 23 41 34 54
2 40 79
4 68 46 77 52
2 58 25
3 53 40 37
0
0
2 25 22
4 25 67 75 94
2 43 27
3 43 27 77
1 59
1 45
1 71
8 72 41 39 26 70 76 74 73
3 49 86 89
6 62 33 50 11 52 38
4 53 45 78 34
2 70 58
1 34
3 90 32 49
4 48 69 63 73
1 35
2 54 77
1 28
1 18
4 41 62 55 71
0
2 50 48
6 41 63 8 34 53 39
6 77 72 30 46 34 44
2 57 33
1 39
2 60 88
2 72 85
3 12 68 60
2 61 30
4 38 54 48 39
2 13 80
1 42
2 60 65
2 56 26
2 35 46
2 60 40
1 10
2 26 25
1 45
1 62
4 62 92 71 27
1 45
4 28 62 77 48
4 76 10 55 62
1 46
3 51 86 69
2 55 78
5 56 41 77 38 30
3 60 62 45
1 67
2 76 39
3 33 48 32
2 44 38
0
2 69 32
1 33
4 49 58 26 42
1 17
1 43
2 35 34
0
3 65 36 29
2 91 37
2 51 35
1 35
4 73 28 76 61
2 33 38
5 58 63 78 9 11
2 22 77
3 37 54 7
1 27
3 22 52 78
3 58 49 44
2 42 34
2 36 57
3 49 80 80
3 36 64 56
4 79 69 28 73
1 48
2 64 41
2 22 65
0
4 28 58 41 4
3 33 53 72
2 30 26
4 50 57 54 60
5 76 52 64 42 68
6 20 55 54 18 67 50
1 71
2 47 36
2 55 30
4 52 52 40 55
1 40
1 90
2 70 42
1 82
5 73 57 50 49 54
0
2 30 58
6 65 40 27 73 45 27
0
3 53 10 35
2 43 53
4 60 81 47 37
2 40 13
2 41 52
1 50
2 47 58
2 23 46
4 70 38 28 31
1 66
3 21 84 49
3 41 32 77
1 45
2 35 67
3 60 43 48
6 53 50 82 43 81 35
2 54 75
2 54 50
4 62 47 38 58
1 34
1 25
5 49 15 44 26 32
2 24 63
1 46
3 61 60 33
2 38 52
5 78 75 79 53 81
2 42 85
3 39 32 47
2 69 69
0
0
1 57
2 34 72
1 28
2 43 24
2 46 70
1 68
2 52 47
2 82 15
0
2 48 73
2 53 29
3 53 57 55
2 50 48
3 49 20 27
1 63
3 65 24 93
3 49 45 75
3 38 35 43
4 31 66 34 37
2 66 52
3 54 31 31
3 54 2 66
3 32 34 39
1 49
2 47 89
1 49
2 52 53
3 27 42 42
2 66 69
4 73 56 38 44
1 44
2 23 43
0
2 45 73
4 40 52 68 51
4 50 28 70 27
3 77 21 69
3 46 33 27
3 60 6 11
3 80 22 60
1 42
2 98 75
3 59 62 50
2 83 36
4 27 40 36 55
1 31
2 36 59
2 33 48
2 28 44
3 55 57 10
2 50 42
4 55 100 27 2
5 68 62 41 84 46
0
4 56 32 48 26
2 29 53
6 85 11 52 43 65 61
1 63
4 22 38 53 47
0
1 31
0
0
2 53 68
2 78 78
0
0
3 48 49 1
2 33 31
3 95 48 27
2 48 63
1 53
4 44 17 70 41
4 43 46 32 28
3 60 36 56
3 50 23 66
1 58
0
3 82 14 33
3 63 72 29
2 60 72
1 43
2 75 31
3 76 35 43
2 34 53
3 93 78 42
3 59 63 36
7 33 11 26 84 74 65 67
2 67 66
3 71 52 33
2 69 90
2 40 38
4 56 47 60 45
3 61 34 57
0
2 84 50
1 92
0
1 24
0
2 57 37
2 39 55
0
0
3 14 65 57
1 67
0
3 69 71 34
4 42 66 56 41
3 44 19 46
4 25 34 61 60
0
3 42 73 54
1 45
4 53 49 58 36
1 45
5 64 6 70 71 41
1 39
3 12 75 60
3 63 57 48
1 53
3 65 31 88
3 42 39 12
2 65 37
1 47
3 14 65 73
1 26
0
2 11 77
4 89 34 40 63
1 37
3 65 52 88
5 100 75 76 47 42
1 41
0
1 77
1 54
2 34 58
4 54 47 39 69
0
6 49 54 31 72 59 61
0
2 43 82
3 56 57 37
1 65
1 49
0
3 86 63 42
4 53 53 60 28
5 59 6 45 71 70
3 40 44 46
0
2 48 55
4 43 57 71 59
4 45 69 36 50
3 29 56 36
0
3 47 62 61
0
0
2 45 9
1 82
6 42 68 34 25 37 72
1 60
1 60
2 50 33
4 38 48 54 50
1 44
2 41 55
0
0
4 86 44 65 24
2 35 68
1 28
0
3 80 51 31
1 55
1 72
3 86 54 44
3 14 0 52
6 47 22 62 64 49 53
0
4 78 41 50 80
2 72 69
4 52 35 10 28
2 77 11
1 91
1 54
3 42 17 59
2 55 75
0
2 40 46
3 19 53 54
1 25
1 77
3 17 50 43
2 58 35
0
3 41 37 64
1 69
5 48 17 57 61 83
0
0
6 88 66 37 34 65 71
1 60
4 24 64 11 66
2 32 61
3 69 43 35
3 40 53 55
1 42
2 56 10
1 44
4 9 57 44 64
1 34
1 57
1 86
1 35
2 48 54
2 61 66
2 70 71
2 36 34
3 50 40 24
3 65 40 35
2 62 57
3 29 71 28
1 29
2 26 24
7 41 39 15 73 65 64 40
4 34 60 55 60
1 53
2 45 50
2 44 61
1 42
5 35 46 67 48 52
0
2 15 75
1 63
2 64 66
0
0
4 54 71 41 49
5 62 46 32 68 65
1 25
1 55
1 51
1 57
3 78 47 71
1 46
2 47 57
1 47
3 32 55 16
2 4 35
1 52
1 13
3 45 95 44
3 51 78 71
2 55 61
3 53 31 63
2 45 51
2 82 67
1 28
0
1 31
3 64 46 34
1 65
1 60
1 95
2 60 51
2 62 52
0
2 44 68
3 55 45 32
0
3 95 22 56
5 21 54 51 65 25
3 43 46 62
4 44 36 37 39
1 58
1 51
2 91 13
0
2 62 71
2 32 41
1 37
4 6 60 65 63
4 43 38 89 50
1 37
2 55 30
2 60 100
2 73 53
0
5 47 56 59 23 32
2 53 51
1 44
4 42 68 38 75
4 45 86 41 45
2 96 67
1 94
1 73
2 93 41
3 52 92 25
0
3 69 33 31
2 78 75
2 31 39
1 56
0
0
3 63 19 51
3 33 77 62
0
0
4 47 33 46 69
0
3 29 31 34
3 33 50 36
3 7 40 37
1 32
1 55
2 39 37
4 12 68 50 32
0
2 57 63
2 84 15
3 44 26 40
1 29
1 45
5 63 64 69 78 76
1 31
2 58 38
1 39
2 71 26
2 39 20
2 63 48
3 45 73 45
1 65
1 78
0
2 39 78
2 37 66
1 59
3 36 60 67
3 67 7 40
0
0
0
4 38 86 92 41
3 36 67 56
2 34 55
0
2 38 58
4 58 43 19 62
6 81 23 83 82 31 22
0
2 29 42
1 58
2 76 5
0
0
1 47
1 53
1 32
3 59 59 60
2 56 52
1 58
2 52 80
2 19 50
6 56 66 66 59 68 48
1 51
2 43 65
2 15 26
1 45
4 20 64 33 68
1 63
4 58 62 95 50
2 44 91
2 92 79
2 31 5
2 56 57
0
5 59 21 53 18 43
0
0
2 77 86
3 20 73 34
1 32
0
3 47 75 86
1 52
2 73 48
2 73 48
0
3 73 12 56
1 30
3 59 43 69
2 65 66
1 53
0
2 64 48
2 31 73
2 45 37
2 50 23
1 25
2 34 20
5 40 64 49 46 48
0
3 66 42 47
1 63
4 47 54 17 26
1 25
2 54 51
0
3 59 27 80
1 49
5 13 32 52 55 47
2 26 40
1 54
2 96 28
2 67 46
1 55
0
0
0
0
3 40 37 51
4 40 61 68 62
2 27 40
1 55
1 50
2 66 69
1 19
1 49
4 37 61 69 55
3 70 37 25
1 77
0
1 46
1 65
0
0
0
1 67
1 54
4 69 23 22 64
2 47 68
0
2 72 61
1 61
3 19 58 85
2 63 41
1 47
4 78 35 38 40
0
2 39 28
2 54 29
5 69 31 47 68 61
1 72
2 40 61
0
3 18 65 41
3 69 39 47
4 3 79 18 20
2 60 37
2 59 60
2 51 30
1 71
0
0
1 95
2 24 60
2 57 76
1 88
1 63
1 75
0
1 69
1 42
0
1 36
1 44
2 86 65
0
0
0
4 57 44 54 52
4 63 77 49 50
1 73
0
1 72
2 23 71
3 51 39 76
0
5 78 34 48 36 28
4 92 64 57 65
1 75
1 50
2 21 83
1 32
0
2 36 42
3 37 40 34
1 36
5 28 24 39 77 33
1 32
0
3 40 49 52
0
0
0
0
0
1 61
2 52 63
1 60
2 35 37
0
1 0
4 21 19 71 56
1 58
1 80
4 53 22 28 43
1 22
2 60 25
1 77
4 58 70 79 38
3 2 53 64
4 47 24 83 77
0
1 35
1 53
1 61
0
2 81 25
2 67 56
1 13
3 13 35 23
1 38
0
2 38 49
1 32
1 85
3 27 68 46
2 15 56
1 62
1 3
2 58 61
1 70
1 70
3 72 33 56
1 57
0
0
1 79
0
1 68
2 50 72
2 39 21
1 34
1 60
0
1 57
2 34 70
3 50 48 5
0
0
3 39 60 48
2 31 62
2 31 37
2 49 61
2 54 26
1 39
0
2 40 66
3 64 34 57
1 72
2 50 36
2 21 50
1 31
2 62 65
4 72 73 47 43
3 86 74 46
2 31 94
0
0
2 48 13
1 53
1 63
0
3 28 39 58
0
1 65
2 61 47
2 24 54
2 21 47
1 63
2 54 34
1 66
2 32 63
0
1 47
3 54 26 87
0
1 46
2 73 60
2 41 84
0
2 63 92
5 8 63 45 35 26
0
2 24 36
2 44 48
0
2 47 76
1 38
0
0
0
2 68 36
1 76
0
2 21 65
2 55 81
3 75 91 54
1 39
3 62 51 86
1 57
0
0
1 57
5 60 36 35 51 53
2 58 28
1 65
3 35 61 31
1 4
0
0
1 64
1 99
2 43 97
1 68
2 45 23
0
1 35
1 52
1 67
2 66 47
0
1 56
1 62
0
3 87 35 43
1 62
2 55 41
1 39
1 72
4 44 59 40 61
1 46
0
1 33
1 60
2 56 80
1 86
2 67 37
1 64
3 37 42 62
0
0
0
0
1 44
2 50 71
1 48
1 73
2 38 38
1 37
3 63 69 22
2 56 54
2 39 34
0
0
1 44
1 42
2 27 48
2 41 13
1 40
1 34
1 62
0
1 42
1 47
0
0
2 34 46
1 45
2 51 57
2 20 27
2 65 79
2 55 21
3 58 68 37
0
3 66 92 40
1 39
2 90 30
0
1 13
2 61 38
0
0
1 44
0
1 49
1 56
0
1 42
0
2 95 54
3 54 67 30
2 44 64
1 26
1 44
3 45 33 71
0
2 34 39
2 79 35
2 58 97
1 50
3 23 23 29
1 20
0
2 47 21
0
1 67
0
4 46 45 6 69
1 48
1 29
0
1 34
0
0
1 39
0
1 55
4 30 59 19 31
2 41 53
1 43
0
1 41
2 50 52
3 63 41 25
2 73 41
1 41
0
2 58 34
1 50
1 45
1 88
2 13 42
0
1 37
1 66
0
0
1 59
2 59 27
0
4 33 43 100 45
2 42 66
0
3 53 71 44
0
2 32 56
1 18
1 59
0
0
0
2 36 27
0
0
1 64
0
2 56 59
0
2 36 80
1 87
2 40 63
0
1 51
1 39
0
0
2 81 93
2 54 77
0
2 70 65
1 78
1 59
0
3 29 40 80
1 56
2 47 68
1 19
0
0
1 60
2 59 37
1 46
1 71
1 23
0
0
1 55
3 42 42 50
2 31 48
0
1 93
1 22
3 44 78 35
1 79
1 67
0
0
1 47
1 34
0
0
2 55 42
2 76 54
0
2 57 62
0
1 43
3 45 58 96
1 38
1 97
1 44
3 71 37 55
0
2 20 77
1 51
1 47
1 24
0
1 19
3 54 90 63
0
0
0
2 55 69
0
0
0
2 69 75
2 45 36
1 42
1 29
1 69
0
0
1 84
1 65
0
2 51 77
0
0
1 78
1 44
1 63
0
3 49 16 55
3 60 54 47
3 65 85 54
2 55 44
0
1 33
1 62
2 63 21
1 44
1 57
0
0
1 55
0
1 41
0
0
0
0
1 30
0
1 100
2 40 67
3 88 47 48
0
0
1 38
1 53
1 86
2 36 49
1 44
1 36
0
0
1 34
1 61
2 59 62
1 38
1 62
0
0
1 60
0
2 36 40
2 36 72
2 23 39
1 60
3 48 75 55
0
0
0
1 89
4 96 18 31 18
1 57
0
3 36 20 31
0
1 57
1 59
1 94
0
0
1 58
0
0
0
0
1 49
2 41 47
0
3 34 27 55
1 37
0
0
1 64
1 35
0
0
0
1 39
0
1 24
0
1 52
4 50 41 26 10
0
1 39
0
0
0
2 42 15
1 54
0
0
3 94 39 59
0
0
0
2 49 60
0
2 47 59
3 72 16 16
2 52 54
1 21
0
1 50
0
1 34
0
2 60 53
0
0
0
0
0
0
3 54 37 53
1 59
0
1 63
1 42
1 18
0
0
1 70
0
1 66
0
1 28
0
1 59
1 37
1 76
0
4 47 23 69 79
2 63 26
1 73
0
0
1 50
0
2 65 45
0
0
1 82
2 74 52
1 47
0
1 51
1 22
3 88 47 29
1 44
0
1 42
0
0
0
0
0
3 53 52 61
1 52
1 25
1 43
1 53
2 74 25
1 58
0
2 46 53
0
0
1 37
0
0
2 60 22
0
1 48
0
0
2 39 49
0
1 56
1 61
0
0
1 54
1 39
1 62
2 55 64
0
0
0
2 27 97
0
0
1 47
0
0
1 68
0
1 52
0
0
1 58
0
2 60 36
1 50
2 47 67
0
1 94
0
1 36
2 69 80
0
0
1 64
1 57
1 66
0
0
0
0
0
1 38
3 83 59 54
0
0
0
0
0
1 92
2 43 21
0
0
0
1 30
1 39
1 69
1 85
0
2 71 30
1 34
1 50
1 62
1 30
0
0
0
2 42 36
0
0
0
2 39 66
2 35 50
1 52
0
1 63
1 51
2 51 27
0
1 17
1 39
0
1 58
1 22
0
0
0
0
0
1 71
1 74
0
1 41
1 25
0
1 51
0
1 43
1 51
0
0
0
0
1 40
1 17
0
0
1 57
1 58
2 66 57
0
0
2 61 43
0
0
0
1 27
1 42
0
1 54
0
0
2 48 62
1 54
0
0
0
2 65 53
0
0
0
0
1 57
1 43
0
1 32
0
1 69
2 71 23
0
0
0
0
1 53
2 39 75
0
0
0
2 51 59
1 70
1 52
1 39
1 50
0
1 39
0
0
1 31
1 58
3 34 93 56
1 37
3 65 70 33
0
0
0
0
0
1 39
0
0
0
1 30
0
0
1 82
0
2 45 53
1 55
0
1 63
0
0
1 52
1 63
0
0
0
0
0
1 61
0
1 76
0
1 45
0
0
2 39 81
1 74
0
1 26
0
1 50
1 54
1 50
1 78
0
0
1 66
1 53
0
0
2 72 83
3 73 44 58
1 37
0
1 35
1 67
0
1 60
1 65
1 59
1 35
1 30
0
0
0
0
1 41
0
0
1 40
0
0
1 35
0
1 32
0
0
0
0
0
0
1 53
1 39
0
0
0
0
1 43
0
0
1 26
0
1 75
2 32 48
0
1 46
0
1 73
0
0
0
1 16
0
1 29
1 3
2 41 67
0
0
0
1 43
1 14
0
0
0
0
1 81
1 34
0
1 60
0
1 86
1 49
1 88
0
1 35
0
1 66
1 50
0
0
3 28 62 30
0
1 63
0
0
0
1 59
1 67
1 67
0
0
1 5
1 58
0
1 68
0
0
0
0
0
0
1 51
0
2 70 28
1 40
1 23
1 57
1 49
0
0
2 49 49
1 33
0
0
0
0
1 82
1 35
1 53
0
1 37
0
0
0
0
0
1 20
1 59
0
2 34 59
0
0
0
0
0
0
0
0
0
1 66
1 36
3 52 42 62
1 39
0
0
1 71
0
0
0
0
0
0
0
1 62
2 62 31
1 42
0
1 30
0
0
1 43
1 36
1 39
1 34
0
1 62
0
0
1 48
0
1 31
1 41
0
0
0
1 21
1 19
0
0
0
0
1 6
0
1 57
0
0
1 46
2 38 26
0
0
0
1 73
0
0
0
2 59 76
1 47
1 37
0
1 65
0
0
0
0
0
1 27
1 69
2 29 41
0
0
2 60 68
0
0
0
1 15
1 42
0
0
0
0
0
1 54
1 35
2 52 45
0
0
1 45
0
0
1 44
0
1 19
0
1 63
0
1 47
0
1 82
0
0
2 64 14
0
1 53
0
2 47 43
2 51 32
0
0
0
3 47 32 35
1 63
0
0
0
0
1 49
0
0
0
0
1 24
0
0
0
0
0
0
0
1 54
0
1 26
2 40 30
0
0
0
0
2 39 54
0
0
1 68
1 35
0
0
0
0
1 60
1 55
0
0
1 31
0
1 12
2 63 31
2 14 26
0
1 82
2 60 49
1 66
0
0
1 57
0
2 40 57
0
1 62
0
0
1 49
1 17
1 51
0
0
2 62 20
0
0
0
1 41
0
0
0
1 70
1 34
1 56
1 33
1 57
0
1 53
0
0
0
1 42
0
0
1 48
0
0
0
0
1 51
1 19
0
0
1 37
1 47
0
0
1 62
1 76
0
2 54 73
0
0
1 94
2 70 65
0
0
0
0
0
2 65 82
0
0
1 53
1 64
1 67
1 41
1 6
2 47 65
0
0
1 43
0
0
0
2 78 36
1 92
2 38 62
0
0
0
0
0
0
1 46
0
0
1 43
0
1 19
0
1 46
0
0
0
1 19
0
0
2 2 53
2 66 42
0
0
0
0
1 48
1 40
1 70
2 51 62
1 31
2 35 47
0
1 47
1 57
0
0
1 52
1 46
0
1 50
0
1 55
1 66
1 84
1 49
1 52
1 73
0
0
0
0
0
1 33
0
0
2 45 39
1 43
0
1 63
1 77
1 43
1 74
0
2 52 64
2 99 45
0
1 53
0
1 69
0
0
0
0
0
0
0
1 45
1 73
2 55 29
0
1 44
0
1 61
0
1 69
0
2 54 47
0
0
2 23 39
1 18
0
1 77
1 39
0
1 21
1 74
0
0
2 63 34
1 40
1 36
0
0
0
1 15
0
0
1 34
1 38
1 28
1 27
1 62
1 52
2 48 7
0
1 71
1 9
1 47
0
1 18
1 47
1 64
0
0
0
0
0
1 67
0
0
0
1 58
1 17
1 12
1 86
0
0
3 61 20 36
1 26
1 95
0
2 50 35
0
1 43
2 42 76
2 54 42
1 57
0
0
0
0
0
0
0
0
2 19 76
1 55
0
1 54
1 42
2 63 50
0
0
1 33
2 46 52
1 50
1 58
0
0
0
0
0
0
2 50 23
1 39
0
2 82 50
0
0
1 71
0
0
0
4 15 67 64 7
1 65
3 83 45 57
0
1 36
1 49
0
0
0
1 64
2 71 50
1 39
2 23 64
0
4 58 30 71 78
1 27
1 22
1 11
0
1 74
3 19 40 38
0
0
0
0
0
1 34
1 42
1 55
0
0
0
0
0
0
1 94
0
1 71
1 34
0
0
1 16
0
1 66
2 83 52
0
1 43
0
3 48 31 53
3 65 20 58
0
0
0
2 98 33
3 29 61 59
1 68
0
0
3 44 41 69
0
1 48
0
1 54
3 41 46 37
0
0
1 61
0
1 39
1 52
0
0
0
1 47
1 50
0
3 38 75 73
0
1 13
0
1 54
0
1 63
2 55 55
1 55
0
1 68
1 57
3 78 48 78
1 51
0
0
0
0
0
1 60
2 67 43
1 93
3 61 28 38
1 44
1 27
2 62 74
0
1 21
0
1 36
0
2 50 52
0
0
0
0
2 53 68
1 28
0
1 87
1 25
2 56 77
1 49
0
0
0
1 53
1 49
2 67 23
1 66
2 87 33
2 57 46
2 63 46
1 18
0
1 45
0
0
0
2 64 21
1 58
1 47
1 33
1 50
0
1 46
0
0
0
4 36 82 78 70
1 51
2 41 38
1 74
1 47
2 38 81
0
1 59
1 39
0
0
1 36
0
1 56
0
0
0
1 27
2 46 73
0
2 31 53
2 38 39
1 59
1 37
0
2 46 42
0
2 53 42
0
0
1 49
1 26
2 88 54
3 64 23 82
1 18
2 32 75
1 85
0
0
1 16
1 50
2 53 59
0
1 55
0
1 46
2 59 80
0
4 54 18 79 75
1 52
0
1 54
1 39
2 49 60
1 48
2 55 75
0
1 69
0
1 56
2 31 59
2 42 19
1 66
0
0
2 31 9
1 35
1 40
1 4
0
1 76
0
1 49
0
3 41 28 43
0
3 45 43 68
2 13 62
1 49
1 35
1 4
0
3 66 26 36
1 55
1 86
1 46
2 42 39
0
0
1 17
0
3 38 63 60
0
0
1 6
3 37 76 55
1 52
0
2 34 60
2 35 26
1 40
1 35
1 29
0
0
0
0
1 28
0
2 46 51
2 65 83
0
0
2 43 49
2 27 55
0
4 77 65 86 41
0
1 78
0
1 47
0
3 38 57 57
1 47
1 69
0
2 17 28
1 55
1 5
2 45 61
2 31 79
1 65
1 72
3 8 49 3
0
3 57 62 49
1 15
1 20
1 52
0
1 41
2 60 77
2 66 49
0
3 68 37 44
1 58
0
0
0
2 44 36
0
0
2 82 46
1 62
1 45
1 65
1 55
1 38
1 32
4 77 64 65 88
3 27 55 41
2 66 17
0
1 25
2 52 57
1 21
0
0
4 48 58 60 48
0
1 31
1 56
2 82 34
0
0
0
1 49
1 79
1 48
1 41
0
1 48
1 57
0
2 57 43
1 33
3 60 38 52
3 54 64 96
0
3 62 64 52
0
1 56
3 54 53 46
1 44
0
1 19
2 60 61
0
3 53 53 62
0
1 23
0
2 40 15
3 58 28 54
0
1 40
1 56
1 39
1 45
2 6 50
5 47 68 71 61 33
0
2 30 33
2 55 23
1 34
1 58
1 62
1 7
3 83 9 84
0
3 30 73 36
3 33 38 30
2 57 49
2 48 66
0
0
0
2 90 42
0
1 63
2 44 32
1 51
2 40 50
1 44
0
2 78 67
0
1 62
2 9 10
2 67 39
0
1 64
2 53 33
2 21 54
1 44
2 60 58
1 70
1 76
1 47
1 61
2 46 51
0
0
2 28 23
1 37
1 18
2 32 66
1 69
2 87 51
2 70 65
1 79
2 42 52
1 67
1 69
3 54 64 32
2 75 61
1 49
3 37 90 21
1 38
0
0
0
2 43 33
0
1 32
2 36 10
0
3 51 40 39
2 15 35
2 61 36
2 26 29
1 51
0
0
2 42 73
1 73
2 50 40
2 59 38
0
2 88 33
2 98 37
0
1 62
1 47
2 86 74
2 58 85
3 49 66 44
2 44 43
1 81
1 41
1 59
0
1 27
2 74 57
0
0
2 98 17
2 37 64
0
0
2 8 18
6 33 50 54 63 33 67
1 34
2 45 48
4 85 32 28 55
0
3 53 60 77
1 62
3 35 47 61
1 40
0
1 36
3 35 68 8
0
1 97
1 52
1 46
0
1 62
1 49
2 35 23
2 52 11
0
4 33 71 44 62
2 71 27
0
1 54
1 30
0
2 45 66
0
3 34 75 38
1 53
2 48 63
1 57
