3600 4
3 41 54 10
4 47 36 66 91
2 45 42
4 85 36 91 20
1 87
5 86 40 61 46 26
2 62 55
4 61 26 64 60
3 35 34 67
3 70 61 22
2 42 55
1 68
1 73
4 82 42 83 44
1 71
2 54 44
5 88 34 49 47 79
5 40 100 64 73 30
2 50 32
4 25 32 19 30
1 81
3 46 54 32
2 28 39
2 3 59
1 44
2 62 64
7 42 64 32 53 80 77 39
2 47 31
1 42
1 37
2 75 22
2 56 43
1 1
0
8 41 44 40 84 77 36 49 79
1 61
5 36 53 36 52 37
1 28
3 41 65 59
1 26
0
2 50 17
0
0
3 67 33 78
1 56
2 58 21
1 82
4 75 76 85 43
1 24
3 19 59 53
1 49
4 20 61 59 27
1 73
2 42 14
2 44 60
3 42 24 65
4 51 61 37 57
5 50 54 74 52 54
2 44 49
5 62 55 39 48 20
3 62 63 86
1 39
3 22 35 21
0
2 18 60
3 53 55 44
5 38 41 49 10 22
2 30 70
4 26 61 55 62
3 94 54 44
3 81 16 78
4 56 70 51 78
2 41 25
1 56
0
4 30 41 39 43
2 79 53
1 63
1 38
2 68 62
3 35 45 62
1 44
1 78
6 58 44 84 38 62 16
3 45 36 33
4 56 19 78 39
1 28
3 64 70 32
2 100 14
3 70 45 42
4 71 57 13 56
2 63 42
3 38 70 39
4 63 94 43 79
4 41 90 52 69
2 75 32
0
2 71 44
3 28 64 32
2 27 74
3 50 40 42
2 13 54
4 78 40 46 40
0
4 51 63 70 55
2 24 32
3 29 50 43
0
1 49
2 74 74
2 40 61
2 34 42
3 17 34 72
3 37 73 53
1 42
2 52 20
2 52 47
2 45 28
3 19 14 33
5 31 28 67 45 31
1 39
3 86 56 55
4 58 23 56 52
3 34 44 59
2 65 32
3 65 91 50
0
5 62 67 45 60 53
3 28 64 28
3 28 64 61
2 39 67
2 71 48
3 77 52 80
5 60 27 30 45 18
2 63 53
7 7 75 58 53 45 79 79
3 55 38 42
1 78
2 59 48
5 24 23 35 59 33
1 56
1 84
2 36 53
1 52
3 53 52 36
2 51 42
1 65
0
1 38
1 71
3 34 45 79
1 69
3 36 49 48
3 98 24 60
1 72
3 35 53 39
3 17 65 45
3 33 40 78
6 30 57 18 55 71 57
7 63 22 18 69 49 83 53
2 81 33
2 31 66
1 86
1 41
2 15 66
4 27 26 51 74
3 60 53 86
2 72 32
2 67 62
2 36 64
4 43 42 52 52
4 56 32 64 75
2 68 23
1 38
0
2 55 58
1 57
2 78 45
2 73 41
2 47 68
3 29 59 67
3 62 56 31
2 47 67
2 78 46
1 1
3 25 43 46
5 16 68 63 33 93
1 73
2 29 44
3 75 54 27
1 52
2 42 64
1 26
4 48 32 18 46
3 53 68 42
1 65
4 33 34 41 75
3 56 58 68
0
1 19
2 30 36
4 81 75 40 56
4 65 32 23 38
4 60 19 40 71
2 16 24
2 32 69
4 28 68 45 65
0
3 69 25 46
0
2 58 46
2 61 29
2 68 67
1 45
2 67 60
4 29 52 84 16
2 68 57
2 54 60
2 68 75
2 26 29
6 62 60 64 34 45 49
3 38 85 46
4 86 58 76 47
3 55 86 67
1 59
2 21 53
2 65 56
1 15
5 46 48 58 85 87
3 72 34 68
3 22 76 44
2 44 32
0
4 72 45 30 42
2 77 3
2 54 33
1 65
4 38 35 49 60
4 54 27 70 50
1 38
1 73
3 71 32 68
1 88
3 72 44 48
5 36 38 34 63 53
2 14 29
2 40 90
4 56 85 27 71
2 92 98
2 69 52
0
3 20 48 38
1 55
5 38 52 40 15 64
4 37 83 37 60
2 25 27
1 74
2 40 55
2 66 78
3 77 44 37
1 31
1 41
3 71 46 42
2 25 49
2 71 46
2 58 40
7 42 47 92 35 78 39 43
4 60 20 34 60
2 82 80
1 74
1 44
2 80 61
2 9 9
0
2 66 40
2 39 65
2 49 76
0
3 54 39 40
4 72 49 24 84
3 43 38 44
1 36
3 45 49 71
3 80 57 22
2 44 26
4 61 67 21 62
3 56 67 58
2 25 83
3 55 43 44
3 52 54 48
4 50 47 87 60
3 36 97 39
1 73
2 66 44
1 39
0
2 20 80
3 30 89 59
4 53 61 63 40
2 77 51
2 51 73
3 35 35 86
3 31 34 59
1 44
3 28 54 87
2 23 73
2 35 44
3 64 41 51
0
2 41 34
0
2 42 43
5 42 68 81 59 43
1 57
3 34 60 35
2 46 71
4 32 55 91 51
2 64 81
2 34 74
2 23 49
4 42 36 11 61
0
3 68 69 41
3 51 13 38
3 19 72 42
4 62 65 41 23
1 52
3 56 37 31
1 35
1 63
2 18 41
4 56 52 56 34
2 35 40
3 60 15 54
3 50 86 44
1 58
0
3 4 64 50
2 71 24
2 68 55
2 57 23
0
3 28 40 44
3 47 54 24
1 47
5 68 38 44 71 46
3 16 43 53
0
2 58 52
2 34 48
2 41 40
3 14 13 9
1 30
2 49 60
2 96 76
2 60 27
2 50 5
2 75 62
3 54 21 61
5 45 16 86 49 46
6 8 59 71 62 38 78
2 30 91
1 70
1 32
0
1 39
2 37 71
1 46
0
1 78
4 11 87 48 55
3 74 76 56
6 26 46 50 11 27 31
2 5 84
2 48 44
3 34 75 39
2 50 55
2 39 60
2 55 40
3 46 60 54
1 73
7 70 55 55 57 44 66 57
2 64 53
3 70 61 31
4 68 61 66 9
3 42 40 78
3 58 55 33
2 82 59
2 73 29
3 35 61 61
3 23 60 80
3 70 52 54
0
1 46
2 51 19
1 34
2 72 22
3 21 53 67
2 26 0
1 39
2 86 23
2 68 71
3 20 55 79
1 57
1 52
0
3 47 62 36
4 62 41 16 48
1 28
1 0
3 48 70 56
5 44 20 17 61 30
3 28 59 47
3 19 28 76
3 25 37 62
1 46
1 64
1 32
2 75 54
5 89 43 55 64 40
1 3
3 72 56 20
1 28
2 97 48
0
3 59 76 55
2 61 50
2 54 63
1 37
1 43
2 66 29
3 72 42 50
1 69
0
2 19 18
1 76
1 61
1 51
3 62 64 51
5 42 78 43 85 52
1 67
3 76 29 18
2 40 60
3 76 53 29
3 33 42 31
0
2 77 64
3 56 16 48
5 55 32 61 37 94
3 11 69 65
4 40 57 58 43
1 46
1 36
2 18 55
2 60 46
4 84 48 25 17
1 24
2 57 18
3 62 57 45
2 41 92
2 47 51
2 56 76
2 51 63
1 57
1 47
1 52
2 72 75
1 37
3 20 43 64
0
1 67
0
0
3 39 93 61
7 79 44 14 48 3 55 13
7 36 41 70 24 35 39 34
3 4 32 59
1 53
3 14 38 50
0
1 76
2 59 26
4 29 56 40 63
1 36
2 69 49
3 37 39 62
1 24
1 40
5 40 68 58 45 64
2 60 51
2 75 51
4 59 80 48 77
0
5 25 61 30 70 41
2 48 45
3 53 55 68
1 69
2 71 73
3 54 32 34
0
0
2 91 61
1 83
0
1 27
3 42 14 59
3 1 22 45
5 39 55 4 79 58
2 39 44
3 51 43 66
0
1 24
1 89
0
0
2 50 47
3 51 56 52
2 50 39
1 55
2 45 45
3 66 45 49
2 47 43
1 25
3 17 49 74
1 25
0
4 60 28 31 35
2 66 47
2 50 66
0
2 32 43
1 40
3 49 38 50
0
3 18 52 46
2 38 45
5 27 43 33 56 30
4 26 41 73 53
2 45 77
3 93 80 28
3 30 52 24
1 34
0
1 22
2 42 76
4 72 45 42 73
2 53 41
1 20
5 50 87 57 37 30
4 44 44 27 30
3 40 74 33
0
1 64
2 49 5
1 38
3 14 25 38
0
1 20
1 60
2 20 33
3 60 66 17
2 30 42
2 100 42
2 51 77
1 56
3 29 70 22
0
3 59 46 56
2 81 58
2 61 52
2 57 49
2 55 89
1 43
2 67 23
0
3 39 22 57
3 50 32 52
2 55 51
3 58 80 23
2 62 31
3 98 42 41
2 63 64
1 42
0
3 6 4 18
0
3 35 38 52
3 89 60 41
0
3 94 29 78
0
0
4 55 47 51 39
3 36 68 47
3 35 92 73
0
1 52
2 30 40
1 52
1 58
1 39
6 33 82 52 57 49 49
2 14 34
7 43 35 30 33 40 56 44
0
2 28 27
0
2 85 55
4 56 35 46 62
1 32
1 45
1 36
2 52 72
2 43 77
4 53 31 83 50
0
3 74 61 48
0
2 41 33
4 66 31 46 14
2 36 49
2 69 70
4 86 93 67 68
2 13 0
1 35
2 75 59
0
2 12 26
1 59
1 34
3 68 45 45
1 78
2 60 50
2 42 57
0
2 24 44
2 3 46
2 49 60
1 32
1 44
2 55 71
2 76 56
2 71 23
0
1 48
3 60 24 49
5 50 87 60 92 45
2 24 31
2 58 66
2 23 43
2 54 51
2 67 46
0
1 29
1 58
2 30 67
1 65
2 63 44
3 35 59 43
1 46
3 49 9 88
0
0
2 30 65
4 88 32 50 84
2 43 88
4 37 55 76 6
2 92 28
2 78 56
2 84 66
0
1 73
6 34 53 47 40 65 44
0
1 38
4 34 51 86 28
1 28
0
0
0
0
2 48 37
0
0
3 59 85 33
2 90 54
4 54 8 15 48
4 55 29 35 64
1 14
0
1 41
2 35 67
2 37 63
1 53
4 82 49 25 58
3 67 40 50
2 55 52
2 73 62
3 35 14 49
2 65 25
4 4 40 33 53
4 17 3 60 47
4 61 32 50 61
3 59 87 61
1 53
4 51 63 51 52
1 54
0
4 63 26 77 41
0
0
1 76
0
2 37 28
0
1 6
4 42 41 39 58
1 79
2 54 62
1 6
3 45 53 61
3 69 59 30
1 40
0
1 54
1 57
0
2 15 57
0
1 48
0
1 54
1 46
2 76 26
5 39 49 23 47 21
1 45
2 40 29
4 53 48 35 90
2 41 68
0
3 29 80 59
3 68 51 47
0
0
0
3 42 72 5
1 45
1 45
0
1 59
0
0
3 21 50 79
3 61 48 54
3 29 73 82
0
4 34 19 37 47
3 67 64 78
2 70 42
4 54 44 13 65
2 24 42
3 50 50 59
1 26
2 57 33
2 33 76
1 38
0
2 48 22
1 26
0
0
2 40 69
1 26
2 56 67
1 15
1 32
1 40
4 56 48 17 55
3 41 59 32
0
3 68 58 43
2 52 52
0
2 44 44
0
4 35 52 76 58
2 26 26
3 34 85 19
1 56
3 22 9 80
0
2 30 43
1 1
2 24 70
0
2 69 83
3 76 74 37
0
2 58 30
2 35 52
1 90
2 68 56
0
2 51 57
1 23
3 46 17 48
0
0
0
0
3 43 16 42
3 69 34 44
2 51 38
3 23 22 59
3 0 21 47
0
2 34 23
1 44
2 43 47
2 40 40
4 56 24 53 60
2 43 36
0
2 59 72
1 22
0
1 34
2 37 49
5 54 27 50 2 52
0
0
4 67 78 30 40
1 31
1 50
0
1 45
0
1 13
1 17
3 55 39 81
0
3 31 57 23
1 33
0
1 50
0
0
1 60
2 64 25
0
1 37
1 40
1 52
2 41 72
2 44 62
3 40 46 52
1 26
1 61
4 61 38 26 28
3 18 46 18
2 62 38
1 44
2 47 52
2 71 41
4 15 60 85 65
4 50 65 71 43
1 43
0
2 38 94
1 68
2 48 19
0
3 48 27 69
2 52 43
1 72
1 70
2 54 55
1 61
2 35 27
0
1 27
0
0
2 29 56
0
3 86 33 65
1 45
1 62
0
2 67 71
2 43 55
0
0
1 30
0
1 29
0
2 46 22
3 72 62 69
2 41 73
2 68 66
1 52
1 57
1 48
3 30 30 8
1 20
1 71
0
5 60 87 22 71 54
0
0
1 51
2 42 32
0
2 35 65
1 60
1 21
0
0
4 21 54 44 50
1 68
2 81 66
3 13 42 61
1 41
0
2 43 54
1 66
3 29 52 48
3 85 24 42
1 43
2 0 24
4 34 47 37 78
1 51
1 30
2 45 31
4 78 53 39 55
0
2 79 41
3 49 31 50
0
0
0
1 53
2 51 40
2 23 42
2 45 38
0
2 25 53
0
0
1 73
4 63 71 55 6
1 39
1 49
2 30 26
1 43
0
1 43
0
0
2 45 42
3 55 35 67
2 20 47
0
0
3 46 39 47
2 43 29
3 74 45 20
0
0
1 58
1 31
1 21
0
1 65
1 53
0
0
0
2 20 26
0
1 28
2 58 73
2 71 47
0
0
0
3 41 33 52
2 10 20
2 39 30
1 54
2 62 50
0
2 36 33
1 52
2 59 64
2 49 85
2 64 67
1 67
0
0
0
1 54
3 79 65 31
1 62
2 49 41
3 32 59 38
0
3 54 64 50
2 80 42
2 61 55
0
2 61 35
0
0
1 67
2 38 51
3 17 43 79
0
0
1 72
1 10
2 32 66
1 32
0
2 57 48
2 67 67
0
0
2 29 20
3 42 57 46
1 42
0
0
1 46
2 49 55
0
2 68 54
0
0
1 51
1 29
0
0
1 56
1 39
1 40
5 77 65 36 39 32
2 45 36
0
1 36
1 55
1 49
0
0
3 24 37 85
4 66 53 44 70
0
2 61 51
1 42
2 44 61
3 52 28 62
3 33 20 72
3 30 30 59
2 26 55
0
0
2 20 40
2 64 55
2 100 95
1 25
1 57
1 53
0
0
0
2 25 25
0
0
0
0
0
2 89 59
0
2 58 32
0
0
0
1 34
2 32 22
2 69 49
0
0
1 61
0
0
0
2 30 67
0
2 23 38
0
2 68 49
2 89 15
1 7
1 78
1 40
3 31 70 69
2 47 56
1 45
0
1 21
1 56
1 30
2 81 51
2 25 43
1 11
1 63
4 68 55 29 61
1 87
0
0
0
1 62
0
2 37 45
2 64 55
1 34
0
1 40
0
0
1 42
1 54
1 83
2 80 30
2 38 57
0
3 32 37 86
1 53
0
0
1 49
0
0
1 51
2 39 67
1 34
1 63
0
0
0
0
2 56 74
2 3 25
0
2 71 48
3 37 30 95
1 87
0
2 52 63
0
1 59
0
1 63
0
1 35
2 44 61
0
1 36
1 44
1 47
2 87 91
1 47
1 27
1 16
1 65
1 28
1 45
0
2 46 67
0
1 51
1 56
0
1 64
2 60 46
0
0
3 59 32 32
0
2 74 76
0
4 53 62 44 49
0
3 50 66 67
0
0
2 62 87
0
0
1 54
0
0
1 49
0
1 66
1 27
1 27
3 54 35 24
2 34 27
0
1 39
2 50 62
0
2 60 66
3 68 48 24
0
1 34
0
0
0
0
1 26
1 97
3 45 34 65
1 51
1 62
0
1 7
0
0
0
0
0
2 39 70
0
1 41
0
1 53
0
1 56
0
2 65 53
1 63
2 8 24
1 81
1 46
0
0
1 38
0
1 83
0
5 58 50 43 59 25
0
1 43
0
0
0
1 64
1 36
0
1 99
2 38 59
1 66
1 46
1 49
0
1 54
3 32 69 33
2 62 74
1 35
1 42
2 31 31
0
0
0
2 44 63
1 40
2 76 30
0
1 35
0
4 58 53 85 76
0
0
0
0
0
0
1 58
1 67
1 19
0
0
2 39 39
2 51 57
1 39
1 74
0
1 67
3 48 74 11
0
0
1 91
1 79
1 90
0
0
2 36 51
1 17
0
0
2 40 57
2 50 69
0
0
0
1 49
0
1 41
1 58
0
0
2 62 56
0
1 78
0
0
1 34
1 70
0
1 25
2 51 72
0
1 35
1 59
0
0
0
2 56 80
1 91
0
1 59
0
0
0
1 29
2 55 51
0
3 73 22 40
1 25
0
2 59 81
1 46
0
0
0
1 51
1 70
1 28
1 58
1 32
0
0
0
0
1 48
1 61
1 15
0
0
1 69
1 51
1 51
1 4
0
1 54
0
1 22
1 50
0
1 34
1 49
0
0
0
0
0
0
0
2 59 41
0
2 27 28
1 53
1 68
3 37 59 43
0
0
2 44 57
0
0
2 65 90
1 20
0
1 62
0
0
1 34
1 38
0
1 53
2 63 30
0
0
0
0
1 24
0
2 73 52
0
1 67
1 44
0
0
1 31
0
1 67
0
1 52
0
1 40
0
0
2 55 63
0
2 72 50
1 66
1 20
2 49 59
0
0
0
1 42
1 51
0
0
1 53
0
0
0
2 59 48
0
0
0
0
0
0
1 76
1 30
0
0
0
3 74 17 37
1 75
1 46
0
0
2 46 61
0
1 56
0
1 68
1 63
1 45
1 3
0
2 20 57
0
1 49
0
1 77
0
0
0
2 81 17
1 20
0
0
0
4 66 65 72 37
0
0
1 73
0
2 55 93
0
2 59 91
0
1 83
1 42
1 55
0
1 44
1 16
1 60
0
0
0
0
1 55
1 49
1 20
0
0
0
2 70 44
0
0
1 35
0
1 69
0
0
0
0
1 45
0
0
2 43 27
1 53
2 20 26
0
1 53
0
1 65
0
0
0
1 50
0
0
1 64
0
2 47 53
2 24 61
1 42
1 28
0
0
0
1 24
0
0
0
0
2 32 42
1 64
0
1 34
0
1 55
1 54
1 54
0
0
0
1 59
0
0
0
4 61 66 47 53
0
0
0
3 31 58 40
0
1 40
0
0
0
0
1 73
1 66
0
0
0
0
0
0
2 50 28
0
0
0
0
1 41
0
0
0
0
0
1 33
0
1 47
1 36
2 27 56
0
0
1 19
0
1 57
1 81
0
0
1 34
0
0
1 43
0
0
0
0
0
0
0
4 69 42 39 96
1 70
0
0
0
2 44 65
0
0
0
0
0
0
1 65
2 39 19
1 12
1 50
0
1 61
2 59 36
0
0
0
0
3 62 57 57
1 43
1 29
1 70
1 76
0
1 66
0
1 67
0
0
2 34 36
1 40
0
0
0
0
0
2 75 4
2 85 84
2 26 35
0
0
0
0
1 31
0
1 48
0
1 76
1 30
1 33
0
0
0
0
0
0
0
0
1 78
0
1 76
0
0
1 54
0
0
0
3 63 87 53
0
1 37
0
1 74
0
0
0
2 46 55
0
0
0
0
2 63 45
0
0
0
0
0
2 39 31
1 51
0
0
1 71
2 24 58
1 70
0
1 73
1 70
0
1 74
0
0
0
0
0
1 58
0
0
2 50 53
0
1 24
1 49
1 14
0
2 37 48
0
1 55
0
0
0
0
1 39
2 56 43
0
2 29 78
0
0
0
0
0
0
0
2 47 55
0
0
0
1 63
1 61
0
0
1 55
0
0
1 30
1 63
0
0
0
1 48
1 66
0
2 58 59
1 44
0
0
0
0
2 50 34
1 69
1 55
2 40 52
1 58
0
0
0
0
1 65
0
1 30
0
1 42
0
1 30
0
0
0
1 65
1 60
0
1 55
0
1 17
0
2 58 68
0
0
0
0
0
0
0
0
1 24
0
0
1 57
0
1 44
1 37
0
0
1 39
0
1 85
0
1 57
1 75
0
0
0
2 63 67
1 56
0
0
1 67
0
0
2 60 61
1 40
0
2 21 15
0
0
1 46
2 73 46
0
1 56
1 45
0
2 45 73
0
0
2 60 22
0
0
1 34
0
0
1 58
0
1 65
0
0
0
0
1 88
2 57 26
1 36
1 57
0
1 29
1 48
1 57
0
0
0
0
1 71
0
1 47
0
0
0
2 69 51
0
0
0
1 48
1 44
0
0
0
1 90
0
1 53
1 29
1 19
0
0
1 50
1 23
1 47
0
0
0
1 47
0
0
0
0
2 36 30
2 36 51
0
0
1 40
1 43
1 57
1 24
0
0
2 59 33
0
1 49
0
0
0
0
0
1 77
0
1 53
0
0
1 69
1 62
2 64 18
0
0
2 45 55
0
1 36
0
1 77
1 57
0
1 55
0
0
1 42
0
0
0
0
0
0
0
0
1 61
0
0
0
1 51
1 55
1 18
1 71
0
1 58
1 31
1 57
1 60
1 69
0
1 26
1 34
0
1 61
2 68 59
0
0
0
1 88
2 55 69
0
1 50
1 40
0
2 37 64
1 54
1 75
0
0
0
0
0
0
1 79
2 44 62
1 65
1 53
0
0
1 64
2 38 18
1 66
0
0
1 38
1 34
1 72
2 1 36
1 45
1 20
0
0
0
1 32
1 73
1 55
0
0
0
0
2 20 44
1 52
1 63
1 47
1 49
0
1 35
1 66
2 37 49
0
0
0
0
0
0
0
1 58
1 51
0
1 53
0
0
0
2 49 40
0
1 43
0
0
1 61
0
0
1 49
2 53 35
1 40
0
2 63 50
2 62 49
2 76 67
1 11
1 58
1 25
2 54 72
1 43
1 10
0
1 44
1 17
0
1 32
1 53
0
2 42 22
0
0
1 52
1 39
1 30
1 56
0
0
0
0
3 63 14 43
1 23
1 51
0
0
1 35
1 7
1 63
0
1 52
0
0
1 34
0
1 67
0
0
1 41
1 69
1 63
1 19
1 26
1 53
0
1 71
1 48
0
1 38
0
0
1 54
1 49
1 77
1 38
0
0
0
0
1 65
0
0
0
2 46 49
0
1 54
1 53
2 28 73
1 79
2 50 54
0
2 55 73
1 31
0
0
0
1 66
2 64 53
1 45
0
0
2 59 56
0
1 52
3 34 64 50
1 50
1 47
0
0
0
0
0
0
2 32 49
3 42 76 46
2 60 74
2 43 42
1 57
0
1 52
3 74 13 62
2 53 53
1 66
0
0
0
1 34
2 50 57
0
0
0
1 89
2 58 38
0
1 84
0
0
1 81
0
0
1 17
1 85
0
2 83 41
1 33
0
1 56
1 60
0
0
1 24
2 35 30
2 40 71
0
0
1 44
2 24 59
2 42 53
2 78 30
1 59
0
1 28
0
0
1 48
0
0
2 70 47
1 43
0
1 60
1 34
1 80
0
0
1 58
4 43 54 67 44
1 22
1 18
2 29 35
0
0
1 27
3 74 57 43
2 82 53
0
1 92
1 39
0
0
1 46
1 30
0
1 51
1 39
0
2 56 65
1 47
0
0
0
1 65
0
0
1 66
1 29
0
4 38 75 79 22
1 15
0
1 58
0
0
0
0
1 55
1 66
0
1 64
2 45 30
3 16 66 10
3 69 28 40
1 23
3 37 66 65
0
2 13 38
1 50
2 67 43
0
2 46 58
0
1 65
0
0
2 35 32
0
0
0
0
0
0
2 22 65
1 36
1 29
2 54 14
1 57
0
1 48
0
2 52 16
1 38
1 33
3 38 51 63
1 23
2 62 56
0
1 19
2 47 76
1 67
1 49
0
0
5 46 48 57 58 60
0
2 45 73
1 35
1 41
0
0
1 84
3 49 65 80
2 56 40
0
1 20
0
2 36 71
0
1 76
1 31
2 63 36
1 46
1 76
0
2 26 25
1 62
2 25 37
0
2 41 46
3 29 50 48
0
0
1 33
1 30
1 62
0
1 9
0
1 21
0
3 35 38 32
3 29 63 22
2 75 48
0
0
0
0
4 29 72 28 26
1 34
1 66
0
0
2 42 70
0
1 18
1 20
2 60 62
1 14
0
2 39 62
2 7 33
1 74
1 51
1 53
1 37
0
2 6 41
2 29 48
0
1 36
3 53 30 69
0
0
2 45 39
1 45
1 52
0
0
0
2 67 61
2 37 50
1 74
1 64
0
0
2 49 29
1 21
2 76 48
3 37 44 63
0
1 56
0
2 30 50
0
3 61 88 58
1 41
2 69 57
1 39
1 37
0
2 76 82
0
1 68
0
2 61 28
3 24 49 54
1 43
0
1 50
2 84 47
0
2 59 88
0
0
2 23 70
1 28
1 30
2 31 26
0
1 23
3 60 18 52
0
3 52 59 9
2 60 66
0
2 44 38
1 72
0
1 52
3 73 11 57
1 54
1 18
2 68 47
1 57
2 46 32
0
5 30 42 37 52 67
2 82 43
0
1 66
1 42
2 65 58
1 44
2 46 56
0
0
3 42 81 64
1 40
1 4
0
3 38 61 13
1 65
1 57
2 23 59
1 78
1 61
1 66
4 40 40 95 81
0
1 55
1 36
0
1 9
1 31
0
0
2 18 44
2 89 22
0
0
1 72
1 29
0
0
2 60 40
0
0
1 73
0
1 60
3 17 72 33
1 12
2 45 70
0
3 97 29 94
0
1 21
2 49 84
3 67 84 79
0
4 38 25 64 80
5 52 42 27 51 42
0
3 45 72 21
0
2 57 55
3 61 75 55
1 18
0
2 49 25
5 46 32 77 45 34
1 44
1 52
2 38 13
2 34 41
0
0
1 21
0
0
1 96
2 71 85
0
1 36
0
2 44 43
1 31
4 34 27 47 49
0
3 45 46 61
0
1 53
2 66 39
1 69
1 44
2 41 28
1 44
0
2 24 36
1 38
0
3 62 59 78
2 24 17
1 65
1 1
1 32
1 29
2 53 40
1 55
3 79 36 16
1 24
3 46 41 48
0
2 68 66
0
2 48 48
0
2 60 22
0
1 50
2 31 37
0
1 49
1 42
1 34
1 80
2 60 29
1 62
1 44
0
5 55 49 90 39 56
2 86 25
3 46 25 43
3 39 82 53
3 48 10 41
1 75
0
2 19 66
2 42 58
0
0
1 57
3 63 50 35
2 66 48
1 75
1 34
2 41 43
1 55
3 63 52 37
1 41
0
2 47 36
1 40
0
2 61 29
0
1 26
3 77 44 34
2 46 19
2 19 65
3 42 79 70
0
2 22 61
5 26 66 55 61 78
2 38 42
0
2 71 22
0
0
3 24 56 61
0
2 25 54
2 60 40
1 50
2 70 14
2 45 46
2 52 55
1 32
2 63 28
1 73
2 63 43
0
1 87
0
1 19
3 53 20 63
2 63 28
1 7
2 49 55
1 91
1 43
1 17
3 84 34 75
0
1 18
1 62
2 57 60
0
3 46 56 50
0
1 37
2 30 59
4 58 66 3 28
0
0
1 47
1 58
2 63 47
3 60 31 36
2 51 37
3 33 46 34
1 71
2 22 37
3 75 35 77
2 13 14
1 49
3 80 65 60
4 51 29 68 61
2 49 35
2 44 62
1 49
0
3 66 84 57
4 67 21 67 49
3 47 56 47
0
1 37
2 46 60
0
1 52
1 26
3 21 29 63
1 54
1 31
2 51 20
1 47
2 47 44
0
3 97 52 78
0
3 52 32 66
1 39
0
1 54
2 31 71
3 24 22 74
3 92 92 67
1 42
1 44
0
2 35 48
5 34 66 66 28 33
3 24 66 47
0
1 36
1 48
1 39
2 61 36
1 37
1 53
0
3 38 85 63
1 28
2 60 15
1 41
1 48
2 30 85
0
4 25 47 22 57
3 61 61 10
3 66 69 64
1 54
1 39
1 46
2 67 53
3 57 39 28
0
0
5 22 62 60 29 23
0
4 78 61 48 45
3 28 48 28
0
1 66
3 8 67 42
3 19 34 40
0
0
0
2 51 52
0
1 60
1 49
3 44 57 13
1 36
0
0
3 35 40 71
3 65 48 69
3 39 63 79
2 31 54
1 37
3 55 15 56
2 24 39
2 59 76
2 40 58
0
2 14 40
3 65 58 58
4 44 50 72 88
0
1 11
2 35 80
7 37 29 57 61 38 22 19
4 26 46 62 33
0
1 73
0
1 84
2 61 54
0
2 55 36
1 37
2 29 77
1 53
2 42 55
1 59
2 66 11
2 26 31
2 33 35
2 39 70
1 89
4 57 44 75 53
1 51
4 24 27 57 51
2 59 35
2 24 46
3 56 82 53
3 29 76 47
1 55
1 55
1 42
0
1 84
0
1 40
3 9 66 61
2 32 55
1 21
4 20 70 40 62
0
3 37 48 61
0
3 92 35 76
2 53 39
0
1 38
2 57 47
3 39 54 71
1 62
2 81 81
3 65 66 31
2 40 36
3 15 49 66
0
3 42 82 32
2 59 55
3 32 1 68
2 72 54
2 51 42
0
2 52 53
1 53
1 37
2 18 57
3 50 32 57
1 37
1 74
1 27
0
2 43 74
2 47 56
2 73 42
0
3 51 49 72
2 52 78
1 97
0
3 59 54 55
5 63 54 27 41 29
2 59 40
3 70 49 82
1 15
2 74 66
2 18 28
5 55 54 85 57 47
0
0
2 65 21
1 53
0
1 47
2 52 78
3 69 41 51
2 69 62
2 82 60
3 36 91 18
2 50 29
4 22 81 49 30
3 47 66 23
3 41 37 48
1 50
2 72 32
2 53 41
7 54 10 62 67 59 57 32
2 60 49
1 51
1 89
0
0
1 82
2 28 16
2 25 53
0
2 83 84
2 41 64
1 57
1 52
2 28 30
3 55 67 52
2 31 51
0
1 45
1 43
1 50
3 20 56 58
3 35 23 59
3 96 57 90
3 19 68 52
1 41
1 73
2 80 32
4 30 54 48 34
4 65 55 64 39
1 73
0
2 44 56
2 43 72
3 49 45 41
3 41 46 63
2 52 68
2 35 25
2 61 45
3 40 66 67
3 52 8 79
5 39 49 71 66 87
3 65 74 20
2 38 43
2 63 68
1 94
1 50
0
1 46
2 56 79
3 44 13 68
1 40
1 33
2 38 35
3 69 71 43
1 18
1 54
1 38
6 57 69 50 15 52 85
1 29
1 28
0
5 14 19 50 37 36
1 63
0
3 72 89 74
4 67 11 22 30
3 57 67 53
0
1 55
2 45 15
3 41 7 33
1 21
2 45 31
2 55 68
1 65
6 66 51 64 70 36 52
3 38 50 75
1 19
2 34 33
2 61 63
0
3 65 64 25
2 55 71
1 41
2 58 43
1 91
3 26 49 45
1 63
4 23 24 39 54
2 49 25
1 56
2 75 42
2 71 51
3 29 60 45
2 48 86
1 55
1 21
3 1 42 66
2 73 23
0
2 37 54
2 92 64
1 5
2 46 76
1 41
0
2 62 73
3 86 22 6
3 15 50 39
3 68 58 46
0
4 61 56 45 25
3 47 43 92
3 76 53 64
1 74
4 37 2 54 61
2 32 28
3 53 20 33
1 52
4 47 25 95 89
0
5 40 54 34 63 56
2 38 47
3 75 51 83
0
0
2 40 71
4 11 54 68 1
2 47 79
1 72
4 56 62 29 20
3 54 54 63
5 36 82 17 42 11
2 58 52
2 58 64
3 58 46 67
0
1 66
3 53 70 77
1 44
2 33 38
3 59 42 17
2 58 25
1 48
1 76
3 63 29 85
4 28 61 37 39
4 42 45 54 39
4 49 17 15 16
1 36
2 53 13
0
3 56 57 36
3 61 65 87
1 30
4 72 23 52 46
4 50 71 17 46
1 38
2 62 69
3 58 62 27
2 79 84
4 83 35 82 84
2 67 41
1 57
3 33 46 40
3 28 40 47
0
3 57 43 53
0
2 79 22
2 67 56
1 53
4 48 58 56 21
2 38 20
3 52 64 53
1 64
2 42 56
0
2 67 30
1 62
1 56
2 39 53
4 25 31 60 18
0
1 61
0
5 17 44 74 91 67
2 35 26
4 52 52 49 41
4 53 16 50 38
2 56 53
2 53 40
2 55 86
2 47 62
0
3 68 44 35
2 49 27
1 35
1 60
4 39 63 54 40
1 49
4 59 42 69 18
2 38 78
2 42 51
1 61
3 53 33 34
4 35 54 70 47
5 56 43 44 64 43
1 40
4 78 84 60 84
3 55 95 56
3 42 45 45
0
2 67 36
3 67 36 36
1 56
0
4 39 10 61 20
1 69
2 27 12
1 53
2 26 55
1 49
2 35 35
3 48 62 59
3 56 49 59
0
2 70 40
5 14 42 66 88 32
6 50 34 43 67 54 58
2 48 34
4 68 58 47 55
3 66 52 72
2 47 67
0
3 55 53 74
0
2 76 45
2 51 53
4 40 40 76 21
2 63 57
2 78 47
3 58 36 39
2 58 46
2 56 16
1 66
3 50 57 53
1 52
1 82
1 63
2 46 64
3 66 62 47
1 46
1 88
1 41
2 52 26
1 43
1 46
4 59 57 62 53
2 51 67
3 8 39 35
3 58 45 91
2 40 76
1 56
2 81 77
3 57 84 63
3 53 50 49
5 50 78 11 40 47
0
1 59
2 24 38
5 46 82 54 36 66
3 46 71 18
1 35
4 40 56 85 58
2 31 62
2 60 96
1 53
2 66 54
2 35 42
4 65 63 77 43
6 62 28 53 53 60 42
4 51 38 70 33
3 68 48 23
1 41
4 26 49 52 44
1 64
1 42
1 61
0
3 27 55 43
4 61 61 43 28
4 47 32 59 62
3 19 65 78
1 47
3 17 39 37
2 49 30
3 80 64 49
2 36 57
1 34
0
4 34 17 72 61
2 54 64
4 31 28 36 56
1 39
2 50 67
1 63
3 41 39 75
0
2 55 62
3 59 71 49
5 29 58 42 37 72
1 60
2 72 55
3 52 68 66
2 44 26
1 47
3 16 15 51
1 53
2 20 49
4 66 53 60 42
2 49 16
4 43 65 59 45
1 78
4 55 13 74 66
1 84
3 32 53 37
2 42 60
4 58 58 55 42
1 18
1 70
1 50
3 11 62 45
3 51 35 36
2 33 65
3 44 43 28
2 69 37
4 66 45 84 42
3 42 57 39
3 87 35 27
1 54
2 73 22
3 71 61 65
2 27 65
1 18
1 66
2 78 58
5 29 63 34 22 55
1 36
5 55 83 56 46 34
3 53 34 73
1 69
3 22 53 14
3 72 52 42
3 31 38 70
0
3 52 35 57
0
2 56 63
5 59 26 61 95 46
2 76 59
4 93 49 37 22
1 31
2 76 40
2 57 43
4 33 81 44 45
4 62 57 9 49
0
5 7 60 60 73 70
3 58 99 65
4 41 47 52 78
3 39 74 10
1 39
2 70 31
3 84 48 41
2 39 21
1 96
2 66 58
3 47 77 23
4 5 65 52 38
0
3 91 73 36
1 18
0
4 21 78 75 53
2 53 30
0
1 99
2 68 84
2 21 39
5 81 88 67 36 67
1 31
1 77
2 60 41
3 24 31 54
5 65 37 49 64 42
2 32 64
3 54 18 36
6 11 36 59 47 68 29
1 51
1 67
2 36 57
0
1 57
1 51
4 10 65 62 3
1 38
3 52 61 56
4 46 73 65 41
3 41 33 70
2 58 35
3 66 16 69
6 37 86 66 81 40 62
4 22 32 73 19
2 44 67
2 46 85
3 36 41 88
3 59 62 62
3 9 41 36
3 46 76 71
2 33 53
2 38 18
1 46
0
2 46 46
2 26 44
4 27 43 46 6
1 51
0
0
0
6 77 61 66 54 34 62
0
5 51 83 44 70 38
1 84
1 65
3 54 55 38
0
4 52 22 49 27
5 36 73 76 50 65
5 100 43 46 47 66
1 63
2 42 26
4 58 28 35 37
2 78 36
2 67 57
4 42 57 55 30
7 46 49 38 51 42 32 67
4 37 38 33 44
0
3 50 70 52
2 42 47
2 71 73
2 69 64
1 80
2 29 7
2 46 57
8 37 39 45 59 65 66 39 50
0
3 73 44 42
4 36 35 96 51
1 64
5 43 40 59 10 30
3 51 40 17
2 44 40
1 60
2 62 76
2 39 27
2 41 29
2 26 63
2 51 62
4 55 8 62 39
4 70 86 37 45
2 78 58
4 35 38 27 42
1 58
2 32 12
3 79 50 46
2 43 31
0
0
1 21
1 56
3 16 28 42
4 56 27 72 58
5 58 43 41 61 47
2 64 92
2 4 46
2 62 52
2 60 28
0
4 54 72 29 49
7 56 52 45 74 88 38 43
2 17 22
1 33
2 60 46
0
2 21 75
2 59 25
4 58 71 42 79
2 5 68
5 20 16 18 75 15
3 14 25 44
1 43
6 58 47 59 36 53 19
1 40
3 64 21 58
3 32 38 80
0
1 66
2 10 32
1 31
3 74 27 86
2 52 37
2 36 13
4 67 56 51 17
3 67 62 50
4 49 37 43 60
3 64 26 34
3 34 76 25
3 50 31 89
5 71 49 52 18 43
2 41 53
4 72 71 90 34
2 51 34
1 36
1 49
4 35 70 38 38
3 49 61 36
0
5 64 24 69 52 85
2 33 34
4 4 69 36 20
1 49
1 37
4 71 79 55 37
2 66 62
1 44
5 63 67 19 18 33
4 64 63 75 18
2 40 23
5 43 71 61 56 22
3 29 47 36
3 81 6 58
2 22 42
2 73 63
0
2 66 55
1 1
4 37 55 53 19
2 50 28
1 78
3 64 44 70
2 58 51
0
3 55 35 55
6 79 70 66 52 61 16
2 33 65
4 67 82 25 36
2 58 50
2 70 55
1 73
1 51
4 32 64 33 39
5 4 45 88 3 76
1 77
2 21 35
6 48 66 24 34 74 26
0
1 31
1 41
4 36 63 35 68
3 48 56 73
1 1
1 47
5 34 55 6 66 44
3 21 68 99
1 18
2 7 28
2 65 32
5 34 51 17 74 52
2 39 39
2 56 61
0
3 74 58 35
3 70 42 40
2 35 51
4 25 14 73 46
2 87 31
5 14 17 72 41 31
2 29 29
1 43
1 87
4 41 82 75 25
2 58 47
4 56 33 45 52
3 42 49 56
3 35 2 22
0
1 65
3 26 3 53
6 64 41 55 26 44 56
6 29 46 31 57 35 57
4 51 59 35 67
5 96 17 74 71 71
2 49 35
2 9 54
2 36 7
1 57
2 36 70
0
1 63
1 83
2 47 47
0
1 43
2 89 21
1 55
2 24 83
1 88
2 38 36
3 51 59 25
1 59
4 37 41 51 84
2 73 54
1 30
2 14 22
6 30 82 69 64 55 42
2 28 37
4 48 59 49 34
6 19 24 12 90 54 38
4 52 54 56 40
6 76 24 28 72 65 21
1 55
5 22 73 65 52 73
0
5 40 58 68 66 72
2 29 20
1 24
2 46 40
3 70 45 48
2 19 62
4 59 63 63 39
0
1 36
1 56
4 83 81 70 44
5 78 16 84 29 38
2 59 62
1 80
3 66 26 92
2 51 73
4 27 57 66 72
2 58 68
0
5 39 33 8 43 51
1 24
0
5 55 75 37 79 30
1 17
4 51 61 61 42
1 47
4 65 57 60 51
3 42 49 69
6 36 42 65 56 18 56
2 61 34
3 50 74 33
3 69 52 37
3 18 36 28
2 33 80
3 50 52 22
2 54 60
5 46 30 79 39 22
1 67
5 18 37 58 40 49
3 41 46 82
2 54 4
0
0
2 40 73
3 70 16 69
1 59
4 39 58 72 57
1 60
3 40 31 59
1 50
0
2 43 90
4 30 40 68 34
2 53 65
2 55 77
2 74 57
1 53
3 60 32 25
4 24 42 35 60
2 68 24
1 83
3 55 44 32
2 81 53
3 67 68 28
0
2 47 57
2 43 81
4 66 62 22 84
4 25 54 46 37
1 19
0
3 21 49 27
4 50 48 30 52
1 44
2 36 62
3 69 50 70
2 39 54
5 51 15 66 35 68
1 85
2 19 33
3 41 53 43
4 21 68 91 30
2 62 68
5 40 41 78 32 74
6 55 39 34 51 71 59
3 51 54 42
2 21 34
8 52 60 60 34 18 32 64 65
4 38 68 53 29
1 35
1 33
0
4 56 53 56 59
1 28
4 90 50 38 62
4 76 51 87 49
1 50
6 73 77 30 67 51 50
2 11 25
2 24 39
3 64 88 52
4 65 42 65 43
3 71 74 52
2 64 38
1 54
0
0
2 47 33
