3600 4
2 52 39
2 32 81
0
1 51
0
2 83 39
0
1 15
4 48 48 76 50
1 23
1 63
0
0
2 56 65
0
3 56 64 46
0
0
2 73 66
0
0
0
0
2 62 34
1 60
3 42 30 54
1 60
1 46
0
0
0
1 44
1 71
1 46
1 48
2 74 35
0
2 47 62
2 56 54
0
1 37
1 40
0
0
1 51
1 63
1 74
2 52 36
1 44
1 36
1 5
1 26
2 79 43
2 37 62
2 40 55
1 54
0
1 23
1 46
3 41 33 39
0
0
0
0
2 58 61
1 71
1 71
2 29 65
0
0
1 56
0
1 63
0
1 36
1 64
0
2 29 54
1 39
0
1 46
1 52
1 41
2 31 44
1 61
1 83
2 53 59
2 40 58
0
1 25
1 35
0
0
1 39
1 71
0
1 38
2 9 43
0
0
4 27 42 33 64
1 38
2 58 44
0
1 81
1 34
3 42 23 77
1 46
0
0
0
0
0
1 46
0
2 42 59
0
2 0 60
1 82
0
1 34
2 42 48
0
2 69 67
1 44
0
0
0
1 82
1 28
1 46
1 57
0
0
1 54
1 42
0
2 14 71
1 71
1 63
0
1 37
1 45
2 39 49
0
1 54
1 53
1 35
3 18 41 76
1 52
0
0
0
0
0
2 45 28
0
1 45
1 35
1 98
0
1 33
0
2 49 76
1 48
0
0
0
0
1 13
1 50
2 71 64
1 72
0
0
1 67
1 47
1 76
1 20
0
0
1 65
0
2 65 51
1 49
3 64 80 32
0
0
0
0
1 23
0
1 61
1 83
1 39
2 49 71
2 43 77
0
2 56 73
0
0
0
0
0
1 47
0
0
0
2 59 58
1 91
0
1 27
0
1 52
0
1 71
2 53 46
0
0
1 82
0
0
4 24 24 35 27
2 69 41
4 70 24 61 24
0
1 14
1 23
2 40 54
1 47
1 68
0
0
0
2 70 83
0
2 37 22
1 67
0
0
0
2 79 54
0
0
0
0
1 32
0
0
0
1 54
0
0
1 38
1 16
0
1 38
2 47 30
4 58 35 76 54
0
1 36
1 72
0
0
0
1 56
2 60 82
0
1 16
0
0
1 67
1 55
2 55 7
1 27
2 75 77
1 42
0
1 76
1 41
1 32
1 47
0
1 68
4 12 89 45 23
0
0
0
0
1 56
1 22
0
0
1 51
0
0
1 28
0
1 40
0
0
0
0
0
0
2 46 90
3 71 49 35
0
0
1 53
1 64
0
0
0
1 46
0
2 93 91
1 55
0
0
0
1 83
1 48
3 29 54 60
1 48
2 41 61
0
0
0
1 23
0
0
0
1 57
1 50
0
1 61
1 50
0
0
0
1 52
0
0
0
0
0
0
1 49
1 46
2 74 62
0
0
0
1 16
0
0
1 10
0
1 60
0
1 58
0
0
0
2 56 48
2 56 50
0
0
1 32
1 75
1 38
0
0
0
3 90 49 46
3 38 36 50
0
1 82
0
0
0
1 41
0
0
1 63
1 24
0
1 20
0
0
1 65
1 57
0
0
1 63
0
0
0
1 29
1 37
0
0
0
1 85
0
0
0
1 55
0
2 15 63
0
1 38
1 37
1 57
0
1 51
0
0
0
2 65 38
0
1 41
1 36
0
2 64 40
0
0
2 26 41
2 29 37
0
0
0
0
0
0
0
2 34 27
1 37
0
0
1 76
2 86 74
0
0
0
3 66 43 48
1 41
2 48 38
2 37 38
1 40
0
0
0
0
0
0
0
1 51
0
0
1 57
0
2 66 83
0
0
0
1 40
0
1 50
0
1 56
1 48
1 23
1 33
1 97
1 26
1 41
0
0
0
0
1 53
1 61
0
0
0
1 47
0
0
0
0
0
1 61
0
0
0
1 44
1 60
1 0
1 44
0
0
1 74
1 13
0
0
2 62 52
1 55
0
0
1 73
1 51
0
1 60
0
1 48
0
0
1 53
1 47
1 4
0
1 12
1 51
0
0
0
0
0
1 45
2 68 49
0
1 29
1 1
1 42
1 63
2 56 41
0
1 60
0
1 62
0
2 47 68
1 29
0
0
1 57
0
0
0
0
0
0
0
1 96
1 67
0
2 50 25
1 32
0
0
0
0
0
0
0
2 35 34
0
0
1 38
0
0
0
1 39
2 19 34
0
1 63
0
0
0
1 56
0
0
1 65
0
0
1 40
1 40
0
3 78 82 77
0
0
2 52 78
0
1 63
1 64
0
0
1 39
0
0
0
1 59
1 48
0
1 52
1 37
0
0
0
0
1 36
0
0
1 75
0
0
3 33 92 55
0
0
0
1 50
1 48
0
0
3 56 58 27
0
0
0
1 24
0
0
0
2 32 66
0
2 67 48
1 72
1 71
0
1 50
0
1 48
0
0
0
0
0
0
1 53
1 53
0
0
1 37
0
0
0
0
0
0
0
0
0
4 43 54 21 52
1 61
3 55 81 54
0
0
2 28 48
0
2 63 47
1 25
0
0
0
0
1 53
1 37
1 17
0
0
0
1 64
0
0
1 41
1 62
0
0
1 69
1 24
1 62
0
1 70
2 56 71
0
0
0
0
0
0
1 39
1 36
1 49
0
1 43
0
0
0
1 25
0
1 39
0
0
0
3 47 22 65
1 31
0
1 60
2 65 39
0
0
0
1 70
0
0
0
1 6
0
1 66
1 59
0
0
0
0
1 55
1 29
1 55
0
0
0
2 43 37
0
0
1 47
1 36
0
1 50
0
1 52
0
0
0
1 26
0
0
1 40
0
1 79
0
1 40
0
1 64
0
0
1 36
0
2 85 53
0
3 76 57 52
1 45
0
0
0
0
1 88
3 28 52 48
0
1 38
0
1 19
0
1 45
0
2 62 39
0
0
0
1 51
0
0
0
0
0
0
0
0
1 85
0
0
0
0
1 43
1 44
3 38 84 55
0
0
0
2 53 52
1 63
1 40
0
1 53
0
1 54
1 14
0
2 57 68
0
0
1 46
0
2 66 65
0
1 60
0
1 33
1 46
1 19
0
0
0
1 70
0
0
0
0
0
2 64 51
1 82
0
0
0
0
2 42 38
0
0
1 53
1 36
0
0
1 49
0
0
0
0
0
1 68
1 50
2 26 78
1 30
1 65
3 46 75 44
1 61
3 48 47 23
0
0
1 45
0
1 43
0
0
0
1 23
1 45
2 81 36
0
0
2 47 46
0
0
0
0
0
2 48 59
0
0
1 79
1 39
1 54
1 35
1 23
2 31 35
0
0
0
1 68
0
0
1 44
0
1 53
2 57 60
0
0
1 36
0
1 59
1 39
0
0
2 57 33
0
0
0
0
0
1 72
0
1 40
1 41
1 53
0
1 75
0
2 69 56
1 69
2 68 84
0
2 81 33
1 43
0
1 17
1 25
0
1 86
1 56
0
1 7
0
0
0
1 31
1 43
0
0
2 51 67
0
0
0
1 65
1 62
0
1 89
0
0
0
1 36
0
0
1 31
0
2 26 86
2 60 55
2 63 45
0
3 60 20 34
0
0
2 24 79
1 32
0
0
0
1 45
0
0
1 61
3 38 74 92
1 57
1 53
1 54
1 67
1 27
0
0
0
2 55 79
0
0
2 27 71
0
2 45 45
1 55
0
2 95 44
0
1 16
0
0
0
1 57
1 67
1 46
1 57
0
0
1 43
0
0
3 62 41 38
2 46 65
1 35
1 48
0
0
1 28
1 56
2 56 23
1 36
0
0
0
1 16
2 21 58
0
1 60
0
2 42 66
0
0
0
1 21
0
2 37 37
0
0
2 56 71
1 37
0
1 68
0
1 55
2 40 34
0
1 87
0
1 61
0
0
2 26 84
1 33
1 33
0
0
0
3 35 62 38
1 22
1 19
0
2 31 55
0
0
2 67 52
1 45
3 36 37 17
3 39 67 63
1 19
1 48
0
1 40
1 55
2 11 44
0
0
2 58 34
0
0
0
0
0
0
2 58 61
0
1 7
1 81
1 48
1 62
1 24
0
2 46 51
0
0
1 40
0
0
3 53 41 82
0
1 55
1 19
1 67
2 36 30
0
0
1 39
0
0
2 42 48
1 10
3 75 35 51
1 47
0
0
0
2 75 44
2 66 71
1 65
1 94
2 25 74
2 63 46
0
0
0
0
0
1 25
2 30 59
0
0
0
0
4 53 58 35 7
2 32 45
0
0
0
0
1 31
3 65 52 72
1 76
0
0
0
1 73
2 70 5
0
1 42
1 18
0
2 69 77
0
0
0
1 58
5 65 40 34 69 28
2 66 57
3 70 22 60
2 55 53
1 44
1 24
1 47
2 25 47
0
0
0
1 53
0
2 68 26
2 50 47
0
0
0
1 26
0
1 18
1 68
2 33 66
0
0
2 79 69
1 41
1 59
2 51 55
1 62
0
1 66
2 91 35
1 17
0
1 48
0
1 46
0
0
1 91
1 62
0
4 22 19 64 75
0
1 44
1 17
0
1 65
2 37 43
2 67 80
0
2 23 62
1 23
0
0
1 56
1 54
1 8
1 50
0
1 46
1 50
1 55
0
2 26 76
1 47
1 21
3 53 31 52
2 34 49
1 66
0
1 39
1 75
0
1 56
2 16 46
2 51 31
1 33
0
3 45 6 43
1 32
0
2 74 30
3 55 69 27
0
2 20 84
0
1 48
0
2 62 28
0
0
0
3 31 42 28
0
1 43
1 42
0
2 46 62
0
3 64 54 35
2 53 56
0
1 65
2 31 71
1 68
1 59
2 74 55
1 75
1 38
1 43
0
1 62
0
3 80 75 53
0
0
3 3 64 59
0
5 54 16 76 50 57
0
0
0
4 99 57 35 64
1 15
3 46 45 41
0
1 29
1 51
1 77
0
2 33 39
1 20
1 21
0
1 58
1 91
0
0
1 63
1 45
1 50
1 78
1 50
3 74 43 59
1 65
0
1 27
1 98
3 45 45 30
0
2 46 53
1 54
2 69 61
2 53 4
0
1 50
3 48 67 43
1 71
1 58
1 29
1 37
0
1 32
5 54 43 69 60 54
0
1 55
2 54 48
0
1 49
2 43 35
0
2 34 56
2 34 43
1 27
1 55
1 50
1 72
0
0
4 24 27 52 74
0
2 25 64
0
1 51
1 48
0
1 70
1 62
2 63 31
2 44 24
0
2 43 57
1 61
1 61
0
3 36 57 12
1 38
2 40 62
4 64 71 33 58
0
0
2 63 53
1 63
3 60 62 62
0
4 93 67 41 42
1 19
4 27 74 36 79
1 55
0
1 65
0
3 52 75 57
1 73
1 68
1 70
2 63 48
1 52
0
1 56
0
1 45
0
1 48
0
0
2 94 60
0
1 38
0
0
2 43 63
0
1 47
1 30
1 39
0
1 65
5 69 67 53 8 63
3 57 47 24
1 37
3 61 52 51
4 70 68 34 37
0
2 44 47
1 26
4 44 60 45 31
2 69 99
0
1 40
4 81 30 29 62
1 35
1 38
0
2 85 23
2 17 54
0
2 28 9
3 88 69 61
1 61
0
0
1 61
2 90 29
0
2 22 60
1 82
0
1 72
3 16 62 78
1 57
2 49 64
1 67
4 74 42 77 66
4 24 43 44 24
1 77
3 50 53 30
0
0
0
2 39 69
0
1 58
0
1 52
0
0
1 34
0
4 10 50 1 18
2 32 43
1 70
3 33 38 24
1 80
1 84
2 73 57
1 22
4 63 59 26 64
1 50
2 70 49
0
0
1 52
1 51
1 37
0
2 63 38
1 47
1 64
2 43 37
2 88 53
1 46
3 49 64 72
1 39
4 44 70 59 51
2 39 66
0
2 28 87
1 66
1 38
2 60 66
2 35 13
1 75
1 50
2 50 57
3 29 36 35
2 20 51
0
1 49
1 54
1 64
1 32
4 4 54 28 57
2 42 31
2 18 58
0
1 60
2 41 94
1 33
0
0
1 80
2 62 61
2 47 60
0
5 77 53 29 62 49
0
3 41 39 63
3 65 89 58
1 5
1 9
1 79
2 53 16
0
2 48 43
0
3 20 37 34
2 23 90
0
0
0
4 41 57 65 62
0
2 52 30
3 53 36 19
0
4 16 72 17 48
0
3 20 55 66
0
0
3 26 37 39
1 31
2 65 15
1 28
3 51 29 58
3 26 65 51
6 61 63 36 40 48 48
1 51
1 28
1 71
1 2
0
0
4 56 45 51 44
1 50
2 90 13
0
0
1 60
0
2 46 82
1 20
3 67 66 54
0
2 76 79
2 38 16
2 28 24
4 18 87 59 56
0
2 61 28
2 54 60
2 38 88
0
3 63 79 4
0
4 79 35 36 35
2 29 42
2 48 23
1 42
0
1 54
1 32
0
2 39 19
0
2 54 28
2 8 75
2 11 58
1 36
2 44 51
0
2 58 6
1 58
2 44 52
4 48 55 52 95
2 72 46
2 43 52
4 48 42 35 69
2 59 49
5 23 40 39 40 35
1 74
2 52 40
0
7 40 83 59 28 74 49 56
1 60
3 66 45 31
1 53
0
2 37 18
3 48 40 18
1 40
0
0
2 67 61
1 47
2 41 14
1 23
1 36
1 31
1 31
2 53 58
1 60
2 61 79
1 53
1 71
1 40
2 67 81
1 76
1 81
1 62
2 22 47
0
1 36
1 46
4 67 51 55 88
1 50
1 52
1 22
1 43
2 72 56
3 38 40 71
2 42 23
2 53 65
4 34 37 46 39
2 5 37
3 63 70 62
0
3 68 64 40
2 25 52
1 77
2 10 34
0
2 72 19
2 74 53
2 59 55
1 62
2 69 56
1 46
2 67 53
1 47
2 52 28
2 21 48
3 71 66 65
1 39
3 37 41 53
0
2 88 63
1 30
3 62 33 66
2 57 31
3 46 60 53
4 38 60 48 35
2 74 68
2 53 49
0
1 28
6 67 48 29 79 13 44
1 96
0
1 57
1 76
3 57 50 77
1 61
0
3 18 63 78
1 28
0
2 56 31
3 51 60 59
2 62 60
1 77
2 52 74
3 75 13 30
2 33 28
0
2 48 52
3 68 52 43
4 60 82 51 45
1 63
2 50 53
4 9 44 46 68
1 66
1 52
0
3 57 87 6
0
1 47
1 83
4 67 45 61 29
1 38
2 49 37
2 74 87
1 30
1 46
4 53 35 49 44
5 89 30 66 19 89
2 72 38
0
1 53
1 70
1 58
0
2 65 43
1 86
2 54 66
4 63 42 52 47
3 60 52 41
1 43
1 81
0
5 69 50 62 70 58
3 69 26 62
1 58
2 37 38
2 64 70
1 60
3 29 19 35
0
0
2 53 46
4 24 26 32 55
1 52
2 75 80
2 32 41
1 51
1 40
2 42 58
2 42 70
3 59 53 77
0
2 72 46
3 69 65 50
3 86 43 68
6 49 55 72 89 82 55
2 97 54
1 48
0
2 25 61
3 54 19 29
0
1 74
3 50 67 60
2 45 45
2 58 49
3 37 48 47
5 96 45 50 35 18
0
0
3 61 35 42
2 46 65
2 43 67
4 75 24 41 20
3 54 41 47
2 39 31
1 20
1 67
4 50 37 7 51
1 56
1 51
0
1 74
3 33 46 57
2 40 48
1 62
2 67 70
0
2 28 56
2 19 90
4 71 40 56 71
1 67
2 33 38
1 89
0
0
4 16 40 65 36
1 60
6 49 66 29 37 11 15
2 46 28
4 59 79 43 52
0
2 58 72
1 57
2 54 30
0
1 87
2 23 57
4 55 23 41 73
2 25 58
2 47 49
1 65
1 78
4 40 52 34 38
5 68 39 78 73 39
1 60
3 61 48 63
4 63 11 30 79
3 53 23 49
2 46 37
1 9
1 34
4 30 29 47 52
2 21 59
2 16 54
3 58 70 46
1 83
2 65 30
1 55
0
2 57 96
2 37 48
1 93
2 58 50
3 65 68 78
3 59 57 56
2 17 33
1 49
3 40 21 77
3 50 42 42
4 56 80 40 35
2 65 31
2 50 18
2 58 63
1 20
2 61 50
3 71 36 68
1 62
1 74
5 24 46 36 26 55
3 62 66 36
3 68 33 53
2 55 81
2 33 50
2 62 49
2 63 28
1 60
1 32
3 29 54 32
5 49 38 29 86 23
1 22
1 78
1 68
1 39
3 5 48 53
2 73 48
1 58
1 28
1 37
1 22
1 27
1 72
0
5 82 41 21 37 74
3 82 62 61
1 55
5 56 31 41 16 71
0
4 59 47 61 46
1 44
4 45 75 66 65
2 49 35
3 37 38 6
2 58 35
1 56
4 22 35 51 39
1 61
3 57 66 67
1 61
3 45 56 60
2 47 34
3 47 61 72
3 70 40 50
0
2 57 57
1 73
1 31
3 83 64 24
3 37 51 58
1 55
2 60 23
2 71 56
1 28
0
3 52 63 76
4 73 57 38 55
2 39 80
2 49 75
2 36 34
0
4 30 59 60 36
1 61
0
2 33 58
0
3 9 43 59
2 20 64
2 24 38
1 39
1 80
3 22 24 52
2 70 65
4 71 43 50 76
1 49
2 55 97
4 64 70 68 58
2 60 55
5 89 36 73 31 57
3 32 59 42
2 27 86
3 56 57 25
3 16 21 50
2 50 28
2 53 40
1 28
3 58 72 34
1 34
3 38 37 53
4 53 72 52 53
1 66
0
3 37 28 72
4 64 36 46 29
4 82 77 42 51
2 60 39
2 48 29
3 31 16 45
2 27 7
1 98
1 70
0
2 24 22
0
1 61
1 67
4 42 56 60 74
2 47 41
2 47 32
1 47
1 39
4 29 81 60 59
3 40 18 25
0
2 36 34
4 49 74 85 24
3 29 70 71
2 61 51
1 64
1 12
2 40 67
6 36 41 65 60 30 22
2 27 57
2 63 57
2 53 3
1 59
7 51 53 40 62 55 30 60
3 39 45 26
3 43 48 81
1 49
4 28 48 31 69
1 51
3 39 65 27
2 76 54
0
3 35 80 49
1 30
5 72 40 37 73 61
1 32
1 62
3 78 31 18
2 18 42
0
3 69 53 46
3 46 63 31
1 66
2 56 46
3 57 59 65
2 24 49
4 49 60 36 49
1 40
3 74 57 59
0
1 36
2 95 35
1 40
3 79 38 68
1 24
1 71
1 46
2 88 68
2 60 41
2 39 14
5 72 64 24 31 39
1 71
2 21 94
2 38 46
2 30 59
4 12 31 69 41
6 32 52 43 36 35 20
2 16 76
3 58 46 53
3 14 57 57
2 49 59
1 48
1 74
4 55 48 66 48
3 69 22 47
3 29 39 61
2 59 48
4 38 56 31 64
2 66 34
3 20 69 67
2 73 69
1 19
3 54 17 31
2 24 97
2 80 52
2 27 88
2 63 61
4 72 65 31 16
1 73
4 44 76 54 30
2 48 32
2 34 41
4 65 65 65 63
2 76 35
0
2 49 33
4 91 39 47 66
3 17 49 49
2 59 48
1 42
2 46 35
2 56 67
1 2
4 58 33 87 59
2 51 41
0
3 56 57 72
1 88
5 51 44 71 96 69
2 59 32
1 41
3 73 42 76
1 20
1 44
1 75
2 46 33
1 53
1 69
3 33 97 61
2 80 75
4 26 52 64 59
4 33 74 43 58
2 62 55
4 78 56 64 55
3 57 32 41
2 63 27
1 51
5 96 41 75 58 40
0
1 51
2 64 9
3 16 38 63
1 72
3 47 71 84
4 82 45 43 22
2 22 74
2 72 62
4 36 51 93 47
3 60 22 43
4 77 59 38 85
3 19 52 60
5 50 61 61 34 55
1 35
1 43
0
1 40
2 39 27
0
3 62 27 52
2 38 33
3 40 34 24
3 46 60 70
7 27 56 88 60 26 66 61
3 6 46 85
4 46 65 58 83
3 18 40 26
1 64
2 68 55
1 60
5 68 38 57 30 11
1 47
0
6 83 72 40 43 31 97
7 64 41 45 35 32 36 53
1 69
1 61
1 34
0
6 69 70 65 50 50 37
2 86 39
0
0
1 7
2 59 49
5 58 64 55 50 77
3 32 40 52
4 44 14 24 46
0
2 32 62
0
5 48 59 47 47 46
6 52 40 64 75 49 50
2 67 37
3 74 45 50
2 49 39
2 81 71
1 42
2 70 20
6 93 74 36 48 42 33
1 45
3 14 55 46
2 76 71
4 81 1 51 53
3 33 60 44
0
1 36
2 53 49
1 40
3 44 46 60
4 78 48 61 71
3 62 34 39
1 60
1 83
6 84 50 35 50 39 58
4 52 49 63 78
0
1 30
0
2 57 30
2 79 21
1 33
4 47 36 73 64
4 73 35 25 53
3 52 78 82
2 57 61
1 29
2 22 63
2 64 62
1 32
2 38 50
2 65 59
2 56 38
3 56 43 72
2 41 50
1 57
3 30 57 50
3 48 35 54
1 44
2 44 36
0
7 72 64 1 40 23 60 26
2 57 55
2 80 41
1 24
3 42 47 54
2 19 76
2 65 74
1 58
1 23
3 51 44 33
3 34 37 65
1 64
4 35 61 39 29
3 36 2 39
5 27 37 25 34 54
2 18 56
2 31 72
2 35 29
3 36 25 56
4 54 91 86 57
5 39 58 40 10 56
2 49 61
4 26 26 86 52
0
1 13
4 70 71 48 17
5 55 44 47 53 67
0
4 66 42 35 58
3 32 69 41
3 35 79 66
3 43 81 33
6 9 21 53 59 29 54
2 15 83
2 40 56
1 81
3 53 38 58
2 78 55
2 57 60
5 48 84 67 82 46
3 20 53 68
2 52 59
0
2 26 54
2 37 71
2 70 69
1 56
2 32 24
1 29
3 30 73 68
5 32 73 35 44 88
1 44
4 11 65 90 56
3 52 73 42
2 40 53
3 83 21 62
1 51
4 28 50 40 58
0
3 53 35 43
1 49
3 58 23 63
3 66 35 60
2 34 16
5 44 17 60 21 31
0
2 82 35
0
2 35 72
2 30 73
1 44
5 59 66 94 26 77
8 53 54 26 48 71 70 72 66
1 24
2 81 36
4 92 48 10 48
3 52 70 35
1 73
1 40
2 23 51
3 40 87 47
1 15
2 65 27
4 54 28 56 41
2 66 71
2 32 61
2 52 23
2 63 78
2 62 50
4 22 53 84 55
3 49 31 38
4 38 63 93 41
1 64
4 46 45 79 26
3 67 61 33
2 58 63
1 60
0
1 49
0
0
2 75 39
4 49 11 48 41
1 62
2 20 52
0
6 49 71 50 39 46 56
2 33 49
3 57 54 78
4 39 24 83 28
4 73 52 89 9
4 51 30 24 52
3 56 50 42
4 48 14 31 25
4 58 30 35 52
1 60
2 45 26
4 51 28 39 5
2 29 68
2 37 51
4 26 48 59 43
3 46 49 47
2 68 26
2 46 28
3 50 67 46
6 36 41 74 50 64 47
5 68 43 27 69 27
2 23 23
2 34 85
1 22
1 32
3 53 69 68
8 54 43 31 87 76 81 62 58
0
3 48 43 44
5 71 49 52 35 70
2 85 38
2 76 55
1 50
2 30 74
2 34 37
2 79 77
3 73 51 60
3 6 80 51
1 50
1 60
1 64
2 30 59
2 53 80
0
1 67
3 75 62 59
2 57 47
1 52
2 64 62
5 57 39 70 26 41
2 18 45
1 80
3 54 60 19
3 43 55 32
5 81 43 69 53 50
2 74 55
3 38 48 43
4 35 68 68 46
3 58 21 39
4 77 80 58 24
2 63 72
3 74 55 12
2 49 73
1 67
5 18 41 64 77 39
0
2 13 48
1 56
2 33 8
3 57 30 65
1 78
2 48 24
2 55 67
2 45 73
1 30
1 64
2 19 21
5 41 59 33 10 38
5 19 46 25 55 43
3 31 35 53
6 37 43 48 33 40 16
4 66 24 50 27
1 57
2 45 58
3 39 65 78
5 60 54 20 67 49
2 57 41
4 18 13 25 53
0
0
5 38 55 66 48 79
4 41 56 50 35
1 36
3 29 21 32
1 32
2 44 48
5 46 31 76 73 43
5 50 83 67 58 44
1 28
2 45 71
2 76 55
6 55 52 52 49 57 59
0
0
3 50 44 60
3 30 46 42
4 34 64 65 61
3 26 45 53
1 43
1 27
1 54
2 50 82
3 44 38 33
1 64
3 57 44 51
3 90 71 26
2 54 78
2 63 52
2 38 66
5 53 92 31 80 7
5 39 60 59 39 31
2 55 44
1 62
2 37 6
5 81 50 31 74 95
2 28 53
4 29 32 20 61
5 61 49 32 70 45
2 46 35
4 66 86 46 41
0
2 76 52
1 44
0
2 42 63
5 78 31 22 48 41
2 49 22
2 24 13
3 74 37 46
1 3
3 71 41 17
1 50
2 31 46
4 42 26 34 67
1 3
2 58 82
3 67 58 39
3 67 54 35
1 52
5 71 50 70 37 19
3 64 71 85
4 46 18 91 11
4 63 23 72 16
2 53 36
4 7 34 61 63
2 75 70
2 23 62
1 69
2 22 66
0
1 44
5 55 64 19 73 13
1 30
2 24 65
1 39
3 31 52 83
3 39 42 51
5 43 16 82 36 36
1 61
2 63 61
4 75 30 39 63
4 54 52 41 81
2 34 70
2 45 33
2 62 100
3 27 68 49
3 55 80 3
1 93
1 51
3 42 60 48
3 32 69 38
0
1 57
0
1 60
1 59
2 19 77
3 47 44 52
6 52 71 41 72 44 65
3 47 61 71
2 49 34
4 85 22 22 43
5 72 47 88 27 32
3 46 72 48
1 14
4 64 53 26 42
4 34 67 8 44
1 49
2 50 63
3 18 69 20
1 77
4 72 68 66 75
5 99 28 44 52 45
2 8 56
7 44 57 24 25 44 52 52
3 60 55 51
2 44 55
5 52 15 65 36 46
4 24 33 1 13
2 62 15
1 79
2 66 21
3 37 60 59
2 70 57
2 40 89
3 47 48 28
2 35 41
1 31
4 71 57 62 48
3 57 61 48
1 58
4 57 57 37 45
3 18 49 29
4 51 72 38 53
0
0
1 2
2 36 42
0
4 66 49 13 78
5 22 51 67 56 24
5 11 55 48 25 32
0
3 92 84 48
1 0
5 71 58 23 37 30
1 63
3 32 69 59
1 68
2 44 95
2 66 89
3 83 52 20
1 17
2 30 92
2 55 74
3 63 63 42
1 27
0
4 48 34 55 80
2 33 0
1 55
4 56 24 69 47
7 52 43 60 44 69 37 46
3 35 38 41
5 56 30 72 69 46
3 20 38 66
2 26 49
5 52 68 53 36 45
3 43 71 57
4 71 79 75 54
4 57 45 77 89
2 30 83
1 31
2 30 50
2 46 62
1 46
2 29 38
4 64 43 64 14
0
0
1 41
2 19 44
0
2 45 37
4 50 40 46 46
2 62 58
1 60
4 51 42 40 53
2 40 12
2 14 32
4 73 69 40 34
1 45
3 93 60 50
3 58 45 62
0
3 72 68 19
3 93 71 61
2 60 15
0
6 70 31 59 43 13 46
2 26 75
5 69 46 51 41 30
2 36 48
2 54 20
3 53 53 40
1 68
2 48 52
5 70 39 37 59 32
2 12 57
5 55 70 30 68 10
1 31
2 39 67
2 15 25
2 26 52
2 57 70
3 44 62 50
1 34
5 66 44 56 78 78
5 62 44 34 54 65
4 42 28 40 94
1 63
3 50 36 23
2 46 84
6 53 64 34 51 57 20
1 43
0
3 8 14 64
2 55 83
2 12 51
0
3 30 52 60
4 38 32 27 65
3 58 51 77
1 55
2 51 41
0
1 40
2 30 56
4 83 56 57 35
3 59 33 51
1 45
1 59
4 67 49 76 60
4 65 38 67 57
4 90 49 53 16
3 70 80 72
4 64 41 43 48
0
2 34 39
5 9 31 80 81 51
2 75 78
2 47 26
1 60
1 44
5 56 61 59 29 58
0
3 40 23 36
2 56 36
3 58 80 78
2 36 36
1 96
4 55 46 39 37
5 51 66 59 74 56
0
2 27 68
2 50 60
2 66 39
2 16 7
2 66 28
1 82
3 51 47 63
2 73 81
6 53 66 44 78 72 59
3 74 48 55
1 83
3 43 42 37
3 14 65 53
1 58
1 50
7 33 69 61 42 79 39 34
3 53 48 79
2 78 30
2 70 75
2 37 45
2 52 40
2 44 43
4 51 22 52 34
2 48 11
1 45
4 11 45 29 52
1 66
2 78 80
2 53 46
3 63 53 61
2 66 37
4 40 11 77 57
1 64
2 95 51
3 52 83 53
2 59 19
2 90 21
3 25 55 22
3 45 38 74
3 89 58 63
6 22 68 49 30 33 63
0
0
2 80 51
5 33 64 63 65 26
1 4
3 98 55 66
3 15 58 51
0
3 59 55 34
2 86 56
1 29
2 52 21
6 83 55 61 39 28 70
2 18 29
0
3 32 63 37
3 18 29 38
3 36 52 75
1 31
2 46 65
4 23 34 68 53
1 66
2 37 80
4 73 50 44 35
0
2 37 18
1 15
2 71 79
1 86
5 41 43 33 50 70
3 50 64 45
3 54 61 26
3 62 34 46
4 21 39 64 49
3 55 34 45
2 57 100
2 73 60
3 51 54 4
3 69 32 59
1 6
2 36 51
6 60 70 38 69 52 56
0
1 48
4 40 55 76 60
0
1 31
0
2 55 56
3 54 73 37
0
0
7 47 50 31 31 54 69 65
2 32 60
4 54 84 68 24
0
2 44 59
4 58 1 78 51
3 56 37 73
1 49
5 55 38 78 20 30
2 59 40
3 36 55 94
4 60 39 64 40
2 15 38
2 19 13
5 48 43 45 18 45
3 52 50 29
2 52 22
3 56 71 70
6 33 61 34 56 58 60
5 32 47 49 50 72
0
4 60 47 41 69
1 44
4 68 78 80 61
3 51 26 36
3 28 34 54
1 51
2 67 68
2 53 67
0
2 22 62
1 78
1 26
2 74 59
3 61 9 30
1 31
4 27 70 65 39
1 27
1 80
2 34 79
3 31 75 41
2 51 81
3 23 70 66
1 55
3 9 45 50
3 42 74 72
2 67 44
0
5 35 48 63 34 75
1 46
4 35 23 36 4
6 61 71 20 52 53 53
1 42
0
3 38 60 22
2 23 89
6 72 9 38 38 49 67
1 63
3 69 13 18
1 34
3 91 64 11
1 75
1 44
0
2 40 41
1 50
3 72 70 79
5 54 53 56 35 26
3 84 19 29
1 68
3 69 55 39
3 29 23 46
0
2 68 83
2 59 49
4 60 65 38 32
4 43 40 32 33
2 87 21
2 34 62
2 76 41
3 40 33 55
3 51 54 40
4 66 16 62 41
2 37 45
0
3 64 12 28
1 59
2 3 69
4 21 63 0 30
2 76 63
2 41 42
3 50 32 72
3 45 76 41
3 58 79 28
1 46
2 66 71
3 61 36 30
2 46 62
0
1 59
1 67
1 48
3 72 28 26
5 52 31 47 44 73
3 44 7 77
3 30 23 38
3 55 44 63
1 75
1 35
1 34
5 20 58 35 41 74
1 31
1 34
1 78
2 46 90
2 54 67
1 70
3 29 41 57
3 82 52 65
2 52 66
1 29
3 72 37 64
5 26 28 38 35 8
1 75
2 74 62
2 76 55
2 58 37
0
1 65
3 34 40 43
2 56 43
3 33 71 5
0
1 69
3 42 35 8
4 79 25 36 82
2 71 60
1 35
2 37 62
3 44 75 34
4 37 8 56 39
1 31
2 17 56
1 95
2 66 54
3 50 58 43
4 35 13 64 66
2 76 34
6 64 66 39 15 55 50
4 73 70 71 64
0
1 74
3 23 14 65
2 59 38
3 76 50 46
1 51
3 99 25 35
4 75 70 64 45
1 32
1 78
3 33 32 40
2 9 26
0
0
3 83 67 59
2 36 56
1 31
3 46 44 70
3 74 71 41
0
2 33 41
3 39 79 53
3 47 45 65
1 89
6 54 33 59 30 55 18
3 40 29 40
1 29
2 65 58
0
5 51 19 67 34 65
1 31
2 68 71
1 88
3 61 66 41
5 51 78 72 71 99
2 19 15
1 45
1 90
1 25
0
0
4 39 52 63 37
3 22 58 100
2 0 51
2 51 55
4 31 64 33 55
3 44 69 62
2 20 24
4 69 70 44 15
3 44 82 86
2 48 54
1 51
1 85
1 100
4 87 76 58 64
4 94 49 84 15
2 85 34
0
1 38
3 83 81 61
4 51 31 9 56
2 60 55
2 52 44
2 21 40
2 73 70
3 50 32 58
1 55
1 25
2 39 51
3 74 64 68
0
1 69
3 23 70 45
2 63 46
2 73 80
1 37
2 73 46
1 52
1 59
4 27 51 29 38
1 49
1 47
4 68 70 38 46
1 48
0
1 34
2 11 59
3 67 38 60
2 73 44
4 71 47 60 50
3 66 35 61
0
3 28 14 59
5 68 66 33 38 78
3 42 39 34
6 47 72 97 67 43 89
0
2 49 36
3 44 44 42
4 7 65 29 46
3 14 88 37
5 44 61 63 70 47
1 12
5 61 65 35 83 46
2 82 50
1 67
1 71
2 49 24
2 30 39
2 33 74
1 36
1 57
2 43 53
2 26 45
1 83
2 47 67
1 61
0
0
2 40 45
3 52 71 52
0
2 78 30
2 64 58
1 49
4 11 34 56 7
1 40
2 16 75
2 23 18
3 52 31 48
0
3 73 31 34
3 74 73 64
5 70 37 60 37 41
3 33 64 59
4 82 66 47 52
1 39
3 42 61 38
2 36 60
0
2 74 57
2 56 51
3 37 28 26
2 19 47
1 67
2 67 31
0
2 39 94
1 17
2 30 73
3 34 86 52
2 60 65
2 57 69
1 100
2 34 68
0
2 38 52
4 90 56 43 55
2 27 63
6 31 18 51 23 44 19
3 31 29 25
1 58
5 85 65 76 29 45
1 56
0
2 61 9
3 10 50 49
3 39 73 56
1 56
1 59
2 14 37
1 29
2 70 46
1 42
1 55
5 54 53 41 41 47
2 52 85
0
5 41 41 45 68 36
0
2 60 37
1 77
4 50 75 31 67
0
1 44
3 49 45 74
0
3 76 40 33
4 44 61 75 47
1 41
3 31 52 80
1 41
1 70
0
3 72 10 41
1 60
0
1 54
2 50 21
6 46 69 54 51 49 62
1 37
0
1 70
3 50 8 23
4 31 46 29 28
1 31
2 37 29
1 65
2 50 84
3 78 81 75
3 51 27 66
1 25
4 37 54 13 64
1 64
2 43 55
4 33 40 42 38
1 87
1 56
1 67
2 63 26
1 52
2 44 55
1 27
2 44 43
2 49 50
1 49
2 64 63
2 77 44
3 60 38 53
1 74
0
1 54
2 36 62
0
3 31 62 21
2 7 54
1 47
2 50 53
1 52
1 57
5 40 34 47 68 70
5 58 49 73 58 68
1 69
1 40
1 66
1 52
1 32
2 58 57
0
3 29 70 37
5 56 40 84 27 39
5 53 91 76 28 35
2 56 73
3 92 13 56
1 52
4 57 29 81 57
2 40 35
1 80
0
2 55 9
0
1 53
0
1 80
2 74 50
0
3 23 49 21
3 23 38 50
3 41 39 68
2 66 52
1 47
1 58
2 26 29
1 47
2 53 19
3 32 51 73
1 57
2 75 55
0
0
4 54 41 53 60
1 80
2 33 49
3 34 80 76
5 72 64 56 62 90
3 43 37 48
3 50 78 24
7 55 34 44 48 28 31 79
2 49 58
0
3 36 67 68
2 44 68
2 79 70
0
1 50
3 51 30 37
0
3 69 12 40
5 37 65 48 39 94
0
1 52
2 28 82
3 69 64 32
1 55
2 54 34
2 37 20
1 43
1 50
1 38
0
2 46 46
3 45 1 19
1 29
1 61
0
1 32
0
0
2 39 25
0
2 61 77
2 55 31
3 80 71 82
0
3 52 66 82
3 75 26 64
2 62 42
0
0
3 38 46 35
3 20 61 60
0
2 89 48
3 52 38 73
0
1 30
2 49 60
1 49
2 87 47
5 72 49 13 55 34
1 33
1 37
0
1 41
1 41
1 53
1 13
1 31
3 80 42 14
3 35 42 35
5 46 40 52 45 70
1 63
4 56 65 74 35
4 32 44 19 39
2 35 80
6 41 60 30 26 79 60
1 37
2 14 34
2 71 18
1 47
0
0
3 75 44 34
2 34 23
2 8 42
1 51
0
1 54
2 23 55
0
1 44
0
4 38 64 29 31
1 22
1 44
1 44
2 47 63
1 35
2 52 93
2 27 3
2 52 64
1 37
1 27
2 50 55
1 57
3 32 36 33
1 43
2 68 59
3 6 53 50
0
4 34 76 44 40
3 46 57 64
1 41
2 80 28
1 49
1 15
2 20 53
0
2 52 69
3 45 52 72
0
4 30 49 40 31
3 51 50 53
4 24 19 39 33
1 65
0
0
0
1 50
4 93 58 66 44
1 65
0
2 36 39
1 55
1 90
0
2 75 94
2 57 65
0
1 34
2 66 63
2 51 55
4 58 25 49 63
2 42 49
1 52
1 44
2 63 27
1 47
1 59
1 28
2 34 58
0
1 70
2 30 75
1 30
1 55
1 31
2 66 48
1 61
2 36 69
1 28
3 95 90 28
3 76 61 28
2 39 22
0
1 60
0
0
2 40 50
1 44
1 18
3 73 38 41
2 99 19
0
1 19
1 64
0
5 55 16 62 49 30
5 67 49 67 59 29
1 44
0
3 81 28 76
1 70
0
0
1 70
0
3 64 36 17
2 27 86
2 63 45
1 76
2 80 89
3 100 75 66
2 27 96
2 60 25
2 42 35
2 63 26
2 57 36
2 30 32
1 59
0
1 60
1 70
2 63 68
1 32
1 51
3 65 70 82
1 47
0
1 18
0
1 45
1 49
2 39 52
1 62
3 70 76 81
0
4 61 48 63 29
1 40
1 34
2 69 37
2 23 24
2 34 30
2 51 43
2 36 30
0
1 72
1 46
2 73 47
4 20 68 34 64
0
0
0
1 45
0
2 49 39
0
1 38
1 44
2 63 91
3 65 74 38
1 21
3 59 35 48
0
3 16 80 54
0
0
1 53
2 79 22
1 18
2 87 43
2 78 45
3 76 61 57
1 29
3 66 22 54
2 65 59
3 30 56 77
1 50
0
1 10
3 30 48 64
0
2 27 70
1 21
2 89 32
2 62 12
1 63
0
0
1 67
2 49 78
1 44
3 59 78 12
0
1 11
0
0
0
2 59 49
2 48 48
0
2 27 56
0
0
1 71
2 42 82
1 71
0
2 24 18
0
0
2 43 48
4 27 48 47 34
1 52
2 73 51
0
1 80
2 34 27
1 56
0
1 70
0
1 35
2 49 14
3 53 79 68
2 76 89
2 44 19
2 22 30
2 46 60
2 54 34
1 28
3 33 48 67
1 61
0
3 30 61 44
3 54 21 53
0
0
1 86
0
1 62
0
2 62 24
1 85
1 28
0
1 64
0
2 47 52
0
3 82 57 31
1 58
2 6 34
2 81 74
2 54 45
1 47
0
3 91 42 32
1 75
4 42 45 33 57
1 58
0
1 38
0
1 53
0
0
4 67 54 34 46
1 69
0
0
4 36 53 67 28
1 33
1 6
0
2 22 43
2 57 65
1 61
1 45
1 17
1 73
1 78
2 42 8
0
0
1 50
0
1 42
1 59
1 49
2 55 61
0
1 41
1 21
0
1 44
1 51
1 48
1 19
1 62
0
2 69 66
2 29 67
1 35
2 51 81
0
1 90
0
0
0
2 54 48
3 56 57 76
0
2 52 70
1 32
1 50
4 40 15 68 37
0
0
1 42
3 74 34 34
0
1 48
1 65
4 49 28 30 17
2 22 27
0
2 5 20
2 54 28
2 65 67
2 42 54
2 64 38
0
0
2 46 46
1 66
0
2 58 79
0
1 45
0
0
1 37
1 50
0
1 23
0
3 67 45 61
1 69
4 72 83 12 32
0
0
0
1 71
1 36
0
0
1 60
2 88 45
1 35
2 28 55
0
3 46 52 60
3 58 45 55
0
1 37
2 12 96
1 42
1 38
1 58
