3600 4
2 67 60
4 72 36 54 28
2 40 71
2 69 81
3 44 50 50
4 64 51 48 66
1 59
3 14 50 40
3 37 35 40
5 93 36 36 35 72
2 69 41
1 62
4 53 32 46 92
1 28
2 29 35
2 61 45
5 39 59 41 42 53
1 30
2 57 63
3 49 69 52
3 56 32 58
0
2 67 54
3 60 10 40
3 51 59 80
2 37 36
1 80
4 9 23 17 70
2 20 5
2 75 58
4 30 99 9 30
3 62 47 23
3 42 54 65
1 63
2 19 55
6 35 73 13 66 71 66
5 7 23 47 54 35
1 68
1 62
3 35 12 49
3 72 88 31
1 24
1 55
3 63 33 37
3 42 31 64
1 68
2 58 50
6 37 73 73 48 37 75
3 28 44 60
2 46 52
1 27
3 81 59 47
3 43 65 27
2 87 49
1 1
1 59
3 63 72 72
4 26 80 81 60
3 66 35 87
1 41
2 14 25
1 77
6 37 56 36 71 81 42
2 54 47
2 63 97
1 88
4 42 45 50 18
3 58 42 78
3 63 45 54
3 56 59 52
3 35 48 61
4 91 40 46 33
1 64
6 28 72 68 62 80 55
3 81 65 82
2 14 27
0
5 86 28 65 26 28
3 84 65 29
4 74 39 27 69
3 32 78 29
3 54 54 34
2 76 72
3 35 86 44
1 75
3 21 44 54
0
1 44
0
1 48
3 41 81 61
1 66
4 41 60 54 33
2 41 66
2 61 43
1 1
3 48 75 60
1 3
4 82 52 39 35
3 49 28 37
3 44 39 63
4 68 75 83 16
1 91
1 31
2 20 20
0
1 51
4 69 31 45 55
2 78 61
0
2 22 42
2 8 46
3 5 41 60
1 70
2 70 33
2 51 70
3 63 45 34
5 33 44 55 41 56
0
2 49 47
7 42 68 50 30 31 41 61
4 27 35 68 46
3 35 66 90
2 62 35
1 22
1 44
2 82 26
6 15 24 58 26 24 53
3 23 52 46
1 56
4 40 27 13 23
4 52 66 57 91
4 8 40 21 5
2 17 57
3 52 39 39
2 35 54
2 38 58
3 59 48 79
3 54 41 46
2 50 45
1 39
1 66
3 45 7 30
4 17 18 22 54
2 43 50
3 27 27 31
2 41 42
2 53 15
0
4 56 53 58 71
0
1 59
3 69 22 42
6 64 49 73 18 58 81
4 68 52 48 78
4 52 42 31 53
3 68 63 46
1 65
1 47
1 66
2 64 31
1 71
6 60 54 59 75 33 64
0
2 66 48
1 46
2 18 32
4 70 33 19 83
2 44 47
1 47
0
4 56 64 17 26
3 60 46 51
3 41 10 52
2 39 76
1 95
3 41 60 47
2 8 8
2 32 59
1 45
2 23 62
2 93 45
3 28 51 86
0
2 22 59
4 32 21 13 57
3 53 37 29
1 54
2 56 20
6 51 6 26 45 38 80
0
2 37 8
6 14 65 44 34 43 51
3 2 19 68
3 21 12 82
2 31 43
2 29 72
3 63 37 72
4 21 66 43 69
0
2 44 49
2 10 64
2 79 91
1 57
4 68 39 74 14
2 55 66
3 53 44 48
1 52
3 52 62 26
4 71 45 43 52
2 38 44
3 22 40 41
1 75
3 44 50 43
2 59 69
1 81
0
2 33 45
2 31 44
2 71 27
4 47 36 54 37
8 26 57 55 54 61 56 96 67
1 20
4 24 14 14 78
1 61
4 48 41 53 46
4 49 57 24 74
4 38 32 50 43
2 77 58
2 64 59
2 32 35
0
1 63
2 31 43
3 56 46 50
0
2 31 48
0
4 64 60 36 76
2 56 54
4 71 58 64 42
3 42 17 79
1 89
2 61 35
3 39 39 36
4 15 48 37 80
2 44 51
0
5 66 65 76 72 53
0
3 32 42 29
4 41 60 36 40
4 59 43 86 33
2 35 43
2 64 73
2 72 26
3 49 29 72
2 71 39
1 74
2 29 55
2 76 64
5 68 66 24 82 23
0
2 47 93
2 66 37
5 42 21 58 2 51
3 62 67 75
0
1 65
1 30
1 52
1 27
1 60
1 31
6 47 36 36 78 78 57
2 44 49
3 25 49 59
1 71
3 13 51 56
3 42 40 49
1 47
2 51 55
1 39
7 94 45 18 40 58 25 52
2 76 30
1 39
6 42 24 14 46 67 60
4 27 67 43 42
2 67 98
1 21
3 61 55 64
3 66 50 36
3 69 50 26
1 30
3 55 62 46
1 91
0
4 53 29 67 55
4 54 63 46 67
1 47
1 44
2 50 76
3 39 68 55
0
3 71 43 54
2 36 80
3 50 57 12
2 93 86
4 31 66 55 57
1 55
2 19 29
1 38
0
2 34 59
2 49 46
3 49 58 79
4 51 36 34 5
1 46
4 49 45 67 40
4 50 73 48 47
1 70
1 30
3 78 61 76
2 26 53
2 55 54
1 43
3 27 68 74
0
3 35 38 79
5 42 28 20 63 48
0
0
4 72 7 56 39
3 63 52 76
1 43
1 70
2 68 68
1 45
2 75 63
3 57 53 55
3 70 40 75
5 78 90 31 29 56
2 62 66
0
2 35 37
0
0
6 53 82 47 54 11 37
3 47 48 64
3 66 80 60
2 24 62
1 63
1 65
2 31 55
1 63
5 64 57 70 38 65
1 26
3 14 84 52
1 53
3 32 61 29
5 73 25 28 50 42
1 38
0
3 54 55 62
4 51 38 60 77
0
1 45
1 56
2 65 28
4 43 47 50 66
3 42 46 74
1 57
3 34 45 37
1 49
0
2 30 10
2 7 56
1 43
3 65 42 71
0
0
2 46 95
3 46 19 15
3 57 36 55
4 81 41 37 11
2 59 39
1 64
2 10 27
4 92 28 51 58
1 28
4 46 34 35 20
2 97 40
0
5 27 68 11 46 60
1 64
3 88 61 73
3 66 66 42
0
3 29 36 37
4 50 35 57 72
4 45 17 57 16
3 74 40 67
4 38 41 48 68
1 60
2 67 76
1 49
4 24 67 67 40
3 66 37 69
2 70 22
3 46 47 50
2 48 19
2 76 40
2 79 63
2 19 66
1 69
4 73 30 49 10
3 24 35 56
2 50 36
1 49
3 96 6 27
0
2 36 72
0
1 65
2 46 31
3 42 29 60
1 53
2 57 37
1 44
3 32 81 82
0
2 41 51
1 39
4 22 66 49 24
3 35 51 52
1 56
1 51
2 68 8
1 69
3 19 51 62
1 48
2 78 22
3 29 64 36
2 46 33
1 64
2 69 42
2 30 64
2 17 58
3 73 68 59
1 53
2 46 45
1 33
3 42 28 26
3 39 34 55
1 44
1 51
1 49
2 33 36
1 34
4 29 4 62 22
2 32 60
1 20
1 61
9 21 76 54 27 43 22 38 21 63
1 47
2 62 58
2 67 64
2 43 46
3 51 55 31
0
3 65 39 34
2 43 43
2 81 91
4 26 53 46 56
1 53
1 60
0
2 49 47
1 66
2 40 56
1 43
1 52
2 42 40
1 50
1 52
3 65 72 48
2 70 54
1 51
2 48 33
3 37 53 28
3 35 56 35
1 64
4 36 22 24 84
0
2 82 24
2 38 60
1 38
0
1 42
2 53 78
3 46 69 52
4 44 44 38 23
3 36 4 40
0
2 71 82
4 58 15 55 11
2 53 6
3 80 24 8
1 71
2 30 49
2 41 56
5 41 63 75 38 51
2 64 84
2 69 88
3 63 88 89
3 44 49 21
1 54
2 70 49
4 52 19 68 45
2 28 55
3 29 32 79
2 40 52
2 89 64
2 68 8
3 56 26 30
2 63 70
3 66 27 31
2 66 60
1 62
2 58 58
1 77
2 59 44
1 60
3 79 73 51
2 36 59
1 66
2 73 53
2 86 49
2 59 44
2 32 52
1 43
1 52
2 13 78
1 77
1 23
3 59 60 83
1 58
2 76 33
0
0
0
3 31 51 13
2 19 62
1 58
2 65 69
1 50
2 32 48
2 80 71
1 69
1 57
1 37
4 49 98 61 65
4 50 71 68 54
2 79 74
5 76 22 64 67 74
2 35 40
4 19 20 53 40
1 60
0
2 54 32
1 37
1 41
1 35
2 87 63
2 14 42
0
1 79
2 50 45
3 58 55 32
3 56 26 53
1 12
3 78 39 59
0
1 49
0
3 33 54 55
2 49 81
4 36 42 40 15
1 7
1 32
1 56
1 62
1 40
2 29 47
1 26
1 66
1 45
6 55 57 28 54 77 74
1 52
2 34 73
3 37 74 75
0
1 41
2 60 29
2 56 47
3 80 25 51
1 30
4 42 21 42 33
2 21 42
1 44
0
2 21 69
5 40 48 73 56 29
0
8 36 46 78 17 16 51 48 76
2 76 68
3 43 54 66
0
2 37 53
5 28 8 75 57 69
2 59 68
1 35
0
2 10 52
3 40 73 37
0
1 22
3 68 44 58
1 70
2 54 33
0
1 49
0
2 69 9
2 35 47
2 68 64
1 68
3 14 56 36
4 28 24 42 55
0
4 27 67 11 90
1 57
1 11
2 35 52
2 48 46
3 54 74 40
2 58 64
2 41 39
1 44
3 70 48 57
2 45 50
1 51
1 37
2 56 41
1 8
0
1 56
3 68 80 28
0
1 58
3 42 52 37
2 75 72
1 49
2 30 39
0
3 70 54 44
2 60 41
1 87
2 90 27
0
2 40 40
1 45
1 56
3 1 19 21
1 15
1 55
0
3 43 73 65
0
1 57
1 46
2 24 13
3 22 77 57
1 27
3 46 74 46
3 67 79 94
1 65
0
2 35 87
3 50 53 51
1 33
1 68
3 39 50 84
1 40
2 56 50
1 40
0
3 59 75 65
2 85 52
1 76
0
1 63
0
2 41 88
0
0
3 51 43 69
2 41 36
2 49 37
4 56 42 27 37
0
2 73 35
3 61 74 49
0
3 78 82 24
1 84
5 74 39 61 19 70
1 81
3 54 79 52
2 32 76
0
2 58 27
1 42
3 39 68 76
3 83 55 57
0
3 82 39 53
5 58 42 55 54 55
1 71
1 47
0
0
1 54
3 62 44 56
3 54 55 40
0
2 33 64
0
3 50 39 65
3 72 53 68
0
1 49
3 40 66 79
2 43 42
1 50
0
1 51
3 29 59 76
0
4 24 42 27 41
0
1 46
2 53 64
1 62
5 72 29 73 54 43
1 3
1 39
0
4 47 58 36 72
2 65 64
3 50 85 61
1 61
1 25
1 19
0
2 44 26
0
0
2 18 73
2 50 24
4 16 54 36 73
0
0
1 19
3 57 81 31
1 69
2 65 80
0
3 61 52 19
3 65 66 23
0
2 47 38
0
2 36 59
2 36 46
0
0
2 21 43
2 47 73
1 38
2 52 65
1 92
1 58
2 46 50
2 66 47
0
1 20
1 26
1 51
2 49 59
1 46
1 42
2 37 29
1 54
1 33
1 75
3 74 58 73
1 37
1 59
2 66 49
1 52
2 52 81
1 41
0
3 76 88 36
0
3 38 92 39
2 35 14
0
0
2 68 67
1 79
0
2 73 57
2 58 52
3 91 49 67
2 59 50
0
2 79 23
0
2 78 42
1 37
1 74
3 46 50 64
1 60
0
1 68
2 61 70
3 22 57 79
3 75 55 50
0
1 40
1 30
2 69 50
4 73 57 73 33
0
2 43 67
1 53
0
0
2 12 60
1 33
0
3 43 50 62
2 55 73
0
2 49 36
2 53 58
2 75 65
2 37 54
1 58
3 39 32 33
0
0
4 34 62 75 43
0
2 19 54
1 49
0
3 17 58 61
1 29
2 53 30
2 57 40
1 86
1 44
1 55
1 69
5 26 63 72 36 54
1 31
2 31 12
0
0
1 61
1 53
2 81 25
3 34 40 75
1 49
3 61 76 60
1 13
0
0
3 44 35 41
1 15
2 67 56
2 23 29
1 26
1 52
3 25 69 84
2 45 44
2 49 52
0
1 48
0
0
1 40
0
2 36 60
1 31
2 37 69
1 30
0
1 45
0
3 54 24 49
2 86 32
2 84 70
2 78 71
0
2 64 28
1 46
0
1 26
1 54
1 44
2 17 32
2 47 29
2 83 36
0
2 44 21
1 40
2 71 84
3 76 62 54
1 35
0
1 42
1 25
1 39
1 81
0
0
1 23
0
0
1 26
1 59
2 38 38
0
2 51 43
1 51
0
0
0
0
0
0
1 34
3 24 80 33
5 58 64 39 11 76
1 18
1 61
0
3 14 63 51
5 5 48 48 65 68
0
1 67
1 83
4 78 48 29 22
0
1 20
0
1 7
1 41
2 30 37
0
2 55 58
3 46 15 58
2 51 47
0
2 20 23
0
0
0
1 34
1 85
0
0
0
1 82
2 49 44
1 61
2 35 28
1 54
2 40 19
0
3 64 41 80
1 39
4 88 42 27 27
1 52
2 55 87
0
1 52
3 36 64 36
1 37
0
0
2 81 55
2 52 61
2 46 25
0
0
2 64 44
1 77
1 62
1 38
2 44 43
0
0
3 39 21 49
0
2 45 36
0
1 33
1 81
0
3 66 58 42
1 56
1 51
3 64 48 68
0
2 63 37
1 50
0
1 65
1 31
0
2 25 44
1 30
0
2 88 50
1 50
0
1 77
0
4 35 61 53 2
1 37
1 49
1 73
0
0
1 44
1 76
3 35 22 33
0
1 53
0
3 41 68 58
0
0
0
2 16 76
0
3 77 51 52
2 31 56
1 31
0
1 65
1 40
1 24
0
0
0
3 68 37 29
2 35 37
1 46
1 40
2 26 40
3 26 52 49
1 26
1 33
1 60
1 59
0
2 65 74
0
1 53
0
1 33
0
1 47
0
1 37
0
1 40
3 52 48 91
3 21 75 55
0
0
0
0
0
1 32
0
2 92 21
1 21
1 69
1 71
1 57
1 69
0
1 61
2 39 56
1 54
2 25 4
3 71 59 49
1 56
0
0
1 45
0
1 49
0
1 58
0
1 32
2 63 50
0
0
0
3 30 74 38
2 57 32
1 41
0
2 36 18
0
0
1 47
1 30
1 34
2 92 83
2 57 33
1 58
1 46
2 33 17
0
0
0
0
1 59
0
3 32 68 42
1 68
1 31
0
2 59 21
3 51 10 19
2 50 26
0
0
0
0
1 70
2 83 34
0
1 88
0
1 53
0
1 59
1 28
1 22
0
3 46 27 43
0
2 62 77
0
0
1 52
0
0
1 45
0
3 62 52 50
1 52
0
1 83
0
1 23
0
0
0
3 38 37 78
1 44
0
0
3 56 30 11
0
1 57
2 59 91
1 46
1 56
3 50 84 54
1 30
1 64
2 68 57
1 51
0
0
1 40
0
0
1 93
0
4 47 61 57 51
0
0
1 83
0
1 73
1 62
1 46
0
0
1 63
2 22 79
1 34
0
0
1 30
0
1 28
0
0
0
2 50 8
0
1 65
1 36
1 77
1 65
0
1 46
2 25 36
1 64
0
0
0
0
2 60 56
1 26
0
1 61
2 14 29
1 59
0
0
2 82 8
1 57
1 56
0
0
0
0
1 3
2 27 63
0
0
0
1 55
1 29
0
1 61
1 61
2 38 63
1 47
0
0
3 40 33 71
0
0
2 39 60
0
1 78
0
1 27
0
2 65 40
0
0
0
1 51
0
0
0
0
0
3 59 64 34
3 19 46 53
2 48 14
1 42
1 55
0
0
0
2 33 84
0
1 100
4 72 33 18 53
1 43
0
0
0
1 39
0
2 56 80
1 15
0
0
0
2 32 44
0
0
1 55
1 31
0
0
3 45 49 44
2 55 41
0
0
0
0
2 78 53
1 7
2 17 54
0
1 83
0
2 51 53
1 64
0
0
2 70 49
0
0
0
2 14 52
0
2 76 72
0
0
1 71
1 43
0
0
0
1 35
1 37
0
1 43
0
0
1 50
1 81
1 68
1 84
0
3 16 78 43
1 1
0
0
0
1 38
1 60
0
0
0
1 35
0
2 50 42
0
2 25 34
0
1 5
1 21
2 35 58
0
1 58
0
0
0
2 60 73
0
0
0
1 54
1 53
0
1 54
0
0
0
1 51
0
1 85
0
0
0
1 53
1 45
1 39
0
1 40
1 41
1 69
0
0
1 33
1 62
0
0
0
0
1 40
0
0
1 37
3 71 21 50
0
0
1 45
0
0
0
0
0
1 57
2 59 68
1 36
0
0
1 45
0
0
0
3 57 35 30
1 60
0
1 63
0
2 28 85
0
0
2 64 51
1 56
1 50
0
1 63
1 34
1 52
3 65 52 48
2 63 45
0
1 61
0
0
1 76
1 45
1 74
0
0
0
0
0
0
0
0
2 51 54
0
0
0
0
0
0
2 54 25
1 36
0
0
1 58
0
0
0
0
1 40
1 39
0
1 47
0
0
1 71
0
1 54
1 47
1 70
1 40
1 32
1 63
1 39
0
1 54
1 60
0
1 45
0
0
1 39
0
0
2 69 54
0
1 66
0
0
1 30
1 51
0
1 25
2 39 66
0
0
1 69
1 23
0
1 52
0
0
1 43
0
1 47
0
0
0
2 86 47
0
0
1 62
1 16
0
0
1 63
1 61
1 48
0
1 100
0
1 57
0
1 12
0
0
0
0
2 32 60
1 63
1 67
0
0
3 29 58 29
0
0
0
0
0
1 56
0
1 51
0
0
1 61
1 37
0
0
0
0
0
2 57 39
0
1 56
0
1 48
1 64
0
0
0
1 25
2 21 52
1 88
0
0
0
0
0
0
0
1 58
2 27 58
0
0
0
0
2 65 69
1 54
0
0
0
1 28
1 15
2 69 67
0
1 38
1 62
0
2 19 5
0
0
1 38
0
0
0
0
1 47
1 45
1 61
0
1 65
1 58
0
0
1 71
0
0
1 46
0
0
0
1 61
0
0
0
1 26
1 49
0
0
0
0
2 36 49
1 47
0
0
0
0
2 31 73
1 62
0
0
2 77 51
1 55
0
1 21
0
2 17 26
1 36
0
0
0
1 44
1 41
0
1 71
0
1 65
0
0
0
0
0
0
0
1 96
0
1 47
0
0
0
1 44
2 52 66
0
0
2 37 30
0
0
0
3 42 45 39
0
0
1 21
1 49
0
0
0
1 34
1 43
1 46
0
1 46
1 21
0
1 53
1 39
0
1 62
2 69 20
0
0
0
0
1 58
2 68 71
0
0
1 59
0
0
0
2 10 43
0
0
2 68 64
0
1 72
0
0
0
0
0
1 33
1 37
0
0
0
0
0
1 45
3 45 75 26
0
0
1 58
1 24
0
0
0
0
0
1 41
0
0
1 73
2 93 45
0
0
1 49
1 42
0
0
1 51
0
1 66
1 67
1 27
1 37
1 38
0
0
0
0
2 67 45
1 47
1 32
1 70
3 44 32 52
0
0
0
0
0
1 82
0
1 24
0
0
0
1 43
1 57
0
0
0
0
1 45
0
0
0
2 55 45
0
0
0
0
0
0
0
1 41
1 41
1 37
0
1 29
1 40
0
0
0
0
1 29
1 69
2 59 44
1 43
2 63 70
1 49
1 56
1 36
0
0
0
0
0
1 35
1 44
1 29
0
1 30
0
1 30
0
0
1 74
0
2 37 43
1 40
1 33
0
1 22
0
0
0
0
0
0
1 72
1 60
2 59 38
2 56 59
0
3 70 89 32
0
1 20
0
3 59 60 45
0
0
0
1 60
0
0
0
0
0
0
1 57
0
0
0
1 39
0
1 84
2 15 69
0
0
1 54
1 72
0
0
0
0
0
0
2 58 41
0
0
1 36
0
1 98
0
0
2 85 44
0
3 40 50 46
0
0
1 51
1 35
1 34
1 71
0
0
2 56 60
0
0
1 35
0
2 73 59
0
1 13
0
1 52
0
1 18
0
0
2 22 67
0
0
1 31
0
1 59
1 84
1 79
0
1 20
0
0
1 52
0
1 45
0
1 51
0
0
1 30
1 42
1 87
0
0
2 20 26
1 63
1 45
1 83
0
0
1 73
0
1 45
0
1 56
1 50
0
2 47 49
0
0
1 90
0
1 45
0
1 33
2 26 57
2 48 32
0
0
0
0
1 84
2 38 55
1 33
0
3 82 50 60
0
1 69
0
2 38 56
1 35
0
0
2 38 38
2 66 48
1 21
1 69
1 57
1 25
3 85 71 41
0
0
1 60
1 87
0
0
0
0
0
0
0
0
0
0
1 14
1 7
0
0
0
0
0
0
1 68
0
2 53 65
0
1 41
0
1 76
0
0
2 65 69
1 54
2 53 44
0
0
1 40
1 61
1 67
0
1 69
2 75 22
0
0
0
1 28
1 13
3 50 62 51
1 13
1 44
0
1 47
1 48
0
2 26 74
0
0
2 19 53
0
0
1 49
1 72
0
1 16
2 11 50
1 59
0
2 55 34
0
1 14
0
2 3 27
2 55 34
0
3 56 14 60
1 43
0
1 62
3 43 67 16
1 16
0
0
1 85
0
0
1 72
2 92 41
0
0
1 35
0
1 69
1 74
2 37 88
0
0
0
0
0
0
0
1 29
1 28
0
0
1 55
1 57
1 41
0
1 57
2 66 77
0
1 56
0
0
2 47 59
1 55
4 88 85 27 34
0
1 76
0
0
1 10
0
0
2 49 49
3 54 43 39
2 52 65
0
1 70
1 46
0
1 28
0
1 70
0
2 82 74
2 39 57
1 19
1 67
2 19 55
0
1 68
1 34
1 27
0
1 39
0
1 88
2 28 63
0
1 67
0
3 2 38 72
0
3 99 88 80
1 49
1 12
0
0
1 18
2 50 35
0
0
2 75 77
0
0
0
0
0
0
0
0
0
0
1 42
2 25 34
2 40 34
3 26 22 73
1 52
1 51
0
3 43 28 13
0
1 69
0
1 55
1 32
2 24 80
1 66
0
0
1 56
2 53 91
1 17
2 59 28
0
0
1 71
0
1 38
0
2 54 60
1 30
1 26
3 36 70 36
3 54 68 48
3 57 60 70
0
1 45
0
1 56
0
2 63 80
1 47
1 38
2 54 48
0
1 88
1 57
0
0
0
0
1 26
4 94 28 37 60
1 53
1 41
0
0
0
0
1 63
1 62
1 38
0
2 61 72
0
2 49 25
0
1 61
1 27
0
0
4 70 46 42 56
0
0
2 94 48
2 78 60
0
0
0
0
1 15
1 64
2 18 70
2 32 47
1 47
1 65
1 83
0
1 36
1 76
2 49 31
1 59
1 58
0
0
1 62
0
0
1 44
1 47
4 59 27 45 56
2 48 31
1 25
0
1 83
1 19
3 56 44 78
2 53 86
1 47
1 19
1 20
0
1 53
0
2 56 43
2 70 57
0
0
1 78
1 49
1 45
1 78
0
2 66 47
0
3 79 14 18
3 70 66 41
0
2 25 62
4 62 57 63 84
0
0
1 25
1 85
4 51 47 46 66
1 75
0
0
2 85 59
1 25
3 55 56 32
0
0
1 60
0
1 25
2 21 12
0
1 38
0
0
0
2 41 56
1 65
1 56
0
0
1 65
0
2 40 50
1 32
1 55
3 56 46 48
1 40
2 55 56
0
2 79 38
3 57 73 68
1 73
3 66 84 55
0
2 14 67
1 55
2 44 31
1 55
1 47
2 65 55
0
2 41 74
0
2 50 51
1 27
0
2 64 52
1 42
0
2 33 43
3 7 6 44
2 37 42
0
0
1 29
1 54
0
2 67 56
0
0
2 49 37
1 21
1 73
0
2 39 56
0
0
0
3 42 77 77
1 47
0
3 40 74 24
0
0
2 98 53
1 70
0
0
0
4 58 41 39 39
1 79
1 62
0
2 37 45
2 55 30
2 61 42
3 78 71 61
4 81 63 70 36
1 72
0
1 33
0
2 42 65
3 55 52 64
0
1 47
3 34 23 78
2 60 45
2 34 73
1 74
1 62
3 50 80 55
0
2 30 57
3 10 88 67
1 28
1 52
0
0
0
0
1 40
2 56 42
3 22 44 36
0
2 53 46
1 50
0
0
1 46
0
0
1 12
2 62 39
2 54 65
2 2 88
1 71
0
0
1 59
3 44 88 37
3 46 44 65
3 85 54 18
1 64
3 60 67 44
1 47
1 34
1 60
1 16
4 50 75 35 27
1 65
1 63
2 51 92
2 46 46
1 47
3 62 54 71
1 75
0
3 99 39 24
3 51 54 61
1 45
3 61 27 53
0
0
1 25
2 33 58
3 39 68 27
3 6 17 42
1 41
1 48
1 38
1 34
1 50
1 65
0
1 41
0
0
3 52 25 43
1 58
1 62
2 39 63
1 31
0
1 54
1 59
1 53
1 22
0
0
2 42 58
2 38 54
4 31 19 46 34
0
1 14
0
3 58 14 56
1 53
2 25 55
2 67 12
2 88 68
1 37
0
1 67
1 52
1 45
1 56
1 80
2 84 50
3 18 51 42
2 97 42
1 70
1 64
2 55 54
1 68
2 49 75
1 61
5 39 58 41 33 29
0
2 72 43
0
1 30
1 29
1 23
4 26 27 42 61
1 22
2 38 36
3 55 79 14
2 28 46
2 50 89
3 32 33 32
1 72
2 36 7
1 63
2 61 62
0
0
0
2 57 34
1 43
1 55
0
0
1 59
2 49 74
1 61
1 64
1 42
2 56 39
2 65 62
1 36
2 20 15
3 30 30 77
1 46
1 72
0
1 75
2 22 38
1 14
1 64
2 52 86
2 77 34
1 71
1 64
2 65 20
2 13 72
6 42 21 67 52 67 41
2 64 63
2 67 17
3 16 30 52
2 33 60
2 59 28
1 53
2 75 35
0
3 40 29 72
3 70 45 73
0
0
3 34 65 64
2 69 80
1 6
3 82 54 62
0
2 72 45
4 69 78 67 36
1 27
1 77
0
1 55
2 62 23
2 24 60
1 0
1 39
2 49 67
3 65 64 60
0
1 55
1 66
1 73
0
3 38 54 58
1 37
0
2 21 26
1 45
1 78
3 36 55 38
3 15 80 73
4 71 57 64 73
0
0
1 39
2 29 45
2 54 76
0
0
4 43 41 23 32
1 42
3 19 68 76
3 36 24 45
0
1 94
1 21
0
2 45 60
1 69
0
0
1 29
2 62 70
0
2 55 54
4 60 26 46 39
1 52
0
1 16
2 31 39
3 42 38 46
3 36 54 42
2 63 35
3 55 47 56
1 61
3 54 40 39
2 48 68
1 45
3 41 66 40
2 81 59
1 9
3 62 86 28
2 61 55
0
0
2 10 66
1 36
1 47
2 41 44
0
2 59 35
0
3 53 42 55
1 38
1 48
3 79 9 76
1 55
1 24
4 54 45 49 66
0
0
1 50
1 33
0
1 65
3 51 27 43
4 74 58 47 24
3 45 45 76
1 42
2 53 76
2 28 36
4 57 36 52 69
1 60
0
2 20 28
4 41 44 23 73
0
4 53 88 19 37
4 79 56 53 64
2 23 42
2 46 43
2 56 56
1 49
2 68 69
2 72 14
0
1 71
3 53 51 43
0
1 29
0
1 41
0
0
3 53 54 39
3 73 13 54
2 49 57
4 76 46 19 49
4 37 43 35 21
2 57 63
2 62 26
3 59 59 60
0
2 47 68
4 66 57 78 70
2 40 57
2 31 35
0
5 60 57 69 58 58
1 58
0
2 75 16
2 58 50
3 25 46 54
1 43
0
2 30 38
5 3 53 81 46 69
2 62 40
2 10 63
0
1 98
4 87 42 41 69
1 72
2 55 49
3 52 39 49
0
2 28 61
2 70 46
2 46 37
5 18 32 45 31 27
1 74
2 38 57
1 55
0
3 49 64 24
3 53 38 64
2 2 50
0
1 73
1 33
1 57
4 23 51 59 68
2 69 83
0
1 59
1 32
2 37 51
1 66
4 15 78 72 51
1 40
5 47 19 53 65 65
1 22
0
2 73 28
1 46
2 48 20
1 74
3 67 39 28
1 46
0
3 82 40 72
3 53 55 38
1 58
4 4 36 48 48
2 52 58
1 62
2 60 26
2 56 84
1 36
3 32 20 50
1 48
2 59 48
2 22 12
0
0
2 35 40
4 28 66 61 17
1 50
4 67 34 72 81
0
0
2 43 32
2 63 87
2 67 62
1 61
3 67 60 78
1 55
1 35
2 37 48
0
3 48 42 79
2 70 59
3 5 78 48
0
1 68
2 47 41
3 85 45 44
4 37 61 40 43
3 57 34 57
1 48
4 31 68 78 16
1 59
2 52 71
3 52 43 46
2 67 49
2 51 46
1 78
2 60 21
2 35 49
1 38
2 55 43
4 40 52 31 44
3 42 60 64
4 38 41 64 34
2 67 48
2 73 64
0
2 67 49
1 54
1 11
0
4 48 53 55 75
1 3
0
0
2 25 28
4 50 9 74 89
1 45
1 6
0
1 27
1 27
2 68 38
2 71 69
2 7 45
2 45 74
1 29
4 88 45 59 64
6 50 39 44 82 53 81
3 56 64 65
3 39 26 55
3 43 49 46
3 34 54 38
2 61 85
2 84 52
4 59 43 50 64
1 59
1 36
2 8 26
1 47
4 77 33 39 54
2 28 66
2 60 51
0
2 36 23
5 71 83 29 35 51
1 32
4 46 27 48 68
1 18
0
3 84 24 37
4 51 66 53 32
2 51 30
2 1 66
1 27
0
1 23
2 35 70
0
3 65 12 71
3 39 70 25
2 49 16
4 30 47 57 68
1 90
2 53 30
0
1 38
0
3 47 85 11
2 30 47
2 42 23
5 59 33 65 45 75
2 32 44
0
1 62
1 38
0
5 27 77 37 53 45
3 80 7 53
4 38 60 71 32
0
4 86 83 67 59
2 44 36
0
2 36 20
0
1 44
4 67 34 51 32
1 50
3 52 48 39
2 61 42
1 81
4 47 82 31 39
1 66
3 77 38 57
3 43 65 58
5 17 52 40 76 36
3 50 41 49
2 64 28
6 20 77 36 69 35 81
2 49 59
2 76 6
0
3 80 67 36
0
2 38 58
3 32 79 70
0
2 46 37
4 24 44 79 23
0
2 32 55
1 65
1 59
3 34 49 52
3 63 51 57
2 28 76
1 41
2 51 41
0
3 31 38 38
4 76 28 29 68
2 87 64
1 28
9 23 52 26 65 33 48 47 14 71
0
3 61 35 42
1 51
0
0
0
3 59 51 68
4 44 44 45 24
0
2 48 27
1 33
1 24
1 57
4 48 42 22 59
5 68 50 43 78 58
3 64 30 73
5 35 54 8 50 34
1 57
3 24 71 51
4 15 37 41 49
0
2 38 69
0
4 49 67 48 70
2 53 38
3 45 27 28
3 45 30 70
3 76 49 52
1 47
5 36 15 67 47 63
0
2 67 70
4 54 62 25 19
1 45
1 71
4 54 17 62 65
4 35 39 47 33
1 43
2 48 51
2 83 64
2 40 39
3 47 45 51
0
2 52 29
0
2 35 44
1 68
3 45 58 3
2 71 53
0
1 14
3 77 22 43
0
5 45 54 71 65 62
2 59 38
0
1 81
3 41 44 84
3 63 65 85
1 59
1 9
1 14
0
2 58 9
4 14 41 31 47
1 43
4 7 65 71 59
3 68 29 61
2 54 53
4 80 34 5 27
5 67 90 35 40 58
4 32 33 40 15
6 27 46 63 77 35 47
0
2 58 50
3 51 42 33
0
2 13 37
3 85 45 54
3 32 49 55
2 28 62
0
7 31 33 71 26 59 19 59
5 58 44 44 34 53
1 61
1 29
2 60 69
2 37 87
1 20
4 30 17 78 48
2 80 33
3 83 47 68
2 19 93
3 73 59 63
0
2 50 49
1 51
4 82 47 70 54
2 73 17
1 44
1 78
3 22 29 47
1 57
4 77 70 87 37
1 30
1 76
1 70
2 36 22
3 29 58 38
3 37 2 41
4 13 84 59 84
5 66 51 61 28 64
1 65
4 79 55 61 42
1 63
1 82
5 40 47 48 63 87
5 55 12 52 46 61
3 18 31 88
4 37 45 37 52
6 38 56 71 19 63 51
1 45
1 42
3 29 55 57
3 21 9 39
2 57 77
4 48 34 60 77
1 36
2 75 41
0
3 50 46 48
4 36 12 50 53
2 67 48
0
1 37
1 38
1 53
3 38 64 63
1 50
6 23 26 73 62 18 28
2 21 45
2 89 46
3 44 51 32
3 60 80 49
3 31 28 53
2 18 73
1 65
2 68 58
5 38 20 48 55 59
1 14
3 57 42 48
1 30
3 58 52 30
3 43 41 45
3 84 76 66
5 75 57 61 52 63
1 46
1 46
3 37 67 21
1 55
1 44
2 40 50
2 58 20
1 72
1 72
0
0
2 85 56
2 51 35
3 57 54 37
0
2 41 53
2 43 42
2 44 34
4 53 45 57 51
2 51 47
1 52
4 68 41 60 45
5 87 25 70 65 77
2 39 36
3 15 50 56
1 56
0
2 56 47
2 52 51
3 26 13 89
0
1 47
1 62
6 48 49 21 48 53 28
2 59 50
4 29 68 63 30
2 18 30
3 35 64 59
1 72
3 35 60 39
3 49 37 52
2 60 69
3 62 83 65
3 41 92 39
5 36 53 21 43 47
0
5 44 71 60 75 47
2 40 61
3 37 45 41
1 60
1 91
4 55 61 54 70
1 33
3 18 61 47
0
4 75 69 61 37
4 52 61 48 18
2 54 25
2 16 44
3 63 53 59
3 17 48 37
3 56 31 24
2 46 55
1 48
1 82
3 75 60 37
1 62
3 17 34 23
1 6
2 49 30
3 44 67 31
3 62 93 48
2 79 38
2 30 53
0
1 60
4 78 47 53 23
3 47 83 36
2 40 38
3 57 43 22
4 33 50 24 59
3 56 42 39
1 43
0
4 38 48 42 84
4 34 26 42 0
0
2 11 36
2 69 52
2 97 40
2 48 54
4 75 31 40 67
4 45 51 34 11
7 12 40 75 25 18 91 47
1 37
3 55 95 42
5 49 59 89 57 37
4 44 51 45 51
1 51
1 24
4 41 29 27 24
2 21 24
3 52 83 23
3 47 36 69
0
1 38
2 63 56
2 60 33
2 22 33
2 55 44
1 68
2 55 77
2 56 53
0
3 50 64 56
1 40
4 77 93 50 47
1 37
4 47 40 60 55
2 53 71
5 30 37 98 68 51
1 48
2 58 11
1 53
4 41 20 35 60
2 34 39
7 21 67 45 86 71 16 34
0
6 100 59 49 35 21 45
1 58
0
2 65 50
2 74 69
3 56 83 66
4 54 62 50 20
0
0
1 48
2 38 50
3 24 66 51
2 42 51
7 56 42 51 45 42 54 55
2 20 20
3 44 72 55
3 92 51 52
1 73
6 56 15 27 13 26 55
1 58
3 51 72 26
1 48
6 17 59 50 58 31 47
4 54 15 59 83
3 56 30 77
3 51 37 39
1 44
2 77 12
2 80 52
1 17
1 71
3 69 38 49
3 36 23 57
5 54 98 31 69 1
1 77
5 34 34 39 33 36
1 64
4 98 52 42 76
2 68 56
3 47 50 68
0
1 59
3 86 55 89
1 27
2 75 78
1 68
2 47 38
3 38 70 46
5 64 50 65 89 61
3 74 44 82
3 49 64 57
3 53 40 56
0
3 67 52 23
3 62 73 41
1 70
5 48 38 67 17 55
0
3 95 45 29
4 77 49 39 93
1 22
1 54
0
7 49 53 30 44 72 68 31
4 29 38 42 44
4 20 72 67 39
3 46 58 63
2 17 32
0
2 52 34
4 45 59 84 72
4 65 77 67 48
2 22 66
4 52 47 85 72
2 63 50
5 19 76 65 43 80
1 44
0
2 44 64
4 46 22 32 52
0
2 57 36
2 15 42
1 32
3 25 31 79
2 72 99
4 44 58 62 40
1 26
4 43 34 80 52
5 56 33 49 68 41
5 15 37 53 69 21
3 67 51 38
2 55 11
3 61 39 54
1 94
0
3 71 68 72
2 53 91
5 75 65 22 45 50
5 30 23 7 24 46
1 47
1 44
3 17 60 79
1 62
10 65 42 32 22 53 51 23 61 39 51
3 34 57 69
2 30 43
3 44 93 48
2 49 32
2 60 41
1 54
2 18 57
2 64 58
3 46 23 41
2 14 87
2 32 15
0
2 48 45
3 56 58 57
1 52
1 54
2 54 36
2 58 49
3 20 7 67
1 40
2 39 24
6 64 27 21 34 72 52
2 98 60
2 38 50
1 50
1 76
2 58 46
2 63 31
2 88 70
2 55 66
2 35 41
5 56 38 58 42 29
3 70 48 71
6 38 14 35 62 52 42
2 68 52
4 65 36 52 78
1 47
1 22
2 34 70
1 21
4 38 71 32 61
1 54
3 46 25 5
1 50
2 52 42
5 17 46 49 47 2
1 30
2 52 27
6 27 30 60 38 60 42
1 83
3 32 36 25
1 68
2 54 46
2 69 37
0
6 97 29 80 40 31 71
4 54 48 72 9
7 81 70 66 36 50 77 98
1 72
1 21
1 41
3 57 30 47
3 54 45 56
4 75 44 57 50
4 33 63 31 54
1 54
3 74 25 52
2 38 82
3 14 36 68
3 58 47 63
1 58
4 63 47 35 58
3 20 51 57
4 45 51 72 50
6 41 59 25 8 30 49
6 15 55 88 37 71 64
2 24 50
6 44 31 7 42 52 73
1 64
0
2 35 59
4 56 65 71 59
0
2 32 82
0
4 19 59 44 64
3 62 32 33
2 43 47
1 53
0
0
2 6 71
3 37 27 20
2 81 64
4 48 32 21 27
2 55 33
3 37 26 34
4 39 40 73 77
1 52
2 46 40
0
3 38 53 72
2 39 81
2 34 57
2 24 64
2 20 34
5 65 98 68 37 68
4 68 75 44 46
2 46 28
3 33 55 70
1 60
1 30
3 73 9 66
1 50
5 66 14 46 75 85
0
1 68
2 50 51
2 30 42
4 68 37 84 34
6 19 35 52 63 33 41
0
1 28
2 32 61
2 0 60
1 86
1 77
3 47 37 17
2 32 67
3 17 50 35
2 94 37
1 45
3 50 59 47
5 20 35 59 88 91
2 50 62
2 85 44
0
3 8 42 17
5 52 64 35 57 62
2 74 37
5 21 50 56 34 33
2 45 51
3 55 52 67
2 46 34
1 62
5 34 74 55 55 30
3 49 8 48
2 71 83
2 36 57
0
4 28 27 46 42
4 50 42 71 70
3 45 55 35
4 43 36 13 41
1 31
2 43 39
2 76 18
4 25 58 40 47
3 62 66 36
2 66 57
5 43 53 37 58 65
2 65 65
1 74
3 18 67 61
2 43 52
0
2 71 73
3 14 28 20
4 42 34 65 73
1 69
2 45 44
3 68 78 51
1 52
1 22
7 64 23 56 70 76 27 69
3 16 47 66
3 43 67 52
2 59 26
5 59 14 39 29 69
1 33
3 45 79 46
3 99 64 75
3 15 84 7
1 25
4 47 36 89 45
3 53 67 34
2 67 25
3 45 57 66
2 60 15
5 61 32 16 61 41
2 54 31
4 21 27 47 46
6 38 34 36 39 87 65
2 50 66
2 51 56
0
4 74 79 37 58
4 42 74 34 63
3 43 41 57
1 67
2 63 58
4 43 82 61 70
2 46 18
3 52 45 73
1 27
2 61 31
3 87 50 78
1 51
4 44 79 9 37
1 66
0
2 62 41
1 44
3 84 61 71
3 72 67 34
3 88 56 47
1 33
3 39 40 41
3 35 61 34
1 57
2 19 41
5 33 41 44 66 38
3 22 90 50
2 29 26
2 78 49
1 88
2 65 62
3 70 54 65
4 70 57 66 56
4 36 44 53 40
3 57 70 65
4 82 53 95 4
0
1 12
2 63 65
2 27 22
2 60 32
4 42 55 75 68
2 19 51
4 25 49 72 69
4 52 59 58 75
2 94 47
1 69
4 88 42 53 76
1 16
5 66 53 62 38 48
1 44
0
3 64 44 48
2 36 45
5 60 49 64 38 55
3 49 46 31
1 54
2 88 89
1 64
3 40 15 42
0
3 95 39 58
2 56 51
2 55 64
4 54 78 36 43
1 46
3 17 69 28
