3600 4
4 42 68 38 61
3 56 48 70
2 40 56
0
0
2 57 60
2 40 100
3 62 48 52
3 59 50 44
0
4 35 45 49 63
3 39 38 62
3 33 68 17
2 41 57
1 34
3 74 49 65
3 56 28 51
2 77 77
1 61
2 46 5
3 17 35 82
3 34 67 22
0
2 5 67
2 30 27
2 68 10
3 20 46 34
0
1 54
1 50
1 76
3 42 72 39
1 31
1 25
4 50 27 26 28
3 33 43 31
0
1 48
2 62 73
3 44 50 54
2 46 51
2 40 60
2 84 74
1 56
0
3 41 57 89
4 24 44 60 58
1 73
2 57 75
2 61 64
1 49
5 52 48 25 60 40
2 64 28
4 66 37 33 63
1 69
3 37 44 38
0
2 72 56
1 76
5 44 10 74 48 60
1 57
0
2 15 65
2 41 63
1 79
1 57
0
2 53 79
2 38 49
0
1 27
2 64 57
1 50
2 24 57
0
1 45
3 38 34 23
2 32 37
2 68 72
4 46 38 49 48
3 31 76 53
2 55 47
2 27 62
4 81 34 84 42
3 31 40 46
1 23
2 57 51
1 84
3 16 19 63
3 46 58 44
2 38 59
1 59
1 55
2 35 30
1 65
2 36 56
2 82 89
2 75 86
0
2 15 48
3 83 76 24
2 27 17
1 80
2 61 43
4 68 40 74 57
4 64 48 37 52
1 42
0
2 77 65
1 28
0
3 45 23 45
1 51
2 42 50
0
1 69
3 50 1 69
3 68 27 81
0
2 58 38
1 49
3 25 82 14
2 54 23
0
0
2 56 30
0
1 63
1 69
0
1 84
2 41 51
2 66 43
0
4 36 26 17 28
1 38
4 50 43 39 41
3 27 12 83
1 71
1 42
1 67
5 68 16 42 31 17
1 60
2 24 77
2 54 66
2 50 47
2 53 54
1 26
2 59 77
4 49 40 94 51
0
2 81 71
1 58
1 6
3 54 55 59
1 53
2 44 33
1 80
1 12
0
1 31
1 66
2 63 65
0
3 64 2 51
5 67 40 70 53 57
2 44 46
1 45
3 49 64 55
2 61 18
1 27
1 29
1 44
2 60 21
2 27 35
3 56 15 52
3 75 30 40
2 85 47
4 61 22 41 8
0
1 46
2 79 12
2 21 43
0
3 74 52 51
3 38 59 48
4 62 5 50 84
3 44 26 49
2 72 46
2 49 33
0
2 30 75
0
1 25
0
0
2 36 21
1 36
1 52
3 33 62 39
3 36 33 38
0
5 22 48 48 67 94
0
3 49 27 69
5 58 24 45 46 58
0
2 31 16
1 77
0
0
0
2 62 47
3 45 26 63
3 58 32 50
0
3 38 42 71
2 30 59
3 33 57 48
1 18
1 71
2 62 97
2 43 20
3 34 53 84
0
3 48 70 20
0
2 40 53
1 35
2 14 42
3 34 71 54
2 32 19
0
1 25
1 46
2 64 20
3 71 26 69
1 33
2 73 52
4 85 39 23 35
1 41
2 40 30
2 11 33
1 30
3 33 44 42
0
0
3 75 69 63
0
2 56 42
1 56
0
1 34
2 63 61
0
3 65 12 54
1 38
3 44 32 68
2 53 75
2 38 52
0
2 40 42
2 24 15
0
1 47
1 21
2 19 52
0
3 71 47 45
0
1 67
2 56 81
1 39
1 62
0
2 57 74
2 44 70
2 21 51
0
2 58 62
0
2 46 13
3 24 43 20
3 72 32 50
2 38 24
2 48 59
2 96 59
2 36 64
1 85
2 58 79
4 48 92 77 84
4 46 42 20 19
0
0
4 43 29 32 44
1 60
1 23
1 26
1 65
1 28
1 34
3 28 47 67
1 41
2 47 66
0
0
0
1 76
1 77
1 55
0
2 31 32
3 30 36 60
1 56
0
1 61
1 44
2 31 45
0
2 59 49
1 40
0
2 94 69
1 24
3 70 55 65
4 2 51 38 73
1 57
1 60
0
0
1 54
3 54 57 44
1 60
3 80 37 36
0
3 50 42 42
5 50 74 42 34 75
0
1 42
1 72
0
0
1 55
1 47
2 87 27
0
1 74
2 58 70
3 51 17 49
1 50
2 64 50
3 24 51 52
2 56 35
1 41
0
4 60 49 78 35
0
2 48 37
1 53
1 21
4 74 49 31 36
1 69
0
2 55 49
1 61
0
2 58 71
0
3 52 56 27
4 64 72 18 38
3 39 58 62
1 35
1 20
1 34
1 68
2 61 40
2 42 36
1 55
2 48 56
0
0
1 30
1 50
2 92 72
0
2 22 59
4 43 57 40 32
0
2 48 40
1 12
0
3 29 30 81
2 38 17
3 30 40 63
0
1 34
2 24 67
1 65
0
1 11
1 48
2 48 53
0
3 42 57 46
0
1 53
0
0
0
1 58
0
3 58 39 73
1 56
1 30
0
0
1 20
2 38 68
2 49 50
2 27 75
3 48 55 53
2 92 87
1 26
2 42 51
1 61
1 56
1 63
1 53
1 78
0
0
3 22 50 59
2 69 65
1 71
2 67 66
0
2 42 87
1 60
2 55 51
1 18
0
0
0
1 52
3 35 36 49
0
1 83
1 47
0
2 35 29
0
2 60 79
0
0
2 29 42
0
3 54 33 58
3 66 43 53
0
2 54 46
3 73 62 63
1 66
1 36
2 66 71
1 28
0
0
0
2 31 25
1 49
0
2 58 21
1 47
2 10 21
3 39 71 92
1 53
1 51
0
0
0
0
1 57
2 50 36
2 48 37
1 9
4 66 13 58 51
2 52 75
0
0
2 54 49
1 43
1 63
2 75 49
0
4 73 66 86 67
1 78
1 35
2 35 26
3 60 42 27
1 30
2 39 44
1 50
0
0
1 25
0
1 60
2 31 47
2 97 47
1 75
3 69 36 72
0
1 52
1 43
1 39
1 42
2 63 51
2 76 85
0
1 59
1 40
2 47 64
0
2 33 84
2 57 60
2 69 30
2 44 61
1 27
0
0
2 59 76
0
2 51 77
0
1 54
1 73
2 51 45
1 66
1 94
0
1 43
0
2 7 89
2 50 49
0
1 61
2 10 76
1 59
1 80
0
2 63 54
1 63
1 49
1 64
0
0
0
0
0
0
3 42 78 38
1 37
3 18 47 33
0
2 56 69
1 60
1 23
1 61
0
0
0
1 16
1 68
2 62 31
0
1 59
0
3 66 81 26
2 67 59
4 33 47 63 71
2 37 41
0
1 71
0
1 46
2 42 41
1 80
0
1 74
0
0
3 58 85 62
0
1 25
0
1 37
1 51
2 45 71
2 47 33
1 59
1 53
2 30 49
2 10 39
1 42
0
0
0
1 44
0
2 92 62
3 47 50 56
0
1 38
1 45
3 46 47 58
1 40
1 54
1 5
0
1 30
0
0
1 91
0
1 53
1 33
0
3 52 22 65
0
0
1 15
2 19 53
1 49
1 74
1 70
2 51 86
1 41
0
1 53
1 24
1 65
1 46
1 80
1 27
1 38
0
0
1 34
1 38
0
0
1 63
1 63
0
2 13 41
0
1 20
2 50 28
1 59
2 21 51
0
2 41 24
0
1 17
1 77
0
0
1 32
1 52
0
0
1 7
0
5 70 40 55 57 49
0
2 22 35
0
3 70 47 71
2 28 55
0
0
0
0
0
3 62 40 61
0
1 17
1 73
2 41 43
0
0
1 41
2 70 60
1 63
0
2 26 53
1 94
1 66
2 51 42
1 43
0
0
0
0
1 48
0
0
0
0
0
1 51
1 94
1 46
1 54
1 63
2 63 39
3 15 45 34
1 86
1 14
1 57
1 60
0
0
1 71
1 48
0
1 51
0
0
1 37
2 61 83
1 28
1 99
0
0
3 50 49 34
0
1 42
0
1 37
0
0
2 3 55
1 47
1 74
0
1 42
1 43
4 58 3 29 49
0
0
0
1 26
0
0
0
0
2 58 44
1 65
0
1 84
1 65
1 48
0
1 69
1 77
3 60 70 62
0
0
1 60
0
1 60
1 61
1 72
0
1 22
0
0
0
2 44 70
1 35
1 33
0
1 45
1 60
3 71 48 59
1 48
0
0
0
0
0
0
1 44
2 97 46
1 51
0
0
1 31
1 51
0
3 55 60 37
2 62 32
0
1 43
0
0
1 57
0
1 62
1 17
0
0
1 42
1 65
0
0
0
0
0
0
4 14 64 46 63
0
0
0
0
1 73
0
0
1 4
1 32
3 12 53 63
0
0
2 25 50
2 77 4
1 92
0
1 30
0
3 37 71 57
1 50
0
0
0
1 63
2 50 73
1 22
1 54
0
0
2 44 51
2 16 46
1 28
0
1 47
1 46
2 27 27
0
0
1 72
2 72 43
0
1 72
0
1 63
1 39
0
1 53
0
1 40
0
0
0
0
0
1 71
0
1 40
0
0
0
0
1 78
0
0
2 54 82
1 51
0
1 52
0
0
1 56
0
0
1 29
2 74 85
2 20 43
1 44
3 53 55 95
1 42
1 46
1 42
1 28
0
0
0
0
0
0
1 47
1 13
1 32
0
1 40
0
0
0
0
0
1 37
0
2 37 51
0
0
0
0
2 58 50
2 23 45
0
1 61
0
0
1 45
1 52
0
2 67 65
2 65 42
0
1 78
2 52 59
1 11
2 65 0
0
0
0
0
0
0
2 36 32
1 47
0
0
0
0
2 70 73
0
0
0
1 31
1 31
0
0
1 15
0
0
0
1 30
0
1 61
1 5
0
0
0
0
0
0
0
1 32
0
0
1 42
2 61 71
0
1 93
0
1 39
1 48
0
1 30
2 29 30
1 61
2 35 37
1 73
0
2 37 46
1 34
0
2 35 28
0
0
0
0
0
0
1 54
2 67 40
0
0
0
1 54
1 60
1 50
0
0
0
0
0
0
1 10
0
0
0
1 9
1 47
0
1 1
1 32
0
0
0
0
0
0
1 39
1 12
2 47 40
0
0
0
1 34
2 7 62
1 59
1 39
0
1 46
1 94
0
1 46
0
1 35
0
0
1 76
1 60
1 68
0
1 35
0
0
1 16
0
1 55
1 76
1 38
0
1 52
0
0
0
2 62 52
0
0
1 46
1 44
0
1 54
0
0
1 46
1 62
0
1 84
0
0
0
1 7
0
0
2 56 60
0
0
1 41
0
1 76
0
1 58
0
0
0
0
0
0
2 75 48
3 62 43 49
1 30
2 82 58
1 42
0
0
0
1 77
0
1 17
0
0
0
1 67
0
1 52
1 15
0
1 26
0
0
1 33
0
0
0
1 62
0
1 54
1 46
0
0
1 71
3 40 44 56
0
0
1 44
0
0
0
0
1 35
1 68
1 94
1 23
0
1 60
0
1 56
0
0
0
2 64 45
0
0
1 53
1 12
0
0
1 67
0
0
0
0
0
0
0
2 87 52
0
1 3
0
0
2 61 52
1 23
1 70
1 28
0
0
1 72
0
1 56
0
1 86
0
0
0
1 92
0
1 66
0
0
1 29
3 63 12 49
0
0
0
0
1 66
0
1 89
0
0
0
0
0
0
0
3 56 13 48
0
2 37 49
2 40 25
0
0
1 50
1 66
1 46
0
1 59
0
2 68 55
1 32
1 46
0
0
0
1 53
0
0
0
0
0
0
0
1 18
0
0
0
0
2 58 51
0
0
0
0
0
1 58
1 24
2 60 28
1 48
1 93
1 27
1 41
0
0
0
0
0
0
1 70
0
0
1 30
0
0
1 64
1 29
1 72
0
1 37
0
0
1 64
2 24 39
1 43
1 35
0
3 45 56 53
0
0
0
0
0
0
0
1 49
0
0
1 12
0
2 43 9
0
1 52
0
0
0
0
0
1 57
0
2 43 40
0
2 37 19
2 30 56
0
0
0
0
1 56
1 70
0
0
2 56 55
0
2 72 15
1 53
2 65 40
0
0
0
1 41
0
0
1 56
1 89
0
0
1 65
1 21
0
0
0
0
1 33
0
3 54 50 43
0
1 11
0
0
1 38
0
1 49
0
1 85
0
1 43
1 29
1 43
0
1 67
3 15 21 45
0
1 55
0
0
0
2 26 33
0
1 62
1 74
0
0
0
1 77
0
0
0
0
0
0
0
1 64
0
0
0
1 29
1 68
1 52
0
0
0
1 56
1 56
2 19 51
0
1 58
0
1 6
0
0
0
2 52 98
1 37
0
1 48
0
0
0
1 85
0
1 41
1 85
1 33
1 21
0
2 26 13
0
0
0
2 50 54
0
0
0
1 54
2 66 76
0
0
0
0
2 57 30
1 25
0
0
1 72
0
1 8
3 18 45 89
0
0
0
0
1 68
0
1 39
3 26 35 66
1 71
1 46
1 54
1 8
2 56 52
2 75 72
1 60
1 69
0
0
0
0
0
1 49
0
1 69
0
0
1 56
1 32
1 38
1 45
1 32
0
1 63
0
0
1 88
1 69
0
0
1 46
0
1 9
1 47
1 55
0
0
0
0
0
3 33 77 53
0
0
0
0
0
0
2 70 38
0
1 35
3 39 52 50
0
0
0
0
0
1 56
1 35
3 58 42 90
1 47
0
0
1 41
0
1 28
0
0
1 58
2 55 87
2 39 58
0
0
1 53
0
0
2 46 35
1 47
0
1 50
0
0
0
0
0
1 27
0
0
1 36
0
0
0
0
1 46
1 52
1 38
1 29
0
0
2 50 53
0
1 46
0
2 51 50
0
3 21 52 33
1 61
3 62 45 78
0
0
1 73
1 18
0
3 43 40 48
2 63 20
0
0
0
2 68 49
0
1 69
1 6
2 39 55
0
0
1 34
1 27
0
0
0
1 79
0
1 43
0
0
2 84 76
2 38 47
1 28
0
0
0
3 83 82 45
1 75
1 46
2 48 35
1 29
2 39 50
0
0
1 58
2 52 79
0
2 25 39
0
0
0
1 16
0
0
0
0
0
0
0
1 51
0
1 30
0
1 42
2 56 52
1 9
1 36
2 57 38
0
0
1 53
1 56
1 19
0
2 55 58
3 60 89 47
0
1 39
4 38 40 28 36
0
1 76
1 58
2 49 45
0
0
0
0
0
1 73
0
1 56
2 40 47
1 27
1 59
0
0
0
1 40
1 59
1 23
0
0
1 44
0
4 58 46 93 47
1 40
0
2 56 25
0
2 59 30
0
0
3 42 43 63
0
3 55 80 63
1 77
0
2 39 43
0
0
0
1 51
0
3 63 68 37
1 26
1 46
0
0
1 49
1 30
1 38
1 71
0
1 63
0
0
1 59
1 40
0
0
3 32 82 46
1 43
0
1 11
4 92 75 39 59
1 76
1 30
0
2 65 77
1 62
0
0
2 16 31
2 42 67
2 51 69
0
0
1 68
1 47
0
0
0
1 47
0
1 47
0
0
1 57
1 55
0
0
0
2 58 50
0
2 40 46
2 45 19
1 58
0
2 59 47
1 59
2 75 65
1 55
1 61
0
3 46 42 65
1 61
1 22
1 42
0
0
1 30
0
1 20
2 53 74
1 27
0
4 76 62 10 60
1 73
1 74
0
1 25
1 57
3 48 78 23
0
0
3 54 51 39
0
1 47
1 63
1 29
0
0
0
1 38
4 47 80 59 62
0
2 58 47
1 32
1 49
3 46 31 15
1 56
0
0
0
0
0
0
1 87
0
0
2 74 48
1 34
1 17
0
1 41
2 41 37
1 87
1 45
0
1 37
2 49 36
0
1 42
1 32
1 75
4 62 27 49 73
3 44 44 29
1 62
3 83 22 42
0
1 64
1 85
0
2 46 63
1 44
1 78
2 13 70
1 21
1 25
2 76 29
0
0
1 28
0
1 31
1 35
2 63 8
1 38
0
0
2 47 66
3 18 12 19
1 42
2 48 55
3 61 47 30
0
2 72 53
0
2 20 47
0
2 59 45
0
0
3 54 62 27
0
0
0
0
1 22
0
0
0
1 42
1 4
2 43 36
1 63
2 47 67
1 78
1 25
1 56
1 40
0
0
1 54
2 39 68
1 30
0
1 45
1 67
0
1 70
2 66 75
1 52
5 55 31 63 47 52
1 59
0
1 28
0
1 14
1 52
1 37
0
0
6 66 41 40 54 36 42
3 75 46 90
2 89 75
0
0
1 55
0
1 87
2 47 60
0
1 24
2 53 31
2 45 44
1 50
3 38 73 44
3 46 38 61
0
0
1 70
4 52 55 42 46
0
1 65
3 34 40 30
1 59
1 32
3 63 57 65
0
3 65 83 52
1 57
1 66
0
2 49 26
1 46
2 52 73
1 70
2 58 26
5 45 30 53 35 46
0
0
1 70
2 77 58
1 49
1 56
2 72 67
1 56
0
0
0
2 75 59
0
1 39
1 37
1 40
0
2 47 55
0
2 39 42
1 38
1 55
2 17 62
2 41 16
0
1 70
0
2 16 42
1 49
0
4 24 21 52 69
2 82 42
0
3 50 29 48
0
3 60 66 53
3 79 26 84
1 34
2 47 59
1 73
1 18
2 60 82
1 41
0
2 54 41
0
0
0
2 52 46
1 29
1 69
1 61
0
1 80
0
0
2 56 30
1 42
0
1 55
1 59
2 44 56
0
2 63 55
0
3 63 39 60
0
1 45
0
1 52
2 4 72
1 81
1 2
0
4 29 37 60 28
2 51 65
1 51
2 37 68
2 81 51
2 19 45
5 21 33 28 34 32
2 70 53
3 39 100 63
0
2 35 72
4 23 38 59 38
2 70 31
0
0
0
0
0
4 76 51 41 57
2 59 17
2 26 61
1 61
2 26 57
0
0
1 55
0
3 44 24 59
5 63 62 43 40 55
1 81
2 38 57
1 54
0
0
0
2 64 80
0
2 59 94
1 27
0
1 60
3 63 52 48
3 60 50 49
0
1 24
0
0
0
2 8 45
2 34 61
2 85 52
0
1 67
1 48
2 34 67
4 53 53 68 39
1 47
1 64
2 48 78
3 40 53 63
2 9 33
1 58
3 24 53 77
2 50 63
2 72 75
2 29 33
0
3 30 53 34
1 13
1 40
0
3 36 65 48
0
2 46 80
2 60 58
0
3 19 17 37
3 42 48 35
1 39
4 53 61 64 44
2 57 30
1 20
4 12 35 37 37
1 39
1 48
2 65 91
0
1 22
1 35
0
0
1 78
0
1 1
3 81 87 79
2 48 20
2 53 10
2 63 46
1 48
1 29
0
3 91 45 28
1 67
0
0
2 57 32
3 61 33 50
1 47
1 28
0
4 44 59 91 77
2 59 52
3 21 79 39
0
1 67
1 80
1 52
1 20
2 60 60
3 47 66 57
3 59 20 36
3 62 55 33
2 71 29
0
0
1 39
0
1 79
0
0
1 69
2 41 58
1 68
2 40 58
4 72 44 28 50
1 52
0
2 58 34
4 44 49 71 32
2 74 57
4 69 65 19 51
3 20 45 56
1 66
1 80
3 52 29 37
1 38
2 24 39
5 36 81 63 69 41
0
4 39 48 49 35
2 68 23
3 98 49 31
1 29
2 79 64
0
0
1 34
1 54
0
1 59
0
3 47 56 60
2 41 32
1 26
1 54
2 45 49
4 22 38 48 74
3 44 53 85
0
0
1 77
2 79 85
0
0
4 53 20 86 27
4 62 54 72 64
1 71
3 56 53 4
1 53
0
2 50 54
1 65
0
4 55 34 73 40
1 22
1 71
3 70 76 67
1 76
1 37
2 77 65
1 29
2 26 31
3 63 61 49
2 86 25
1 29
0
2 31 64
3 74 34 42
0
2 60 25
2 39 12
3 29 60 53
1 15
1 32
1 16
1 32
1 57
3 46 80 32
1 53
2 51 55
0
3 40 53 91
1 53
2 37 77
4 36 84 52 24
5 38 14 54 79 38
1 64
0
1 76
3 67 34 63
0
1 42
1 39
2 62 47
2 24 51
1 42
2 81 35
2 21 44
1 40
2 35 61
3 61 45 61
4 64 50 60 81
3 56 35 40
3 37 45 41
2 21 34
1 33
1 77
4 81 56 26 36
1 39
1 72
0
3 36 91 66
1 83
7 44 47 52 35 37 30 58
3 24 35 46
1 71
0
2 25 44
2 40 57
1 29
0
2 46 61
1 64
1 38
1 61
2 74 41
2 51 33
1 46
2 34 62
2 64 40
1 45
3 67 39 59
5 38 60 63 41 37
2 45 81
1 58
0
1 50
1 58
1 63
2 52 91
5 34 21 48 50 26
3 67 39 72
1 41
0
2 26 53
1 36
0
2 47 63
1 12
2 22 53
1 11
3 22 33 57
1 44
1 77
4 76 63 37 74
3 56 34 33
7 65 55 60 44 54 33 69
1 54
1 46
1 36
2 43 25
1 15
1 55
1 47
1 44
2 54 72
1 41
2 86 61
2 66 58
3 47 71 34
1 53
2 84 44
3 83 57 51
2 8 31
1 73
2 50 26
0
3 50 53 46
2 89 58
0
6 74 74 28 66 68 46
1 49
0
2 47 35
2 60 54
0
2 48 23
1 89
0
1 55
5 28 71 28 85 65
2 66 61
1 50
1 60
1 59
5 31 24 86 60 59
1 76
1 30
1 71
0
0
1 28
2 37 47
3 2 53 68
2 38 95
3 59 26 20
4 19 56 35 44
0
1 16
1 33
1 57
4 35 53 26 51
4 60 40 71 56
1 34
1 36
4 72 54 57 58
2 42 69
3 85 47 54
0
3 59 33 46
6 57 37 32 62 59 56
2 35 65
2 38 36
2 50 28
4 37 44 39 53
3 40 45 22
1 28
3 61 68 48
3 41 46 45
1 74
1 29
2 42 11
1 51
2 26 48
4 65 94 64 62
0
3 53 49 55
2 70 61
0
1 55
2 84 60
0
2 22 37
2 43 74
1 70
4 92 55 32 35
1 46
4 35 60 56 44
2 68 75
1 23
2 58 28
5 17 45 41 60 38
4 75 75 24 31
3 53 35 95
3 38 83 75
2 24 71
1 39
2 55 38
5 48 76 50 47 67
0
0
0
2 67 65
4 42 42 57 41
4 62 58 42 53
5 59 32 58 30 53
1 30
1 19
1 70
3 27 17 65
1 80
0
3 48 59 58
0
2 79 87
1 99
3 61 70 58
0
1 67
1 44
1 29
5 4 41 37 62 42
2 32 46
1 69
1 57
2 35 13
2 63 34
0
3 60 6 42
2 57 35
2 60 75
1 53
1 61
1 39
1 63
2 45 19
4 42 66 21 50
0
0
2 27 85
3 55 47 62
1 35
1 47
5 52 83 62 49 41
2 28 68
3 3 48 47
4 49 74 67 67
4 52 55 43 50
2 57 26
2 63 13
1 45
4 66 48 64 16
3 15 35 45
2 52 67
2 59 51
0
1 63
2 32 41
2 37 54
3 81 46 48
1 75
2 27 69
1 95
0
1 67
1 42
1 80
3 51 73 63
2 48 48
4 83 72 35 47
5 28 20 50 37 38
1 10
3 75 60 48
6 55 56 35 34 49 48
2 63 36
5 58 53 53 45 8
1 27
0
2 42 50
4 66 39 51 59
4 44 60 56 56
3 31 73 98
1 83
2 89 49
2 79 25
2 44 30
4 50 59 36 27
1 54
1 34
2 36 50
3 47 73 74
2 53 10
3 61 39 81
0
3 58 87 57
0
1 36
0
0
0
3 42 62 54
3 30 80 41
3 41 66 26
4 36 30 67 63
1 49
1 81
1 39
4 72 56 31 64
2 61 71
5 51 47 43 19 49
3 22 56 73
2 48 47
1 65
4 43 17 74 14
2 46 26
1 35
1 46
3 63 30 22
3 63 62 41
1 70
1 64
5 26 10 64 71 32
1 63
1 56
3 74 16 66
2 47 57
2 52 43
2 52 33
1 23
5 52 32 41 21 75
1 41
2 54 28
3 40 52 75
1 51
2 37 48
1 25
3 31 72 53
6 65 59 59 44 66 55
0
1 67
5 56 42 21 52 12
0
2 16 64
6 59 64 19 33 62 64
2 47 99
2 42 59
1 30
2 37 90
5 55 69 22 51 65
3 52 74 50
2 56 39
2 9 95
1 52
2 79 86
1 65
0
2 58 59
2 76 45
3 39 34 54
2 77 77
3 49 76 76
3 86 26 83
4 45 54 39 24
5 72 56 81 56 51
2 58 76
2 77 43
2 54 58
2 32 62
1 62
0
2 69 54
1 24
3 47 71 69
4 71 44 59 46
1 73
1 81
1 63
8 44 66 29 61 61 66 31 44
1 57
2 66 64
0
3 45 26 65
0
1 91
1 56
4 53 38 38 68
5 63 41 55 68 41
2 30 44
3 57 59 28
0
2 45 44
0
3 83 35 39
1 46
2 64 42
1 38
3 59 56 82
0
1 6
2 49 15
1 71
3 53 46 42
2 73 42
3 64 56 27
3 34 55 38
2 14 63
1 37
4 44 52 53 36
0
5 28 18 43 56 63
3 24 86 49
1 55
2 54 49
3 82 19 80
4 85 23 41 35
3 36 23 43
2 43 45
2 46 51
1 42
3 40 45 9
1 24
1 93
2 60 57
3 22 25 27
1 60
1 89
0
7 56 45 32 50 65 59 24
4 44 58 41 31
5 69 71 44 17 65
2 11 39
3 53 87 72
2 61 64
3 79 23 0
3 64 74 64
7 24 26 69 52 52 70 48
3 15 70 19
3 44 68 20
2 39 64
4 49 30 57 63
2 56 33
1 61
2 49 54
2 71 78
1 61
2 59 31
5 56 49 60 54 27
0
4 58 50 38 25
0
3 51 4 85
3 26 80 63
2 34 5
0
1 35
2 36 64
3 52 11 59
3 54 30 36
1 32
1 80
3 64 30 34
2 32 80
3 8 30 81
3 66 33 61
0
2 51 78
2 41 62
2 22 66
5 36 65 60 50 73
1 20
2 90 73
4 69 56 60 60
2 43 51
1 54
4 42 38 28 68
2 76 17
0
1 27
3 64 61 48
2 36 4
0
5 32 45 71 66 33
3 68 54 45
2 45 71
2 44 50
3 52 62 27
1 30
3 42 25 85
4 53 68 21 36
4 33 88 48 43
1 64
3 44 32 26
0
3 75 80 52
3 29 34 32
1 58
3 36 68 38
1 7
2 41 27
2 54 66
3 47 42 60
1 61
2 52 52
2 71 63
1 40
2 66 60
3 46 47 13
3 45 65 44
0
3 42 55 98
1 42
1 33
5 27 13 23 90 13
0
3 51 34 82
3 38 71 1
3 30 40 26
3 38 61 46
4 74 36 83 30
2 54 74
4 51 48 45 77
5 45 93 52 35 48
4 49 58 49 35
2 45 36
2 32 53
3 20 35 48
1 32
4 32 18 57 34
3 24 52 58
4 56 40 39 47
1 67
2 31 23
0
2 36 20
4 15 43 62 65
1 65
6 29 77 24 63 63 54
5 44 35 11 48 78
3 51 45 73
4 45 58 57 80
2 20 59
1 59
3 72 49 31
1 49
2 65 13
6 48 54 38 39 42 64
2 27 41
3 16 57 52
1 29
5 63 66 61 59 64
3 60 55 49
3 25 25 60
3 89 45 20
1 75
0
1 59
3 42 83 66
3 72 60 11
1 67
3 69 58 67
2 23 23
2 40 40
2 46 37
8 86 30 51 70 70 46 60 20
0
5 67 64 41 38 50
0
1 51
2 64 71
2 41 62
3 63 56 21
0
5 39 38 30 27 16
2 50 67
1 56
3 55 45 44
3 55 72 47
0
1 80
3 24 49 36
4 37 43 45 65
1 55
2 56 41
1 52
3 68 25 66
1 52
1 33
2 43 42
2 90 24
2 69 35
2 22 43
3 53 10 59
1 36
1 74
6 41 64 78 51 12 28
1 40
2 42 50
4 94 50 30 33
4 40 64 46 19
3 44 35 41
2 43 60
3 70 47 9
2 84 65
2 55 76
3 53 63 61
1 89
2 26 49
2 31 88
4 78 5 22 55
4 54 45 55 48
2 22 45
6 95 40 85 84 67 39
1 26
2 53 21
5 31 28 81 42 77
4 70 66 50 85
1 32
3 52 71 28
1 64
3 64 68 22
5 40 66 52 30 65
1 56
2 79 57
2 22 59
2 65 64
2 80 79
1 36
1 67
5 80 57 74 53 50
0
4 19 77 50 60
7 35 47 69 51 62 48 51
3 94 83 48
2 43 84
4 58 76 62 41
3 73 52 34
1 19
4 30 20 48 51
1 66
2 56 87
3 59 54 50
4 97 12 82 79
1 58
3 43 69 27
1 58
2 60 48
1 39
4 79 14 40 24
0
1 67
1 65
3 31 81 57
2 33 57
3 65 56 34
2 98 42
3 5 36 55
2 31 39
3 44 40 43
3 41 51 93
1 36
1 64
6 59 30 26 59 34 46
0
1 44
3 88 63 49
3 42 54 22
1 17
2 36 21
4 58 69 28 44
4 56 70 39 46
0
3 17 59 65
4 43 53 27 62
3 55 49 29
4 64 44 69 34
0
6 56 37 38 46 49 29
1 38
2 74 73
3 67 40 60
2 39 77
2 53 33
4 54 55 37 85
3 40 52 54
2 42 10
2 38 38
1 38
2 56 25
2 65 76
1 62
1 70
4 72 41 71 47
1 58
2 46 35
5 52 80 66 47 51
4 31 57 65 62
4 34 53 19 43
2 49 53
3 82 90 4
2 79 45
2 32 78
3 40 56 61
5 39 17 59 52 86
0
1 37
1 80
2 24 67
3 46 55 57
7 39 59 63 72 60 81 48
3 45 56 38
1 68
3 48 73 47
4 71 65 33 45
2 34 28
1 59
1 54
2 67 41
6 62 44 24 70 70 86
3 78 36 74
3 15 15 36
4 38 40 37 71
4 31 56 63 22
2 63 65
4 55 60 48 54
2 72 71
3 30 8 40
2 61 41
3 73 51 41
3 89 55 64
2 55 5
3 41 35 51
2 26 85
3 76 82 54
1 65
1 62
2 52 58
2 41 51
5 47 22 62 54 58
2 39 55
6 29 48 62 18 75 57
1 42
3 61 9 59
5 50 9 41 41 22
4 41 46 73 45
1 80
0
1 96
1 71
4 68 61 54 64
4 16 46 25 43
2 71 56
1 44
2 59 78
1 56
3 46 67 54
0
2 27 58
1 48
0
1 50
4 56 44 21 39
1 36
6 20 13 42 77 45 71
4 17 54 39 55
4 38 72 64 41
1 56
0
0
1 51
6 67 36 42 45 43 18
6 16 62 31 68 78 59
2 79 60
0
0
2 64 80
1 54
3 46 40 49
3 66 55 45
0
3 34 58 29
2 22 49
2 46 62
3 9 71 71
3 59 78 19
2 50 72
3 25 65 40
2 41 20
3 15 43 43
3 51 46 47
6 37 44 19 7 44 62
5 20 41 19 56 21
3 49 33 69
3 60 69 63
1 2
3 59 41 53
5 21 23 65 59 81
2 18 77
0
3 23 47 79
3 46 44 46
2 45 85
5 73 54 49 69 24
2 27 60
0
1 20
3 60 43 51
2 84 44
2 35 87
1 26
3 31 26 45
1 20
5 72 41 66 84 23
6 72 58 27 82 50 91
2 27 86
6 18 57 19 25 33 45
2 39 52
2 45 71
2 40 61
1 31
2 62 0
2 29 38
1 70
2 43 29
2 76 56
4 27 24 78 54
3 44 49 89
6 48 47 67 75 42 32
5 30 50 40 46 58
3 32 13 61
1 58
0
1 42
3 22 36 43
2 56 64
5 55 40 50 69 55
3 55 62 50
2 45 80
1 21
3 50 39 44
2 30 39
2 38 56
2 66 44
1 39
3 62 90 44
1 38
0
2 48 48
2 65 14
1 29
1 94
6 86 32 59 54 57 41
0
2 91 39
3 71 37 32
2 35 34
7 77 42 25 80 39 3 39
4 58 47 46 85
7 80 100 53 55 46 71 45
2 51 47
2 76 54
2 58 37
4 60 20 26 66
2 67 39
4 54 37 60 73
1 33
3 48 27 16
1 38
2 64 72
7 34 87 46 76 43 30 74
2 16 11
3 33 31 57
3 39 60 71
3 52 78 65
2 56 18
1 65
2 58 38
4 45 69 29 42
3 59 50 98
1 52
0
4 34 8 51 80
3 82 42 51
2 30 39
2 30 42
5 74 69 45 64 70
1 79
1 8
1 43
1 68
4 8 52 92 64
1 32
3 54 67 5
1 69
3 12 67 54
4 64 45 73 65
2 59 41
3 74 41 60
2 47 14
6 63 58 33 87 30 77
3 82 65 53
2 54 72
4 75 56 45 88
2 81 41
2 51 37
3 59 51 72
2 74 20
3 70 18 65
1 45
3 47 30 60
4 38 25 50 39
2 35 79
1 41
4 35 81 65 37
7 38 51 83 33 51 46 28
1 31
2 64 61
0
2 69 57
3 39 58 64
1 74
2 48 83
1 84
3 51 48 63
2 56 54
2 24 36
1 98
2 36 28
2 44 31
3 56 82 65
4 36 17 50 26
3 43 68 40
2 39 86
3 52 34 63
6 66 73 19 29 49 72
3 47 44 53
4 72 39 69 63
1 61
2 22 15
0
3 71 52 65
4 59 62 46 34
1 30
3 54 90 35
3 60 57 69
4 38 43 49 41
1 55
3 47 74 41
2 97 19
1 80
2 52 47
1 58
2 35 15
0
3 10 79 56
0
1 46
2 50 65
4 72 53 50 84
3 43 52 66
2 91 56
1 58
3 78 8 44
4 27 24 69 45
5 76 52 68 30 36
5 21 21 32 35 28
3 37 42 17
1 28
3 49 57 44
4 27 58 67 58
3 40 76 59
4 61 49 36 61
4 40 77 51 24
2 73 64
3 77 44 59
4 97 77 18 52
5 71 65 61 41 72
4 61 55 56 60
3 56 46 66
2 43 41
1 66
4 59 97 58 45
2 23 43
2 41 7
3 59 46 83
2 79 49
2 39 38
2 65 90
1 46
1 70
2 64 54
1 25
2 82 93
5 15 47 58 31 66
3 80 62 52
2 27 44
3 56 41 32
1 44
5 94 68 59 46 65
1 64
2 59 40
2 56 45
5 32 46 15 26 50
2 54 57
1 82
6 42 35 28 74 82 39
4 51 53 88 50
2 54 47
1 5
2 40 42
2 35 48
3 56 44 30
0
2 71 42
1 45
2 35 51
2 66 32
3 48 63 45
0
1 68
0
1 60
6 32 57 70 44 45 77
0
4 78 61 31 64
3 74 55 51
2 81 32
1 47
4 78 28 45 69
2 34 55
2 57 28
4 63 69 73 56
1 37
0
2 34 55
7 62 69 53 64 91 50 56
2 29 10
2 73 52
4 33 49 48 33
1 65
6 42 55 49 70 33 30
0
1 47
3 43 64 18
1 61
2 53 69
2 66 63
3 50 53 40
1 45
1 35
4 75 56 43 75
0
5 54 48 72 54 35
4 19 65 62 45
3 35 73 37
2 40 49
1 62
3 43 33 40
5 47 50 86 59 76
2 46 54
1 57
3 63 69 48
4 77 81 57 59
4 32 57 49 64
2 64 40
2 99 59
2 76 26
2 51 53
1 39
3 55 47 89
4 59 94 55 46
1 24
1 50
2 44 36
0
3 53 50 60
3 27 5 34
2 56 83
2 70 76
4 14 43 8 26
5 62 52 71 57 27
4 20 54 28 74
4 65 59 47 45
3 9 31 28
5 53 3 29 69 26
2 41 61
1 60
1 19
2 55 50
1 52
2 65 84
2 28 70
1 83
3 41 78 60
4 79 12 63 48
3 48 50 76
1 59
3 49 68 51
4 93 14 52 59
3 57 64 75
2 43 48
2 43 60
2 4 51
0
2 34 57
3 62 22 67
1 60
2 72 43
1 51
1 54
4 25 68 19 33
1 51
1 29
2 51 43
1 81
3 62 53 48
0
5 43 85 74 37 59
2 69 67
2 50 57
0
4 68 64 41 56
2 34 43
5 12 78 66 13 38
3 38 62 97
5 50 68 30 39 43
4 50 65 38 30
2 54 24
2 68 67
5 19 54 1 54 38
1 56
1 42
1 38
3 60 51 60
1 53
1 60
3 39 53 41
4 47 28 59 41
3 57 81 28
3 50 61 21
4 73 69 68 67
2 47 37
1 54
7 62 41 21 28 64 82 55
1 13
2 30 45
2 31 85
1 66
3 51 28 45
3 38 66 54
2 42 43
1 29
1 32
8 78 67 34 63 50 56 36 31
2 50 20
2 58 19
1 78
1 36
5 32 77 48 39 89
1 69
1 38
3 72 52 27
1 20
3 18 38 84
3 71 34 40
0
1 46
1 45
1 76
2 37 78
2 46 31
4 35 56 25 56
0
3 23 25 51
5 33 60 54 65 59
1 53
0
2 74 74
1 57
1 48
1 65
4 41 13 47 48
2 61 92
3 31 69 34
0
1 35
4 40 46 49 56
4 27 53 76 57
4 63 41 60 82
7 48 33 97 94 45 50 36
1 88
1 36
1 66
2 62 86
3 36 62 43
4 68 69 43 52
2 30 23
1 42
1 28
2 19 58
3 56 40 50
2 56 66
3 74 48 45
3 54 33 53
1 63
1 78
3 84 36 20
3 26 41 49
1 22
6 85 53 41 63 36 62
4 36 31 9 54
0
1 56
2 49 47
3 54 43 35
1 23
3 59 4 24
3 37 69 64
1 33
3 57 6 45
1 45
1 54
4 16 29 33 38
2 35 98
3 26 75 48
2 5 46
2 37 67
5 77 68 42 39 22
2 31 37
2 15 60
1 37
1 58
2 24 14
2 67 67
4 48 51 75 31
4 40 55 20 56
1 29
2 21 98
4 29 32 81 57
3 50 48 48
2 62 73
0
1 35
2 76 53
1 43
7 90 56 28 11 96 81 70
2 91 45
3 35 56 18
4 42 93 25 53
2 74 62
1 40
2 52 59
3 46 62 55
1 60
4 44 54 68 14
6 52 40 35 17 44 44
2 63 35
2 43 70
2 67 54
5 50 77 26 35 49
2 48 45
1 44
1 53
1 73
2 60 13
1 22
0
3 61 56 85
0
4 36 40 11 49
4 44 36 38 77
2 51 39
4 77 43 59 65
1 65
1 97
1 57
0
3 63 49 36
3 95 87 6
1 60
2 64 44
5 37 82 27 76 65
0
3 45 69 42
2 24 82
4 49 57 51 9
2 52 42
3 61 38 30
4 68 42 58 67
1 87
0
3 60 77 43
2 54 76
0
2 40 88
3 30 62 83
2 28 29
1 7
2 39 45
2 58 55
6 52 67 48 27 76 74
2 73 39
2 30 13
3 53 61 69
5 48 12 75 61 40
0
1 73
2 43 45
4 62 17 21 70
3 22 67 58
3 28 54 77
2 69 63
0
5 47 56 28 49 96
2 49 41
0
1 46
0
0
3 51 88 68
1 57
1 66
1 68
3 41 38 65
5 56 86 60 48 37
0
3 30 43 56
0
1 35
3 54 19 27
2 51 26
2 63 78
0
3 82 37 29
1 42
6 68 82 60 62 41 47
2 90 54
0
1 9
2 36 32
1 41
1 57
1 71
2 72 76
4 75 53 22 65
5 65 59 17 67 27
2 21 38
5 39 38 46 41 31
0
4 59 19 59 74
3 84 84 58
3 67 38 89
2 45 56
2 48 65
1 34
1 24
1 41
3 50 23 99
1 70
1 52
2 45 37
1 13
2 39 36
3 31 75 60
1 30
3 50 45 68
4 41 49 76 23
2 65 61
1 41
2 46 68
4 47 90 62 35
3 51 28 27
2 10 50
2 61 27
1 53
2 83 8
1 30
1 63
3 35 22 43
2 68 98
3 32 67 42
4 18 42 56 55
2 70 30
1 89
1 53
1 73
0
4 28 41 26 46
1 69
1 31
1 54
3 19 43 51
2 50 28
1 55
4 53 64 42 48
2 80 68
1 36
2 17 44
3 91 35 37
5 46 32 31 71 70
1 46
0
3 42 54 51
1 71
3 57 32 50
2 59 47
1 64
6 52 43 45 34 69 26
3 46 53 24
2 45 53
2 9 42
4 62 47 90 49
1 39
3 49 38 27
1 62
3 68 32 41
1 36
1 22
1 44
4 48 77 50 34
2 41 64
3 36 48 59
3 41 57 57
3 40 63 68
1 44
2 46 65
2 48 64
3 29 79 57
1 57
1 59
2 52 77
0
0
1 26
3 66 86 32
