3600 4
0
2 68 10
0
0
2 52 64
1 41
1 49
1 43
1 44
1 41
1 49
0
2 72 51
1 35
2 51 33
1 56
1 41
0
1 63
2 43 67
2 74 57
2 43 78
2 48 40
1 43
1 34
1 32
1 14
1 60
1 20
1 29
1 21
1 58
0
0
0
1 49
1 27
3 58 52 48
1 33
0
1 8
1 80
0
2 82 60
2 62 47
1 21
1 53
2 56 40
0
1 60
1 39
0
0
2 50 65
3 68 40 16
2 46 51
0
1 44
1 72
1 36
3 67 75 85
1 32
2 80 35
0
0
2 51 73
2 75 53
2 60 31
0
1 24
1 62
1 33
2 55 67
0
2 16 25
1 44
1 28
2 34 85
2 42 63
1 33
0
0
1 53
3 66 60 87
2 67 29
0
0
0
0
1 25
3 43 52 84
0
1 80
2 62 39
1 12
1 49
1 63
0
2 85 85
3 57 26 53
1 63
3 40 56 43
1 13
1 46
1 20
0
1 56
1 51
1 38
0
2 88 52
1 84
0
1 44
0
1 11
0
1 82
1 3
0
3 34 62 15
3 54 65 56
4 69 43 40 53
1 54
0
3 36 38 21
0
2 63 31
2 53 54
2 79 72
1 59
1 81
1 62
1 55
3 15 56 35
2 42 15
4 12 38 58 17
3 43 73 36
0
0
1 52
2 51 81
1 94
1 57
1 60
2 56 62
1 31
1 83
1 81
0
0
2 28 45
1 65
2 73 31
0
2 49 39
0
4 73 34 66 79
2 37 30
2 21 51
0
1 77
3 41 40 47
1 69
0
1 52
3 69 36 9
3 16 51 72
4 60 68 53 81
0
2 40 53
0
0
0
0
3 25 63 33
3 32 37 96
3 50 9 32
2 72 49
0
2 72 46
1 51
0
2 53 44
0
1 75
0
1 56
3 43 75 23
2 51 45
0
0
2 15 49
1 52
1 39
0
3 6 9 25
0
0
2 70 40
2 92 43
0
0
2 33 52
1 84
1 76
4 31 63 48 54
3 41 35 28
2 67 85
1 32
2 72 39
2 13 9
1 33
0
0
3 34 52 79
1 28
5 66 19 51 56 90
2 55 42
0
0
2 75 30
1 47
1 33
2 63 38
2 96 63
4 62 63 39 23
0
0
0
2 10 73
1 61
0
1 38
0
2 22 97
2 57 85
0
4 26 38 31 13
2 47 58
0
0
1 41
1 86
1 64
1 77
2 30 84
1 42
1 19
1 36
0
1 51
3 41 46 56
2 24 30
5 43 41 54 84 75
0
1 61
0
0
2 65 14
1 54
1 46
1 53
4 70 61 64 39
2 50 70
1 38
1 35
1 42
1 36
1 33
0
2 18 78
4 87 64 55 61
2 57 55
1 20
0
2 40 62
1 66
1 9
3 62 43 83
1 58
0
3 26 58 82
1 43
6 58 52 63 4 92 45
1 71
1 49
2 66 46
1 22
2 59 43
3 53 74 61
0
0
1 92
1 83
1 5
2 47 44
7 65 48 44 56 73 20 21
2 82 51
1 35
4 43 33 3 52
3 57 8 48
1 24
2 76 60
3 26 59 60
0
1 27
1 74
1 65
2 41 73
2 79 58
1 53
0
0
2 39 42
1 65
0
2 82 7
0
1 39
1 61
0
2 39 57
1 64
2 40 84
1 48
1 35
0
1 80
2 37 20
3 61 55 46
1 33
3 64 59 27
2 33 55
3 86 54 80
1 56
1 25
3 49 74 73
1 42
1 50
1 66
3 42 37 53
3 39 79 32
1 75
1 66
3 42 66 59
0
0
0
2 41 55
2 55 48
3 92 43 57
1 54
2 54 56
3 0 68 48
5 43 29 50 53 46
4 34 69 82 34
0
4 36 68 39 36
3 51 59 48
3 4 78 55
0
2 35 17
0
4 41 30 72 65
0
1 36
1 77
3 19 60 45
1 95
1 66
1 64
0
3 26 21 80
6 62 72 10 33 83 24
1 21
1 73
2 57 50
3 77 24 34
1 84
1 33
0
2 29 44
1 39
3 75 37 51
1 45
2 50 45
1 3
1 41
1 48
2 60 16
0
4 37 34 66 51
2 12 31
4 41 17 54 58
0
1 61
3 49 93 31
0
2 30 42
0
2 33 95
2 57 75
2 48 57
2 44 49
1 23
6 51 56 50 33 53 53
3 64 51 81
3 78 67 19
0
0
0
2 71 68
1 22
3 47 54 67
1 60
1 31
2 69 47
1 48
1 40
1 39
0
2 27 72
1 92
1 44
0
1 34
4 33 92 70 65
5 51 20 48 22 54
0
3 31 18 66
1 74
2 76 74
0
1 38
5 69 40 36 29 41
3 39 75 33
1 51
1 37
0
2 60 45
1 57
2 22 37
1 55
2 76 70
4 42 39 70 90
1 46
3 59 46 48
2 37 78
1 54
2 42 62
1 32
2 38 52
7 50 50 43 31 40 45 60
2 22 35
2 59 72
3 70 19 22
0
3 49 48 45
3 53 27 47
1 75
1 64
3 42 34 62
0
1 78
1 47
2 34 44
0
2 29 33
2 48 51
2 56 63
3 62 66 82
1 22
3 13 59 52
1 35
2 61 40
4 39 75 71 62
2 61 46
2 59 85
1 70
2 41 52
0
3 79 33 68
2 60 87
3 11 26 27
0
1 74
3 17 80 75
1 73
0
4 69 57 42 60
2 48 80
1 42
2 18 51
4 77 56 87 46
3 83 33 61
1 96
0
5 48 77 51 46 57
1 47
1 39
2 18 70
1 26
1 29
1 72
1 58
1 57
1 40
1 63
1 60
2 57 59
6 29 46 53 77 70 53
1 67
4 34 77 51 38
0
0
3 24 42 41
2 52 63
2 62 61
1 52
5 52 38 46 49 54
1 70
4 47 55 25 0
3 52 38 46
1 55
0
2 39 58
3 30 28 94
2 24 26
2 86 47
0
2 52 28
3 45 67 56
2 86 25
0
5 53 69 29 63 83
4 61 42 69 26
2 15 40
1 50
1 45
1 65
4 64 46 44 77
1 49
3 84 34 54
2 41 77
1 51
1 34
0
3 43 31 34
4 14 41 33 14
2 36 45
1 20
0
2 66 72
0
1 40
2 68 59
2 68 44
2 50 69
3 46 9 52
0
2 75 54
4 27 49 44 27
0
4 31 65 39 63
5 2 40 49 22 40
2 59 82
2 74 81
0
3 40 57 22
2 30 45
4 73 47 51 42
1 79
5 36 70 9 83 70
1 67
1 60
3 43 96 43
3 26 46 49
0
2 71 21
0
2 47 44
2 94 80
0
1 57
4 33 77 87 77
1 43
2 81 32
6 9 38 44 47 45 43
4 62 14 70 75
3 46 68 69
2 23 31
0
4 56 53 51 90
3 90 29 59
0
0
1 66
3 56 68 61
4 55 41 37 26
1 58
1 50
3 36 77 54
0
4 15 43 74 61
3 47 50 45
3 58 31 36
4 54 37 35 51
2 54 54
2 51 56
4 50 65 48 30
0
1 46
1 93
3 63 43 40
2 54 54
4 74 77 14 49
0
1 30
2 61 76
1 84
3 65 55 60
3 58 46 66
2 68 23
2 27 76
1 71
2 3 57
4 59 60 59 52
4 48 21 23 34
0
2 30 62
3 92 69 35
2 30 45
1 37
0
1 57
3 75 52 75
1 57
0
3 26 32 74
1 82
1 87
1 58
1 64
1 58
4 73 27 76 50
5 22 70 47 59 53
1 46
1 23
0
3 43 48 51
3 60 68 79
3 61 41 66
2 19 43
2 41 52
1 40
2 37 79
3 33 32 28
2 49 50
1 34
1 37
2 27 54
3 27 27 50
1 45
4 55 43 6 89
3 27 36 70
4 56 41 59 65
4 39 32 50 16
1 27
2 63 18
4 46 46 77 61
2 13 62
3 59 60 6
1 80
1 39
2 18 44
3 65 43 27
1 74
1 84
3 20 41 62
4 34 32 61 47
5 54 63 53 23 53
6 83 7 60 81 47 58
0
4 45 68 41 51
1 50
1 16
5 62 42 81 53 67
2 40 35
2 56 29
1 49
1 61
4 30 50 54 6
3 19 50 46
3 43 73 56
2 80 64
1 48
1 58
1 54
1 57
3 50 60 50
2 31 50
3 64 51 48
3 79 40 19
0
4 31 39 32 62
2 64 47
3 50 52 55
3 37 20 72
2 29 37
1 94
1 46
4 73 75 46 30
1 42
5 52 38 62 8 14
0
2 32 36
2 74 37
0
3 57 89 79
2 18 51
1 62
3 29 83 25
2 62 52
1 64
2 28 32
2 16 20
1 25
0
2 55 92
1 72
5 56 67 57 63 39
1 39
2 54 86
4 70 61 62 88
3 53 62 88
0
1 39
3 14 77 30
1 18
5 47 36 16 27 9
1 29
3 27 25 43
1 74
3 39 49 22
4 24 55 59 94
6 13 87 55 49 48 57
1 65
1 51
3 38 30 83
1 42
1 46
1 56
5 31 35 35 52 42
1 75
1 80
1 35
4 71 65 41 39
1 83
3 87 75 62
2 40 51
2 44 44
3 48 33 59
1 52
4 50 44 66 60
1 99
1 48
3 45 60 65
3 48 52 14
0
2 36 55
3 42 52 44
4 66 30 47 29
2 4 64
5 65 74 73 30 55
2 70 60
2 43 58
3 61 36 17
1 59
5 58 61 39 38 64
0
2 71 68
1 18
1 23
2 53 41
1 52
0
1 58
5 35 42 32 55 66
1 72
5 59 50 42 47 48
1 46
4 65 88 71 62
5 38 45 48 49 83
0
4 35 33 56 75
2 22 49
1 45
1 50
5 52 89 95 64 62
3 56 60 52
2 33 44
3 39 30 39
3 41 49 57
1 75
0
5 78 63 38 51 13
1 56
0
3 46 14 76
1 22
5 56 56 49 36 88
3 14 33 47
1 26
3 17 9 57
1 67
2 41 52
3 53 71 36
3 45 38 63
0
1 31
2 20 33
3 65 58 31
4 25 36 35 34
0
3 48 67 88
2 73 43
3 74 54 53
3 36 28 71
3 17 22 58
9 56 59 75 52 39 54 48 16 41
3 54 52 13
1 40
2 60 74
1 43
3 21 49 65
2 8 47
2 30 48
2 70 72
1 42
3 50 21 55
2 47 51
2 26 65
4 17 93 5 65
3 49 20 50
4 49 17 79 79
2 67 34
0
2 51 49
8 67 41 56 71 34 22 27 31
3 55 69 81
2 33 34
1 36
1 15
1 31
3 60 15 66
6 12 52 63 31 52 6
1 44
3 51 38 26
3 74 77 62
1 38
2 73 48
2 70 29
1 59
2 33 24
2 16 17
3 77 32 67
3 29 43 38
1 71
0
5 20 30 68 52 29
4 80 47 50 43
1 8
0
4 66 50 82 47
2 23 50
2 49 26
5 65 31 53 73 72
4 65 85 37 58
3 34 36 73
2 46 57
2 35 30
2 35 31
2 56 14
1 88
2 38 40
3 48 51 40
1 32
3 61 28 55
3 70 61 49
0
1 53
3 84 34 30
4 60 48 53 23
4 50 54 45 42
3 39 54 44
0
7 53 28 43 35 62 72 49
5 29 82 66 56 44
2 26 47
1 4
2 69 42
5 36 45 51 38 53
3 39 25 68
2 73 61
4 93 52 57 50
3 47 55 41
2 42 58
0
6 35 69 14 54 62 35
2 22 39
2 59 43
1 45
4 57 47 51 45
0
0
2 77 89
1 48
2 48 49
2 65 74
4 21 41 54 60
2 85 42
1 21
3 20 33 76
2 37 57
7 38 51 52 40 76 34 38
2 63 62
1 49
2 67 54
1 56
2 32 55
2 39 64
3 69 36 16
0
3 17 47 36
2 34 51
3 16 55 37
2 42 41
2 80 23
6 39 43 54 66 48 53
1 49
1 49
1 70
2 53 52
3 68 51 23
1 36
0
5 27 3 57 29 36
3 31 45 29
1 13
0
4 47 38 41 43
1 20
3 11 59 29
3 51 56 52
2 31 43
5 28 49 23 26 37
3 65 44 47
2 87 81
2 63 37
4 60 43 59 60
2 63 51
4 53 71 26 69
1 42
4 55 28 46 62
3 35 65 24
1 52
2 40 49
2 40 68
3 48 38 51
1 91
3 76 43 60
3 58 51 51
3 72 25 35
0
5 47 57 67 78 25
1 24
2 60 73
1 51
1 20
5 79 61 60 70 44
4 67 52 37 80
2 59 35
4 58 52 54 38
6 45 29 64 40 29 40
5 62 46 13 58 43
6 75 27 40 43 40 27
1 60
1 30
1 15
3 56 55 69
1 22
6 21 72 15 50 67 65
1 45
1 43
4 45 73 35 35
0
2 74 63
2 63 43
1 15
1 58
4 60 78 74 74
2 82 98
5 54 1 76 46 65
1 49
1 55
1 41
4 73 82 30 23
2 52 44
2 66 46
5 62 46 4 63 47
2 73 65
2 68 23
2 24 18
3 18 32 81
2 81 71
1 49
1 13
4 67 42 51 15
0
1 59
1 51
3 35 58 76
1 46
3 42 16 57
0
2 56 22
2 52 47
3 55 41 51
4 42 42 35 12
4 54 34 37 83
5 12 70 77 23 61
0
2 35 76
4 64 15 70 74
1 44
5 83 56 73 75 72
2 54 39
7 62 49 64 76 65 27 34
4 25 56 46 91
1 63
1 33
0
1 39
5 70 76 80 35 53
1 48
2 60 59
3 42 62 57
1 26
1 53
2 7 58
3 81 53 55
4 36 35 51 85
1 93
2 69 34
4 42 57 50 22
2 11 82
2 91 36
4 55 61 47 87
0
2 62 31
4 31 74 56 38
2 21 70
0
3 52 84 12
2 63 23
3 46 64 20
3 74 55 17
2 47 7
5 25 47 56 45 74
3 62 50 43
2 37 46
0
1 94
4 67 35 38 24
3 54 61 54
3 93 26 59
3 46 29 42
1 77
5 65 41 29 68 51
2 79 51
2 50 48
0
6 75 42 15 53 25 64
4 56 55 59 42
4 100 59 42 67
4 61 53 81 47
2 33 18
2 38 50
0
3 69 31 57
3 63 15 54
3 48 55 42
7 47 77 68 36 22 56 86
4 50 53 27 45
1 33
1 13
8 78 53 55 19 31 66 44 46
1 74
3 73 94 32
2 30 65
0
1 60
2 17 45
1 55
5 32 95 74 90 49
2 38 9
1 61
4 34 13 14 29
4 55 54 36 57
3 54 17 57
2 65 79
3 78 62 63
2 71 89
0
1 50
2 45 38
1 67
2 51 9
0
3 32 28 47
2 60 55
1 41
2 38 28
3 26 63 40
2 41 26
3 56 6 51
5 42 66 19 6 44
3 44 49 33
2 66 31
1 38
1 21
2 39 64
4 70 37 37 60
1 84
7 63 69 47 52 63 38 35
6 59 85 80 41 50 38
4 48 79 44 52
4 41 35 67 62
2 81 59
2 90 63
3 30 28 56
2 68 65
1 49
3 41 70 22
0
1 30
2 57 62
2 51 51
1 20
2 54 30
3 60 44 66
9 51 97 53 31 47 55 81 21 29
4 51 78 56 17
2 57 36
3 50 21 27
1 36
0
1 42
4 49 30 59 67
4 81 71 94 69
2 50 67
2 63 75
2 51 40
2 33 54
3 67 76 36
2 37 16
2 55 7
0
2 68 33
5 58 42 54 27 58
3 39 26 45
3 39 45 22
0
3 65 49 39
3 68 51 52
5 39 54 23 58 33
1 63
3 22 37 7
6 81 84 46 40 67 75
1 55
3 39 63 32
3 41 19 22
3 65 12 38
3 35 58 90
4 28 83 13 82
6 35 28 33 24 24 14
5 78 90 61 36 52
0
2 46 44
0
3 60 67 57
2 79 32
5 40 13 50 30 39
3 64 16 68
3 40 38 74
2 55 42
2 63 85
4 62 34 39 49
2 41 31
2 13 69
1 41
3 22 61 11
2 39 27
1 54
2 84 75
2 60 38
1 11
1 50
2 57 27
0
3 55 38 52
2 63 64
0
0
4 20 18 49 29
3 45 23 51
1 76
9 86 44 71 49 64 35 71 29 42
2 32 55
6 32 67 64 33 45 60
0
2 27 48
4 54 67 48 16
7 26 48 25 59 29 61 34
4 6 80 43 35
1 21
2 47 46
3 21 62 28
3 59 41 37
1 61
1 50
3 69 31 32
4 49 62 46 63
3 59 69 51
2 51 60
1 61
1 51
3 42 67 38
3 59 49 45
1 39
1 38
2 20 32
2 45 55
2 50 52
3 31 72 42
3 28 69 38
2 68 47
2 56 13
3 34 47 43
5 29 44 51 48 68
1 41
2 39 67
3 41 75 46
1 70
0
0
4 48 57 64 56
2 44 31
3 23 40 62
4 13 41 31 52
1 45
5 40 23 82 40 12
1 65
5 56 57 92 60 82
2 62 57
2 88 35
3 59 27 45
1 69
2 32 37
0
2 68 56
3 52 30 23
2 31 36
3 47 45 56
4 55 99 56 79
1 48
2 59 28
4 76 47 57 57
2 38 48
5 44 34 61 34 32
2 75 56
6 63 43 64 60 67 37
4 70 60 52 39
4 47 57 38 37
2 58 90
1 69
2 65 62
3 11 31 80
1 33
3 52 37 35
2 48 36
0
3 82 94 85
4 43 53 50 39
3 17 73 37
2 50 60
5 41 26 61 70 22
3 14 74 74
3 31 69 69
3 37 58 57
2 53 100
2 64 40
4 43 61 30 58
5 42 21 51 68 44
2 46 21
0
4 61 40 34 45
2 77 78
3 33 40 64
3 69 36 47
3 60 49 38
1 34
4 50 42 18 73
3 34 22 24
1 41
0
3 51 41 3
1 52
2 59 97
0
2 55 54
1 47
0
3 14 51 38
1 23
2 47 63
4 47 88 64 57
1 55
5 32 37 59 28 42
2 19 50
2 14 65
3 56 50 33
3 66 64 56
2 51 80
1 53
3 66 62 44
3 80 67 58
2 65 39
2 36 74
5 69 60 51 79 62
1 54
4 26 36 40 75
2 27 45
1 56
5 53 50 68 61 54
3 63 23 29
3 22 31 100
2 79 51
3 76 59 55
5 46 73 26 57 67
1 26
2 37 53
3 14 54 44
3 53 24 15
1 46
1 59
9 49 61 41 60 67 64 57 41 60
2 64 39
2 44 30
2 46 2
1 28
3 50 35 37
0
1 62
3 70 84 89
3 66 33 61
1 64
3 17 27 59
2 77 38
1 48
3 44 40 68
1 31
3 86 66 42
0
3 21 33 35
1 52
7 52 77 69 27 71 32 54
3 40 80 70
1 82
1 50
3 37 70 57
3 37 32 69
4 75 31 71 38
1 52
2 69 34
5 24 81 35 62 29
2 65 38
1 53
1 59
7 78 38 51 72 77 72 39
3 42 26 48
2 77 76
3 48 82 66
3 26 30 69
5 29 68 25 38 42
4 58 33 48 48
1 69
1 45
0
2 48 55
0
2 25 75
6 36 39 46 20 24 49
4 80 49 67 36
4 89 43 69 64
4 41 42 68 36
1 60
0
4 51 64 52 19
0
1 48
1 22
4 72 55 37 69
2 63 48
5 19 89 37 80 52
3 56 49 53
1 45
1 57
2 46 66
2 25 29
3 55 59 80
1 78
1 32
3 55 60 47
4 33 69 44 36
4 61 40 2 33
4 45 26 36 74
2 15 62
1 59
2 81 40
2 95 57
7 32 51 54 71 56 75 74
0
3 39 66 73
1 64
3 74 40 23
0
2 50 41
2 53 61
3 56 86 51
3 80 56 76
6 42 63 11 46 48 37
2 35 49
4 65 48 99 30
1 35
2 43 45
0
3 76 63 62
1 14
2 42 11
5 61 84 53 61 70
0
3 65 42 31
1 57
2 37 53
4 22 67 62 65
0
5 37 35 28 68 36
4 76 19 59 24
1 24
4 54 53 70 54
1 69
0
2 62 22
2 58 81
2 58 57
2 24 25
2 24 77
5 59 40 41 48 67
2 57 64
4 51 31 82 70
2 39 66
5 74 4 67 38 63
2 41 27
0
3 41 46 60
1 57
0
4 93 15 66 85
1 16
2 25 56
1 19
3 72 74 19
1 47
4 71 32 56 68
3 48 70 60
5 43 59 26 58 52
1 57
1 61
3 13 70 40
2 33 73
4 56 28 60 42
3 61 44 75
0
3 26 51 40
5 61 62 48 18 29
4 54 22 23 65
1 54
6 22 20 19 79 74 100
2 35 56
1 67
1 54
3 40 56 47
2 86 55
3 54 43 36
2 54 44
3 91 43 23
0
2 17 69
1 17
1 30
1 21
2 53 64
3 40 50 72
3 55 75 73
2 72 55
5 71 46 49 27 21
4 44 45 40 73
2 52 53
2 37 67
1 54
6 62 96 23 46 49 83
0
8 17 38 32 31 33 78 33 42
4 53 5 28 37
2 68 59
3 56 90 20
0
1 63
1 38
5 27 74 61 41 62
0
3 7 72 39
0
2 54 61
4 64 25 48 72
2 69 55
0
2 43 9
4 90 47 50 3
2 44 13
2 46 45
1 49
6 59 34 40 45 66 66
2 32 67
1 61
2 69 54
6 37 40 34 54 43 60
4 13 34 48 39
1 49
2 61 59
3 86 51 87
5 25 54 61 72 30
3 74 21 48
5 44 49 56 29 72
3 70 60 17
2 70 66
1 46
2 65 63
5 64 46 72 60 33
2 25 33
2 81 55
1 54
2 42 61
0
2 54 64
2 22 55
4 65 96 31 53
2 42 49
2 63 59
0
1 47
0
1 52
3 44 42 51
3 47 83 71
0
0
2 56 53
1 50
2 76 10
2 70 43
5 79 64 52 38 51
0
2 34 41
2 39 50
3 47 78 30
4 38 87 69 39
1 62
2 69 56
1 37
2 30 51
3 45 73 55
1 39
4 44 38 32 37
3 49 32 34
2 40 72
4 45 42 63 43
1 34
2 25 46
6 62 75 64 22 75 68
3 44 32 62
1 42
3 62 81 50
0
4 43 45 72 94
2 26 35
2 58 37
1 50
3 96 41 43
3 49 49 55
2 66 52
1 61
1 45
2 61 22
2 60 27
1 32
4 70 22 34 52
1 25
3 91 67 57
0
0
3 66 39 59
3 82 47 59
0
2 76 38
2 49 26
1 100
2 78 26
2 38 60
4 74 31 46 20
3 43 21 19
3 44 24 82
2 39 28
2 32 41
1 38
0
2 34 64
3 37 47 77
4 27 5 47 62
1 36
2 17 55
2 68 82
2 40 41
3 73 61 60
1 27
5 90 37 60 29 60
3 21 50 60
3 52 47 49
2 62 30
3 56 69 49
1 45
3 66 66 45
6 44 37 58 29 53 81
3 34 28 64
2 22 46
3 68 47 45
0
1 40
1 46
3 34 65 43
5 50 71 36 49 35
3 80 40 52
3 97 87 56
1 84
1 30
1 59
3 17 54 62
1 84
7 47 37 35 39 43 30 30
0
2 53 57
2 53 37
4 70 56 60 23
2 55 44
3 58 44 25
2 58 31
4 36 64 75 55
4 67 34 66 42
1 46
3 44 40 18
1 50
2 41 54
1 51
1 65
1 63
2 89 46
3 68 57 24
3 67 15 95
1 67
0
1 44
0
2 61 72
3 70 41 42
2 61 61
4 39 22 68 68
1 40
0
3 73 60 70
2 18 72
3 27 53 41
4 47 51 50 34
4 58 18 84 100
3 88 47 55
2 48 73
1 59
2 65 39
0
2 51 49
4 79 95 56 47
1 36
1 14
3 48 36 25
5 43 30 72 52 89
3 51 49 30
1 40
2 90 45
4 45 17 41 32
3 49 67 67
1 43
2 40 36
2 11 41
1 38
5 46 27 42 23 85
5 64 51 52 73 45
0
2 55 62
1 37
1 43
2 45 41
2 32 74
0
3 32 90 46
1 43
1 44
3 93 16 70
2 58 57
1 68
1 8
2 5 48
0
1 44
1 41
1 40
3 72 19 52
2 40 41
1 30
1 36
2 61 38
1 38
7 31 56 35 62 53 40 43
0
2 49 23
3 50 68 27
1 59
0
1 43
1 57
1 51
5 30 29 6 23 61
0
2 68 40
2 19 51
5 53 5 46 50 57
3 37 17 73
5 20 28 32 88 51
4 85 39 42 43
2 53 59
2 85 46
2 29 66
4 27 70 53 5
0
4 22 55 61 46
1 49
3 46 56 87
0
2 57 80
0
3 39 61 53
3 58 59 90
2 79 40
0
3 26 54 20
6 44 86 33 62 60 53
2 46 59
0
3 40 36 59
0
4 63 63 90 42
0
2 46 51
1 36
3 69 55 51
1 72
0
2 23 48
2 38 60
3 61 79 59
1 39
2 42 61
2 68 31
2 97 49
3 50 36 21
1 91
2 31 40
4 74 61 7 27
1 24
0
4 59 71 41 32
2 34 45
1 34
1 34
3 34 72 48
1 31
1 30
2 82 92
4 98 71 26 73
0
1 65
1 78
1 39
4 44 63 62 40
4 29 40 44 39
5 50 37 21 40 80
1 67
1 61
2 26 48
0
2 56 40
1 79
3 52 33 51
1 58
1 71
3 40 29 66
1 36
1 63
2 46 18
2 61 52
0
2 69 49
2 49 40
2 47 57
2 64 35
1 63
2 20 28
1 77
3 84 41 49
2 72 17
2 72 27
2 39 55
3 54 32 28
5 59 51 44 30 68
1 57
1 65
3 61 21 54
0
1 36
2 71 33
3 74 43 26
2 73 66
1 38
2 61 49
4 58 90 42 42
1 57
2 77 76
3 43 45 45
2 78 75
3 9 69 64
3 63 42 70
1 56
2 45 26
1 44
2 21 64
3 34 71 40
2 62 39
2 17 52
2 51 75
0
0
3 47 23 56
1 60
2 67 13
2 37 91
1 5
0
1 61
8 7 39 71 26 54 41 24 52
1 30
0
1 25
1 63
4 57 40 48 30
3 20 45 51
1 40
2 12 42
3 71 79 57
0
2 33 53
1 82
0
1 93
1 15
3 42 64 55
0
5 56 35 35 60 19
1 16
4 66 63 21 66
2 26 64
1 23
2 22 60
2 28 27
2 22 42
0
4 67 34 64 66
1 48
3 70 59 28
3 63 43 56
2 4 65
0
2 37 46
2 27 47
2 44 63
2 29 26
2 42 49
1 81
2 39 42
2 58 70
1 46
0
3 41 53 56
2 53 60
1 81
4 49 60 68 12
1 50
1 63
2 56 66
1 50
3 32 28 12
2 65 17
0
0
2 36 60
1 90
0
1 62
3 32 66 94
2 53 76
1 43
3 34 65 71
1 31
4 64 51 55 79
2 36 11
1 48
3 18 60 41
0
2 50 60
1 23
1 43
2 63 15
4 60 34 37 48
3 38 70 75
2 44 23
1 58
2 58 64
6 67 47 46 44 33 37
0
1 76
1 54
1 67
1 67
0
1 73
2 51 77
1 55
0
0
1 62
1 57
3 31 24 54
2 39 21
2 42 69
4 37 85 66 98
2 23 64
2 24 15
1 66
1 47
4 88 61 78 59
2 50 27
2 55 40
1 57
2 61 21
1 58
1 40
2 25 71
4 25 54 71 48
2 58 64
0
2 22 39
1 49
3 55 67 0
2 59 29
2 66 14
2 54 73
1 44
3 25 40 82
2 34 38
0
2 15 49
0
2 68 59
1 92
3 15 8 37
2 69 62
1 14
1 43
1 33
2 48 34
0
2 27 67
2 48 58
1 92
1 42
3 30 52 50
3 45 23 35
2 62 45
4 57 68 35 21
1 35
1 20
1 49
2 43 45
1 56
0
3 53 46 49
3 22 97 46
1 37
3 75 52 32
0
2 51 78
1 67
1 25
1 65
2 16 55
0
1 62
3 81 63 58
2 42 47
1 42
1 40
4 66 44 75 43
1 69
0
0
2 64 63
0
2 60 75
1 47
2 46 27
2 42 34
4 45 47 63 55
2 15 30
4 16 39 56 79
0
3 69 60 52
0
2 27 60
1 31
1 57
3 45 77 30
2 45 50
1 72
4 36 75 63 60
0
3 68 57 84
1 14
1 67
2 5 63
1 52
0
1 10
0
0
1 27
0
2 44 53
1 38
2 48 54
2 54 64
0
1 45
2 41 51
0
2 60 71
1 19
1 42
1 68
4 61 50 70 74
0
1 45
2 69 35
3 67 30 61
1 57
2 37 70
1 78
1 50
1 58
3 44 57 53
2 68 33
0
3 33 30 53
0
4 80 96 23 30
3 36 41 66
1 27
2 48 64
1 37
1 49
3 64 61 48
1 72
0
1 56
0
1 91
4 51 45 46 12
2 63 24
0
1 63
1 63
1 82
1 47
2 62 32
2 28 49
2 49 39
1 32
1 38
1 72
1 42
0
1 67
2 90 62
2 20 37
1 45
1 51
1 13
2 76 48
1 34
3 79 21 30
3 40 19 43
1 65
0
0
1 57
1 90
1 72
2 40 38
2 70 22
2 57 37
1 39
3 65 82 51
2 71 48
1 66
0
2 54 13
2 70 51
0
1 60
1 57
1 54
4 45 32 66 16
0
0
3 97 65 15
0
2 58 84
0
1 55
2 65 31
2 73 70
2 48 39
1 35
3 12 50 54
0
2 45 84
1 54
2 63 73
2 61 30
0
1 57
2 66 68
0
3 69 51 100
3 28 59 31
1 29
3 53 72 16
2 57 81
0
2 40 65
0
0
2 65 72
1 63
2 58 17
0
2 49 48
1 62
0
2 90 54
3 46 20 47
1 34
3 32 10 58
2 35 50
0
1 68
0
1 39
2 80 47
2 52 43
2 32 82
2 49 23
1 62
1 57
0
0
0
2 42 69
0
1 70
1 64
2 23 28
1 63
2 15 47
1 31
0
1 20
1 54
1 53
2 54 38
1 54
0
1 54
0
1 48
2 40 48
1 46
2 30 58
0
0
2 34 39
2 60 34
1 67
6 74 47 39 71 40 41
4 65 55 71 28
1 68
0
2 74 30
1 87
2 46 40
1 87
0
1 23
0
2 53 51
0
2 35 45
1 76
3 36 75 12
0
1 55
0
2 47 58
1 42
0
0
1 37
0
1 55
1 50
1 26
4 54 31 59 53
2 72 43
0
1 58
0
1 42
0
1 30
0
3 54 66 48
2 72 68
1 65
0
1 61
1 21
1 46
0
2 36 47
1 31
1 63
1 53
2 57 55
0
0
0
2 54 56
1 26
1 46
0
0
3 58 57 60
0
3 73 56 53
1 41
0
3 62 54 33
1 38
0
2 61 69
1 74
1 26
2 48 66
3 27 75 52
2 32 88
1 58
1 32
3 30 28 51
2 83 24
0
0
1 50
1 39
0
1 36
0
0
2 38 48
1 60
2 74 28
4 66 58 53 38
1 63
0
0
1 71
0
2 27 77
0
2 39 71
0
2 82 60
1 42
2 39 54
0
0
2 75 34
1 16
0
3 93 48 57
0
2 82 40
1 52
1 61
0
2 77 62
0
0
1 65
2 37 20
4 40 48 43 47
1 69
0
0
2 29 51
2 38 43
1 44
0
1 70
0
1 29
1 62
1 14
1 90
0
0
1 52
1 19
1 83
1 68
2 58 51
1 73
0
1 20
0
0
2 91 39
0
3 40 53 38
0
1 27
1 33
2 58 47
3 65 35 64
0
0
0
0
1 65
0
0
1 39
0
1 56
4 61 47 28 67
3 65 14 34
2 70 50
1 39
0
1 38
0
2 42 60
0
0
0
0
1 32
4 28 65 44 26
3 47 49 50
1 55
2 53 80
0
1 68
1 56
1 62
2 10 59
0
1 45
0
0
1 50
0
0
0
1 72
0
2 46 58
0
3 19 39 28
0
2 77 33
0
1 74
2 46 86
1 50
1 41
0
0
1 2
1 74
0
1 66
0
0
0
1 43
2 37 39
1 23
1 55
2 19 55
6 42 15 77 85 49 72
0
0
2 46 76
3 18 43 3
2 25 63
2 54 56
0
0
0
0
0
0
0
0
1 6
0
0
0
1 60
0
1 35
3 22 60 81
0
0
3 32 41 34
2 41 59
1 21
1 42
0
1 53
1 32
1 32
0
2 57 36
0
1 47
0
1 50
1 54
0
0
2 50 47
2 27 41
0
0
1 40
0
0
2 56 50
2 32 59
1 27
5 11 60 40 43 26
0
1 67
0
0
1 54
1 91
0
0
0
1 57
1 31
1 59
1 32
0
3 69 24 34
0
0
0
1 64
1 63
0
3 34 75 52
0
2 35 64
2 44 67
0
0
0
0
0
1 37
1 77
1 66
1 56
2 20 51
2 80 43
1 42
1 46
2 46 40
0
0
0
2 39 23
0
2 63 41
0
0
0
0
0
1 49
1 51
0
2 68 34
0
0
0
0
1 53
1 23
2 84 36
1 60
2 57 43
0
1 48
0
0
0
0
1 45
0
0
1 62
0
1 37
0
0
0
0
1 54
1 51
1 64
2 25 62
0
1 40
0
2 25 46
0
2 45 67
1 26
0
0
0
3 29 65 91
2 59 28
1 69
2 15 52
0
0
3 13 48 54
3 55 57 79
1 84
0
1 28
0
1 82
0
1 65
0
0
0
0
1 30
3 52 41 42
0
1 43
2 53 48
1 62
0
0
0
0
0
1 29
0
2 72 73
0
1 78
1 45
0
0
0
1 84
1 42
0
1 37
0
2 56 37
0
1 17
0
0
2 35 86
1 88
0
0
0
0
1 47
1 47
0
0
2 45 55
1 32
1 53
2 68 44
0
0
2 41 37
1 76
0
0
0
0
2 40 54
0
0
0
2 52 66
0
0
3 61 71 59
0
0
0
0
0
0
0
0
2 41 55
0
2 49 4
2 55 62
1 62
0
1 49
0
0
0
0
0
0
0
0
2 64 22
1 32
2 25 61
2 58 49
0
0
1 32
0
1 64
4 99 22 60 71
0
1 79
0
0
0
0
0
0
2 51 55
0
0
0
0
0
1 50
0
0
0
0
3 46 53 67
0
2 37 1
2 44 32
1 32
1 16
0
0
1 69
0
0
0
0
2 43 69
2 24 52
0
0
0
0
1 31
1 35
0
1 30
1 62
0
1 51
0
1 69
0
1 21
1 83
0
1 47
0
0
2 7 34
1 58
0
1 62
2 45 28
0
1 26
0
0
1 49
0
0
2 37 84
0
0
2 58 47
0
0
0
0
0
0
1 83
2 40 79
0
0
1 37
0
0
0
0
1 62
2 78 57
1 54
1 68
3 23 87 33
0
1 74
0
0
0
1 86
1 62
0
1 41
1 73
2 37 58
0
0
0
0
0
0
0
0
0
2 66 63
0
1 44
1 52
0
1 67
0
2 75 46
0
0
1 34
0
0
0
2 54 42
0
0
0
2 64 32
1 74
0
0
0
1 72
0
1 62
1 77
1 46
0
0
1 66
0
0
0
0
1 35
0
1 14
0
0
0
1 30
0
1 21
1 10
0
2 47 51
2 22 37
2 17 64
0
1 29
0
1 66
0
1 0
0
1 74
0
0
1 59
1 61
0
1 66
0
0
1 39
1 51
0
0
0
0
1 91
0
0
0
0
0
0
1 18
0
0
1 54
1 44
0
0
1 33
1 2
0
0
0
0
4 72 58 52 61
1 69
0
0
2 55 34
1 54
0
0
0
0
1 86
0
1 29
1 62
0
0
0
0
0
0
3 30 66 50
1 56
0
1 80
1 25
0
1 20
1 65
0
0
1 48
1 45
0
0
0
2 16 66
0
1 45
0
0
1 8
1 58
0
0
1 29
1 37
0
0
1 57
0
0
0
2 84 56
0
0
0
0
0
1 73
1 54
1 90
1 46
0
1 71
1 27
0
0
1 42
0
0
0
0
0
0
1 52
0
0
1 42
4 20 51 67 78
0
0
0
0
2 31 63
0
1 46
2 60 70
1 76
1 28
1 41
0
0
0
1 54
0
0
0
1 43
0
1 43
0
0
0
0
1 60
0
1 9
0
0
0
0
0
0
0
2 46 15
0
3 46 22 36
1 42
1 95
1 71
0
0
0
0
1 52
3 61 46 35
0
1 28
0
0
0
0
0
2 51 39
0
0
0
1 80
1 76
1 49
1 69
1 64
1 43
1 35
0
1 65
0
2 24 93
1 79
0
0
0
0
0
1 63
0
1 28
0
0
1 52
0
2 32 38
1 27
1 34
0
1 66
1 83
1 40
0
1 18
2 81 46
0
0
1 17
1 27
0
0
0
0
0
0
0
0
1 47
0
0
0
0
0
0
1 42
2 53 27
0
0
1 39
1 60
0
0
0
0
1 56
0
1 33
0
1 40
0
2 14 13
1 41
1 54
0
0
1 57
1 58
1 66
1 43
0
1 65
0
1 54
0
0
0
1 95
1 43
0
0
0
1 40
0
0
0
1 61
1 26
2 3 66
0
0
3 43 53 12
1 25
0
1 79
1 42
1 14
0
0
2 63 40
0
0
0
0
0
1 62
1 35
0
2 65 67
0
0
0
0
0
1 16
0
2 39 56
0
0
0
0
0
2 56 76
0
2 55 49
3 70 33 58
1 51
0
0
2 60 51
0
1 34
2 48 62
1 64
0
0
0
2 84 36
1 61
1 67
3 68 46 68
0
0
0
0
0
0
0
2 56 37
1 34
0
2 100 49
0
0
1 68
0
1 44
0
2 63 30
0
1 80
0
0
1 60
0
1 68
0
0
1 66
1 25
0
1 70
0
0
0
0
0
1 53
0
0
1 88
0
0
2 88 40
1 33
1 81
0
1 15
1 25
0
0
0
0
1 49
0
2 51 93
0
0
0
0
2 57 60
2 49 34
0
0
1 75
0
1 65
1 62
0
0
2 51 34
1 58
1 60
2 73 82
0
2 32 29
0
2 44 66
1 42
0
0
2 48 55
0
0
1 31
0
1 18
1 74
0
0
2 19 52
0
0
0
1 20
0
0
1 76
0
0
0
2 71 62
1 62
0
0
0
0
0
0
0
0
0
1 61
2 33 24
2 81 48
3 34 45 27
2 24 29
0
2 20 35
1 59
2 39 42
0
1 61
0
0
0
2 41 47
0
1 33
1 61
1 49
2 27 55
1 46
0
0
1 42
1 39
0
3 24 77 29
1 50
1 72
0
1 84
0
1 69
0
0
0
1 30
0
0
1 28
0
0
0
0
0
0
1 53
2 66 55
1 38
0
2 40 25
1 32
0
1 37
0
1 50
1 41
0
1 24
3 46 80 73
0
1 59
0
0
1 30
0
0
0
0
2 61 62
1 49
1 38
0
0
1 55
0
0
1 67
1 41
5 46 71 7 36 71
0
0
2 31 45
0
1 46
0
2 35 59
1 76
1 20
0
0
1 33
1 94
0
2 48 50
1 50
0
2 52 56
2 79 34
0
0
1 29
0
0
1 31
0
0
1 37
3 51 36 71
2 48 43
2 68 67
0
1 27
3 86 52 68
1 33
1 57
1 47
0
0
2 33 40
1 64
1 31
1 34
0
2 59 36
0
0
1 59
3 62 0 90
0
1 48
1 26
1 34
0
0
2 40 46
3 23 29 48
0
0
0
0
0
0
0
1 89
1 50
1 79
2 36 76
1 53
1 58
0
0
0
0
0
0
1 50
1 29
0
2 46 51
4 59 53 10 66
0
0
0
0
1 67
1 50
1 58
1 26
2 38 77
0
0
2 98 35
2 32 70
1 12
0
1 96
2 64 49
1 37
1 88
0
1 67
0
1 24
1 91
3 60 41 62
0
3 45 57 65
3 21 55 50
0
0
0
1 80
1 52
1 50
1 36
2 23 52
2 50 66
3 56 65 38
1 51
0
0
1 32
1 60
1 23
1 46
2 17 79
0
0
1 33
0
2 35 46
2 49 82
0
0
0
1 11
0
0
1 70
0
3 84 37 43
2 20 37
0
2 10 46
1 40
1 58
0
0
0
1 62
1 22
0
1 76
1 18
1 49
2 44 63
0
0
1 80
2 66 66
0
2 83 62
3 41 45 10
1 41
1 64
1 40
2 15 12
2 44 45
1 61
2 14 59
0
1 75
1 56
0
0
2 18 46
0
0
3 43 41 54
2 52 51
1 80
1 25
1 21
1 21
1 67
0
2 60 68
0
0
1 16
0
0
2 59 58
2 30 45
2 60 98
1 56
