3600 4
1 37
2 52 34
1 50
4 74 25 40 67
2 11 62
1 33
1 49
5 33 24 50 57 66
2 39 83
4 32 61 44 14
3 40 66 60
4 44 48 66 22
0
1 40
4 55 50 40 28
3 32 65 54
0
6 76 45 59 47 36 47
0
5 100 44 64 68 61
1 25
1 3
7 34 73 35 15 64 30 36
3 45 7 89
3 49 58 48
5 64 1 20 62 34
1 45
1 25
1 73
5 39 72 42 10 49
0
3 2 60 73
3 61 33 74
1 68
2 62 56
2 57 56
3 23 44 60
2 61 1
1 52
3 44 37 62
3 37 65 76
2 52 55
4 62 46 45 65
2 71 16
1 32
2 61 52
0
5 61 34 36 38 60
2 65 44
3 30 36 38
1 39
3 30 56 72
3 67 41 75
1 67
2 55 7
3 49 39 54
2 60 60
3 44 52 9
2 66 56
2 37 54
0
3 90 53 62
2 24 49
5 48 78 53 37 0
1 48
4 18 46 12 73
4 44 63 48 77
3 28 55 39
3 52 35 66
1 42
3 15 67 51
1 39
1 30
6 27 45 95 61 57 43
4 60 32 32 40
3 66 34 73
3 42 90 63
2 50 41
2 70 69
2 63 45
1 75
5 60 67 56 44 27
2 33 52
4 34 38 6 52
1 43
2 45 43
1 68
3 58 98 70
2 49 87
0
2 60 34
5 84 36 56 71 53
1 47
2 88 32
2 42 50
2 38 81
1 54
4 37 70 43 57
2 52 6
3 29 40 34
4 43 75 41 30
1 60
6 63 31 83 7 48 70
1 6
2 26 56
2 42 92
0
6 17 37 56 65 87 55
4 66 8 43 77
1 27
4 44 94 67 83
4 9 50 75 57
1 75
1 23
2 15 30
0
1 59
2 63 33
1 74
2 41 66
2 30 53
1 52
3 49 31 61
1 46
7 39 73 32 77 47 41 62
2 20 76
2 34 79
3 52 47 54
1 62
3 27 96 50
4 60 41 31 66
3 55 67 78
3 58 38 53
3 40 63 34
3 48 22 55
1 50
5 59 68 47 89 51
2 56 74
1 39
5 41 62 69 81 77
1 36
3 27 88 64
1 53
2 52 43
3 44 12 47
4 61 57 64 73
3 66 12 62
1 36
3 58 65 59
2 44 37
3 33 89 22
3 36 41 46
1 65
2 59 40
2 33 82
3 56 82 53
1 89
1 84
3 30 67 79
3 72 30 26
5 38 37 82 30 72
3 49 29 22
4 52 47 79 37
2 36 80
4 47 36 48 53
4 70 67 71 86
0
0
4 31 49 74 71
2 70 78
3 60 47 53
2 51 46
1 39
2 24 41
1 45
4 73 15 22 38
3 11 79 74
3 49 58 87
1 59
4 45 21 71 67
3 63 25 47
0
2 62 59
3 52 30 33
2 47 41
4 13 64 47 32
2 59 90
0
1 16
4 27 47 59 27
4 54 91 36 39
4 61 43 39 59
3 24 25 17
3 63 43 48
2 44 28
1 56
2 37 53
1 62
2 75 49
2 48 84
3 69 43 66
3 22 22 36
2 56 61
1 67
3 76 44 43
2 93 60
1 21
5 47 42 38 63 58
2 54 17
3 31 36 14
9 47 64 65 46 33 63 80 100 38
1 72
1 23
3 64 59 30
1 66
3 17 33 83
1 73
3 67 49 63
2 46 78
3 42 51 28
0
3 41 12 40
1 68
1 11
3 63 50 25
3 13 48 34
1 68
3 90 52 96
6 56 55 28 42 64 44
2 60 53
1 12
2 48 49
1 66
2 33 46
1 61
5 35 14 50 52 62
4 65 53 58 42
3 62 68 66
3 47 46 45
3 63 63 56
2 66 32
2 57 46
0
0
1 57
2 42 75
3 52 42 47
2 37 30
0
1 56
2 6 18
3 50 73 89
3 96 35 14
1 28
3 46 34 59
6 65 69 90 63 17 68
0
1 61
1 14
1 53
3 78 53 36
4 50 36 59 68
1 19
2 41 39
6 61 57 56 54 31 51
1 81
2 35 65
3 36 36 66
2 79 53
1 53
2 29 57
2 58 46
2 38 67
5 47 91 70 56 81
1 58
2 90 72
3 43 53 78
2 40 70
4 27 49 45 50
2 48 57
3 39 25 69
2 90 51
0
1 32
2 54 47
2 89 56
3 62 77 88
4 53 71 86 70
3 40 59 62
4 31 18 77 64
2 23 14
4 45 56 14 55
1 62
3 51 80 34
2 32 89
4 36 32 29 52
6 56 80 80 55 74 38
1 56
4 71 63 21 17
2 82 15
2 29 76
5 15 49 26 71 66
3 2 62 18
1 55
1 27
3 73 49 33
2 55 66
0
1 76
3 34 42 68
2 10 53
2 59 61
0
1 37
2 72 56
5 51 39 48 50 70
3 35 69 84
1 26
1 52
1 52
5 58 50 38 48 37
2 73 32
3 21 43 63
0
5 49 45 39 37 50
1 42
3 53 70 73
1 32
3 52 73 52
1 20
2 43 66
1 33
2 32 55
3 46 38 77
1 15
3 56 59 49
1 32
5 40 47 75 61 34
1 46
4 42 42 73 41
0
3 44 29 89
3 89 30 50
3 53 14 24
1 37
1 75
3 96 34 53
5 15 62 73 74 83
4 67 36 31 86
0
5 34 65 34 39 45
2 62 45
1 56
3 47 69 49
2 56 78
0
5 34 34 94 30 26
1 40
4 68 55 56 57
3 83 57 59
2 48 44
2 68 59
4 73 52 44 64
3 45 83 42
2 82 37
3 35 44 45
1 66
0
2 56 68
1 64
4 65 46 57 64
0
1 63
1 34
4 60 38 55 92
2 72 63
2 57 41
2 24 63
3 19 36 44
1 46
1 37
2 16 49
2 54 62
1 24
3 41 81 18
0
2 61 18
1 60
0
5 48 51 51 21 56
1 60
2 84 70
4 56 57 43 52
1 62
0
2 28 21
3 38 40 54
3 52 57 66
4 33 68 24 40
2 39 36
3 43 49 41
3 29 98 89
3 42 64 30
4 39 48 43 55
5 49 78 58 43 83
2 26 70
1 92
2 59 50
1 26
0
3 76 63 44
1 90
2 100 46
3 42 75 48
4 39 84 33 20
0
2 42 75
1 32
3 70 81 58
1 45
1 63
2 35 5
1 62
1 22
2 27 53
2 46 38
2 63 38
4 81 76 30 26
0
4 39 68 63 49
4 42 70 58 23
2 79 60
5 44 60 61 56 64
1 41
2 25 59
2 50 23
1 35
5 71 24 45 29 46
1 68
1 55
0
4 26 43 37 69
3 58 56 34
2 35 26
6 33 40 44 3 8 56
3 55 36 91
4 59 45 40 26
2 47 56
2 52 15
4 53 34 41 42
0
4 48 7 53 58
2 61 33
1 30
1 76
1 45
4 3 51 40 65
0
0
1 31
2 16 37
0
1 44
2 65 20
3 81 37 40
2 81 51
2 38 57
4 48 76 47 35
2 38 14
1 35
1 37
1 35
1 63
2 24 56
2 48 56
3 29 49 31
0
1 55
4 27 31 53 45
4 30 25 89 30
1 35
1 67
4 43 45 74 59
2 28 86
3 34 94 45
2 42 47
2 69 12
0
3 33 57 66
1 32
0
0
1 28
2 75 39
1 49
5 59 51 63 62 48
3 58 86 55
2 67 49
1 64
1 54
1 34
1 53
6 48 32 57 34 84 58
3 47 38 31
2 54 45
4 57 50 29 6
4 49 60 40 29
1 46
2 47 38
0
1 26
2 47 19
2 47 58
2 34 68
1 31
4 39 19 52 57
3 75 44 72
0
3 41 69 48
3 61 67 39
3 34 39 72
3 52 43 39
1 40
2 68 73
0
4 60 56 8 57
3 41 58 64
1 40
1 75
3 56 59 34
0
5 28 34 70 59 28
1 15
2 57 78
2 59 40
3 50 20 58
0
1 32
3 53 50 52
0
0
3 43 46 74
2 51 56
2 55 43
2 40 17
2 33 9
2 30 57
2 63 73
3 55 26 31
2 77 56
0
4 33 42 34 14
0
1 73
1 41
1 56
4 72 78 54 48
3 57 62 28
3 56 56 62
0
5 30 42 13 24 65
1 67
2 50 49
2 53 25
1 60
2 34 12
1 77
2 27 59
3 17 90 55
3 54 55 69
2 79 76
4 31 28 66 41
2 54 49
2 26 65
0
1 88
1 30
1 62
0
2 22 15
3 65 50 39
0
2 59 56
4 34 69 27 75
1 75
3 75 58 89
1 71
2 1 50
5 51 37 38 3 71
2 27 35
4 83 63 59 55
4 33 42 55 56
3 30 74 44
2 54 76
3 35 61 52
3 73 41 47
1 62
2 47 70
0
2 58 74
3 47 18 14
4 37 52 41 62
0
0
1 44
0
0
1 18
2 38 46
2 73 24
2 69 69
1 75
1 48
2 9 63
2 33 44
1 20
2 60 49
3 63 72 64
3 53 79 71
1 27
1 79
3 60 39 29
3 35 46 56
1 51
2 63 33
1 81
2 44 60
1 25
1 53
3 43 56 42
2 56 7
2 20 28
4 88 30 34 57
0
1 11
1 51
1 32
2 47 18
0
2 33 80
1 56
2 62 73
2 63 35
2 81 48
2 54 55
3 11 42 56
1 38
2 47 56
3 56 39 65
3 73 61 49
3 74 5 17
1 75
0
3 77 92 53
4 33 66 24 62
1 38
3 74 87 39
1 65
2 67 65
2 41 8
1 85
1 29
0
1 45
4 74 32 53 47
4 32 62 34 36
2 47 49
1 36
1 47
0
3 42 74 18
1 51
2 40 38
2 56 65
2 28 22
1 45
5 37 24 28 26 91
1 52
4 53 49 28 71
1 80
3 58 45 64
0
1 25
2 52 35
1 72
1 59
1 44
2 60 62
0
2 72 45
3 71 87 55
1 59
1 33
1 72
3 32 31 41
3 59 63 64
2 50 12
1 47
2 54 15
0
2 38 40
2 55 29
5 10 64 25 19 18
2 50 23
1 42
0
2 62 69
3 65 30 46
1 12
0
2 40 43
0
2 47 40
0
2 46 23
2 76 79
1 48
2 62 48
2 66 30
1 23
3 25 45 30
0
3 44 54 37
0
0
0
1 82
2 49 52
2 33 25
3 31 45 43
2 43 97
2 62 66
2 69 54
0
3 48 44 57
0
1 80
0
0
1 28
2 40 64
3 22 27 24
2 57 58
5 39 17 35 53 41
4 5 67 70 56
5 25 39 55 73 73
0
2 36 45
1 84
2 70 44
1 36
5 42 36 25 68 38
0
1 40
0
3 22 67 66
2 35 54
3 53 42 44
3 30 21 54
1 61
1 74
0
1 29
0
3 58 41 30
2 78 3
1 60
0
0
1 56
5 39 50 69 89 45
0
2 53 64
0
1 62
4 46 60 37 74
0
1 15
2 70 39
3 47 43 83
0
0
1 48
1 21
0
2 69 51
3 38 58 25
0
0
1 63
4 55 38 46 62
3 54 34 30
1 67
1 45
0
0
1 30
2 68 57
2 78 72
2 75 40
1 85
1 37
3 43 44 56
1 12
2 74 27
0
0
3 21 85 35
0
3 51 42 78
5 56 62 60 66 89
3 56 37 78
1 72
0
2 32 20
2 55 59
1 55
0
1 76
2 73 82
3 50 3 56
2 36 49
1 47
2 59 89
3 95 50 53
1 63
3 57 84 19
3 53 71 55
2 55 50
3 94 57 68
2 63 47
1 32
2 73 29
0
1 53
1 54
0
1 60
1 55
0
3 44 60 60
1 57
1 37
2 16 42
0
1 57
0
1 42
2 50 66
0
2 47 25
3 67 86 44
0
1 50
1 61
0
1 45
1 72
3 47 45 82
2 34 29
0
1 18
1 95
1 72
5 27 75 83 57 3
1 36
3 50 37 36
3 37 68 43
2 53 70
1 62
1 77
0
1 55
2 82 64
1 55
3 32 30 41
0
2 3 36
5 30 37 35 18 33
3 65 59 64
3 27 72 31
1 59
2 86 24
1 83
0
1 41
1 76
1 67
0
0
0
1 39
0
3 43 43 49
0
1 44
0
2 40 61
2 66 31
2 47 42
1 50
0
1 82
0
0
3 72 58 59
1 63
0
1 58
1 30
0
1 72
2 67 59
0
1 66
1 90
4 72 57 96 46
1 62
1 77
1 23
0
3 48 52 50
3 46 50 63
1 48
2 8 45
4 30 34 38 71
2 58 67
0
0
1 52
0
1 50
0
4 55 71 76 53
1 72
3 45 31 27
1 87
1 45
1 45
1 32
3 54 44 61
2 66 41
1 54
3 60 76 39
1 51
2 87 60
3 39 71 31
0
1 55
3 56 52 51
0
1 76
2 23 0
2 72 34
3 83 52 45
1 44
2 47 82
1 45
0
0
0
0
2 69 53
0
2 46 25
0
2 63 43
2 79 40
1 51
1 69
1 19
0
1 79
1 66
1 14
1 79
0
0
2 31 63
1 16
3 65 65 75
1 23
1 41
2 44 38
3 19 39 78
1 51
1 70
1 66
1 65
0
3 36 34 56
1 70
0
2 23 85
3 54 41 36
1 60
1 67
0
1 92
0
0
4 48 64 61 39
1 85
1 27
1 58
1 26
0
0
2 60 56
2 48 59
1 51
1 67
0
1 32
1 40
1 36
1 27
1 94
0
0
2 53 46
1 41
2 70 75
2 86 34
1 75
1 41
0
0
2 53 13
0
1 58
0
0
2 52 46
1 38
2 41 56
2 40 55
1 43
3 29 54 54
1 12
0
1 51
2 72 75
2 32 80
2 36 45
1 33
0
0
0
1 40
1 42
1 38
0
2 67 65
1 28
1 59
4 64 83 65 60
0
1 34
1 60
3 18 55 50
3 48 76 64
1 42
1 88
1 60
1 64
1 63
2 45 61
1 70
1 27
0
1 45
0
2 32 52
0
0
1 58
0
2 93 34
0
2 78 49
0
0
3 51 46 42
3 40 66 71
0
0
0
2 25 65
1 49
0
1 97
1 54
0
2 41 34
1 12
2 15 23
1 31
1 47
0
2 51 79
1 80
2 69 49
2 38 42
1 39
0
1 62
2 70 90
0
0
0
0
3 25 18 31
1 50
0
1 50
1 60
1 48
0
0
1 36
1 32
1 43
2 40 29
0
2 67 33
0
2 45 59
0
1 56
1 44
2 66 51
0
0
0
0
0
1 31
0
2 90 77
1 20
0
1 79
1 50
1 86
3 21 50 24
2 21 46
2 39 28
0
2 52 86
2 71 47
2 78 16
0
1 47
0
1 35
2 6 57
0
2 43 56
1 94
1 33
2 39 42
0
0
1 60
0
0
1 13
1 54
1 30
1 49
0
3 41 58 26
1 61
2 58 28
1 80
0
0
1 29
2 62 46
1 26
0
1 11
2 28 55
1 91
1 41
0
1 49
2 82 89
1 47
3 23 54 53
1 12
0
0
2 64 65
1 41
0
0
2 44 82
0
1 75
2 75 56
0
0
1 33
0
0
1 56
1 44
0
0
1 50
0
0
0
0
0
1 21
2 8 60
0
1 71
1 36
0
3 37 87 48
1 47
0
0
1 81
1 38
0
1 59
1 85
4 46 40 85 92
2 48 5
1 55
1 36
1 62
2 28 61
2 36 27
0
0
2 89 68
1 85
0
1 55
0
2 67 63
3 56 59 58
0
0
1 81
0
0
1 49
1 58
0
0
0
2 46 55
0
1 32
2 61 40
0
0
2 58 52
0
2 50 68
0
3 64 60 45
0
0
0
1 25
0
0
1 65
2 29 66
0
0
0
1 71
2 59 16
1 76
1 83
1 63
2 92 73
1 6
0
1 24
0
1 88
0
0
1 44
0
1 35
3 35 81 59
0
1 45
1 28
0
0
0
2 36 16
0
1 26
2 51 65
0
0
1 49
1 53
0
0
0
0
0
0
0
1 57
1 65
1 30
0
0
2 90 61
2 25 44
0
3 59 49 38
0
1 48
1 83
0
0
0
2 46 50
2 85 32
1 76
1 73
0
2 51 36
0
0
2 69 70
1 70
1 42
0
1 39
0
0
0
1 52
0
1 27
2 54 35
0
0
0
1 28
1 34
1 54
0
1 20
3 53 47 42
0
1 72
1 45
1 79
1 51
0
2 27 46
0
1 28
1 22
2 61 52
1 55
0
1 68
0
0
1 32
0
1 61
1 30
0
0
1 84
1 68
3 43 83 20
0
1 57
0
1 23
0
0
0
0
0
0
0
1 28
1 24
2 27 61
1 65
1 63
1 53
1 47
1 58
0
1 49
1 34
0
0
0
0
0
0
0
0
1 49
1 44
1 62
1 54
0
2 46 71
2 29 44
0
1 72
0
0
0
0
0
0
0
1 50
1 11
0
1 46
1 74
0
1 61
1 31
0
0
0
0
0
3 57 50 75
0
1 62
1 42
2 28 63
1 30
2 34 63
0
1 57
0
0
2 33 53
1 57
2 47 42
0
1 51
0
0
0
1 61
0
1 42
1 28
1 41
0
0
0
0
0
0
0
2 66 43
0
0
0
1 47
1 53
0
0
0
1 63
0
0
2 65 73
0
1 60
0
0
0
1 45
1 32
0
1 60
3 54 50 71
0
1 53
1 21
0
1 54
0
0
0
1 85
0
0
0
0
1 75
1 19
0
0
3 38 58 83
3 42 55 49
0
1 89
1 63
0
0
2 37 60
0
1 73
0
0
0
1 62
0
0
2 19 70
0
0
0
1 88
0
0
3 47 45 26
2 79 33
0
0
0
0
1 50
0
3 69 49 47
0
1 33
0
0
0
0
0
1 52
0
0
0
1 84
1 47
1 47
0
1 50
0
0
0
1 42
0
0
1 36
0
1 44
1 26
0
0
1 22
0
1 60
1 57
0
2 8 34
0
0
0
0
2 75 45
0
1 32
1 53
1 48
0
0
0
1 64
2 40 52
1 45
1 69
0
0
2 40 59
0
0
0
0
0
0
1 79
0
1 83
0
0
0
1 59
0
1 50
1 24
0
0
1 62
1 43
0
1 49
0
1 0
0
0
1 18
1 47
0
0
0
1 36
1 49
1 49
1 29
1 34
1 11
0
0
0
1 73
1 69
1 62
0
1 54
0
0
0
0
1 68
0
1 82
1 56
0
1 42
1 47
1 28
0
0
1 49
1 50
0
0
2 55 42
0
0
1 69
0
3 47 53 46
0
1 41
0
0
1 79
0
2 22 21
0
2 47 79
0
0
0
1 33
1 68
0
0
0
1 91
0
1 36
0
0
0
0
0
1 46
0
0
1 41
0
0
0
0
0
2 66 57
1 33
0
0
0
1 50
1 37
0
0
0
1 10
0
0
0
1 53
1 30
1 51
1 37
1 41
1 31
0
0
1 59
0
2 60 50
0
1 20
1 50
0
0
1 51
0
1 84
0
2 91 24
0
1 50
0
0
0
0
0
0
0
0
1 63
1 41
0
2 72 68
1 87
2 52 64
1 43
0
1 51
0
1 24
0
0
0
1 29
0
0
0
1 43
0
0
3 56 69 18
0
0
0
0
0
1 27
0
1 49
2 31 45
4 78 51 59 32
0
1 84
0
0
0
1 29
0
0
1 1
0
0
1 3
1 85
1 45
0
1 17
0
0
1 81
1 83
0
0
0
1 46
1 58
0
0
1 29
0
0
0
0
1 41
0
0
1 68
1 28
0
0
0
1 58
0
2 16 48
1 77
2 47 51
1 53
1 4
0
0
1 31
0
0
1 17
1 58
0
2 84 53
1 73
0
2 6 66
0
0
0
1 56
1 57
0
0
0
0
0
0
0
2 48 14
0
0
0
0
1 53
0
0
1 48
0
0
0
1 70
1 42
0
0
0
0
0
2 51 62
2 76 4
0
2 58 61
1 69
1 10
2 56 55
0
0
1 41
1 33
1 63
0
1 9
0
1 25
0
1 65
0
1 43
0
1 57
0
1 44
0
1 19
0
0
0
1 49
1 86
3 57 93 73
0
0
0
0
0
0
2 48 53
0
1 40
1 58
0
0
0
0
1 62
3 30 76 38
1 62
0
0
0
1 46
0
1 75
2 50 70
1 54
3 45 50 28
1 59
1 72
0
0
1 20
0
0
1 71
0
1 20
0
0
0
0
0
0
0
1 82
0
0
2 13 87
0
1 27
1 42
0
0
0
0
0
0
0
1 9
1 38
0
2 19 2
1 72
2 27 48
1 52
0
0
0
2 41 43
2 42 34
0
0
0
0
0
1 36
1 57
2 54 72
0
1 63
2 30 48
0
0
1 52
1 68
0
0
1 17
1 58
0
0
2 9 67
0
1 70
1 22
0
1 70
1 57
2 32 71
2 26 63
0
2 47 72
1 21
0
0
1 65
1 54
0
1 40
2 53 76
1 34
0
1 23
1 52
0
0
1 47
0
0
1 29
0
1 24
0
0
1 63
0
2 3 58
0
0
0
4 52 56 30 56
0
0
0
1 16
2 34 43
1 27
2 53 51
0
0
1 52
0
0
0
1 72
0
2 24 19
1 65
0
0
0
0
0
1 51
1 47
1 41
2 44 75
0
1 42
1 65
1 39
0
2 32 21
0
2 63 27
0
0
0
1 40
1 71
1 64
1 21
0
0
0
1 40
0
1 48
0
1 76
1 34
1 52
0
1 51
0
0
2 66 40
0
0
1 53
0
2 71 33
0
1 41
0
0
2 12 54
0
1 59
1 28
0
0
2 17 69
0
0
0
3 86 42 75
0
0
1 46
3 42 57 61
3 60 65 16
0
0
0
0
1 26
3 73 55 44
0
1 54
1 31
1 44
1 29
0
1 33
1 31
1 16
2 87 23
0
0
3 70 52 49
0
1 51
1 54
0
1 58
1 53
2 83 40
0
0
2 47 80
0
0
0
1 46
1 36
0
1 74
0
0
2 43 59
1 62
1 63
1 63
0
0
1 77
2 39 33
2 5 48
1 62
1 47
0
0
1 39
0
1 11
0
0
0
0
1 53
2 37 64
0
0
2 78 19
0
1 49
1 45
0
2 59 46
1 45
0
1 39
2 66 52
0
2 44 65
1 55
1 54
1 77
2 64 45
2 90 75
0
1 17
0
1 55
0
2 42 33
3 23 24 61
0
2 48 17
1 53
0
1 27
0
1 69
0
0
0
0
0
0
0
1 46
6 53 82 68 24 31 46
1 39
1 74
0
1 25
0
0
1 81
0
1 32
1 48
2 60 62
1 68
0
0
1 50
1 43
0
1 21
3 38 55 16
0
1 85
3 77 45 28
1 6
0
0
1 37
2 74 36
1 44
2 41 49
1 62
1 43
0
3 18 26 41
0
0
1 92
0
2 80 41
2 54 55
2 78 48
1 24
0
1 33
0
1 53
1 69
0
0
1 22
0
4 46 56 51 77
3 92 38 13
0
1 57
0
2 59 42
3 70 32 62
0
1 38
1 55
1 92
0
1 22
1 79
1 34
1 36
1 54
1 42
0
1 51
2 68 53
1 47
2 58 12
0
0
1 31
1 42
0
1 44
0
2 45 30
0
1 23
2 45 34
3 36 40 63
2 47 57
2 54 57
0
1 26
1 25
1 52
0
0
2 28 62
4 52 59 20 43
1 9
0
1 50
0
0
1 54
1 66
1 51
0
0
1 41
1 67
0
1 0
2 47 33
4 33 72 76 29
0
1 41
1 5
2 67 64
1 45
0
1 58
1 82
0
0
1 45
2 63 49
1 31
1 24
1 62
1 91
2 36 45
1 57
2 48 50
0
1 34
1 52
0
1 41
1 84
2 52 63
2 28 43
1 39
2 30 47
0
2 75 45
1 97
4 58 48 70 51
1 53
1 57
1 77
1 38
1 49
2 27 35
0
2 61 72
0
1 17
1 39
1 18
1 33
1 53
0
0
1 85
1 80
1 81
0
0
1 51
2 85 79
2 74 45
0
2 38 81
0
3 24 51 28
0
2 84 51
0
0
5 55 41 65 27 33
0
2 76 65
0
1 62
2 60 4
2 56 78
1 24
1 27
0
3 40 1 60
0
2 64 77
1 58
0
0
1 48
3 23 20 43
0
2 33 38
0
5 24 77 30 35 7
0
2 45 80
2 40 37
0
0
3 53 79 64
2 70 63
1 77
1 55
0
1 43
0
2 57 34
1 40
1 58
0
1 30
0
2 59 40
0
1 66
3 50 93 38
0
1 24
0
3 82 54 36
1 33
1 58
3 49 71 37
2 72 29
2 13 76
1 54
1 24
2 28 59
2 47 44
1 18
1 48
0
1 62
0
0
1 56
3 36 50 53
3 66 38 64
0
0
1 75
0
2 23 55
2 62 24
2 41 64
1 45
1 67
1 51
0
0
0
2 40 41
3 41 54 63
0
1 51
1 18
1 72
3 44 40 77
0
0
3 70 52 31
1 33
1 38
2 59 54
1 27
0
3 63 41 75
1 35
3 40 63 48
2 6 4
1 41
3 76 14 93
2 26 50
3 74 43 43
5 72 46 85 64 54
3 71 28 66
0
0
2 27 29
3 46 37 56
2 27 43
0
2 72 78
0
1 67
0
0
1 63
3 93 21 59
1 66
2 12 70
0
0
0
1 55
0
0
3 37 46 22
0
4 28 20 41 80
0
0
0
3 23 58 33
2 66 39
3 73 78 85
0
1 52
1 40
1 86
4 65 71 80 84
1 69
3 41 51 39
2 88 59
0
1 53
3 15 69 46
1 29
2 49 43
2 47 49
2 38 27
2 73 40
1 57
2 33 40
0
0
3 51 21 50
3 74 57 28
4 88 50 33 72
0
1 74
1 59
1 52
0
0
2 61 37
1 31
0
2 76 54
0
1 42
1 72
2 19 58
2 34 27
1 61
2 65 60
0
1 47
3 72 29 14
1 21
0
2 60 58
1 46
1 44
0
2 39 71
1 57
0
6 0 71 39 70 58 56
3 91 46 91
1 56
2 51 41
1 69
0
0
2 76 46
2 54 55
1 66
2 54 31
0
2 82 25
1 61
4 78 26 27 55
2 35 25
1 35
0
1 52
6 42 62 20 47 37 70
2 75 15
1 62
2 74 41
4 24 24 53 92
1 45
1 26
0
3 44 73 60
4 100 43 65 58
4 68 43 68 31
2 30 29
2 58 77
1 29
3 38 21 54
0
0
1 92
3 68 63 71
2 61 43
1 59
2 50 45
0
2 1 58
0
2 94 67
0
2 90 35
1 69
1 70
1 45
0
2 70 71
2 76 14
3 32 36 86
0
4 54 40 54 65
1 46
3 62 78 37
2 57 49
2 21 39
2 42 37
2 46 53
0
2 60 68
1 86
0
1 57
3 16 36 26
0
1 18
0
2 61 54
2 54 51
1 79
1 8
2 62 66
1 43
3 34 44 32
4 45 84 82 55
2 81 63
2 48 40
2 63 29
1 53
1 55
1 57
2 51 61
2 39 51
4 56 84 51 47
0
0
2 60 59
1 56
3 61 32 51
1 26
2 77 19
1 33
2 43 42
1 37
1 32
0
3 46 37 61
2 49 53
1 13
0
2 84 29
0
4 46 52 35 45
1 44
2 62 45
1 52
2 20 61
1 33
4 63 60 67 73
1 22
2 48 65
0
0
3 64 63 48
3 19 37 83
1 71
0
2 81 42
3 70 13 82
2 68 46
2 13 21
2 70 62
2 28 49
4 26 65 41 59
3 31 47 49
3 52 40 44
1 41
1 47
1 57
1 54
1 58
1 33
3 63 54 47
1 66
2 61 26
2 50 19
0
0
0
1 18
3 7 24 49
3 32 45 37
5 67 89 23 31 55
1 7
0
2 35 49
2 54 22
2 63 40
2 64 61
0
1 17
3 68 57 32
1 74
2 40 80
0
2 45 50
2 32 43
1 44
2 29 57
3 37 34 70
3 78 60 45
0
1 77
3 46 31 47
1 19
2 70 33
3 75 45 33
3 60 54 55
4 35 53 72 48
1 70
0
1 46
2 32 54
1 32
2 62 51
5 44 66 39 66 45
1 52
3 81 59 35
2 7 57
2 68 40
1 53
2 35 55
1 44
1 47
2 32 27
2 71 61
2 27 63
2 25 74
3 53 11 72
1 53
3 38 70 34
0
1 58
1 77
1 32
3 40 52 79
2 46 33
2 48 30
2 36 43
3 73 38 46
3 47 72 46
1 51
1 23
2 51 68
3 68 37 77
3 28 26 50
2 49 59
2 66 21
0
1 4
4 34 37 44 7
3 39 21 49
3 44 40 62
2 48 33
1 49
1 66
2 57 22
1 50
2 33 39
1 37
2 38 57
2 26 30
2 58 27
1 29
2 41 45
3 41 39 46
2 19 76
0
0
2 51 5
5 63 35 92 54 76
0
1 51
3 43 51 66
1 41
1 26
1 44
2 64 51
1 57
2 73 66
1 43
1 52
4 22 13 39 65
1 64
0
1 33
4 32 26 60 23
2 57 80
4 71 63 47 70
2 61 32
1 48
1 4
1 62
1 27
2 74 95
0
2 28 77
4 65 42 69 68
1 36
1 81
4 55 98 36 61
3 22 62 53
0
2 52 49
1 83
0
2 33 69
2 39 60
2 36 60
1 82
2 36 77
2 37 14
2 70 35
3 10 56 32
4 35 44 69 16
2 65 35
3 26 3 36
2 27 34
3 41 39 67
1 57
4 60 55 46 20
0
2 46 41
1 31
4 36 61 26 49
4 58 47 54 73
2 56 42
2 31 68
1 68
0
0
1 26
5 30 49 74 54 57
1 33
1 55
0
3 24 50 9
2 27 34
2 25 40
1 31
4 82 49 22 61
2 38 45
1 48
3 64 56 61
2 40 49
2 31 31
1 44
2 45 71
3 21 77 18
0
4 19 36 78 62
4 66 19 64 10
1 54
0
0
3 41 28 64
1 25
4 40 72 15 48
1 83
4 40 67 68 99
2 79 71
4 76 46 40 44
0
0
7 26 46 40 51 72 21 59
4 42 74 45 51
1 43
1 77
4 72 31 49 56
0
2 58 49
5 25 60 54 40 11
3 66 62 35
0
2 53 45
1 35
1 86
4 59 52 38 66
2 16 56
5 16 51 71 2 84
2 69 66
0
4 45 54 68 43
3 34 48 86
4 45 64 13 49
3 5 66 74
2 49 55
0
3 72 62 54
1 29
0
1 68
1 61
4 38 59 29 73
1 93
1 21
1 22
1 63
3 79 41 48
3 59 73 60
3 44 46 60
2 49 60
3 39 45 53
2 73 30
1 41
4 64 32 60 59
0
3 73 68 74
2 57 34
3 47 73 56
2 53 26
5 55 60 7 52 20
1 36
2 44 66
4 81 65 88 38
2 54 57
1 61
1 36
1 26
4 57 56 54 82
2 60 47
2 48 26
1 68
2 42 59
1 67
0
2 63 52
0
2 62 57
4 51 39 70 52
1 45
1 30
3 72 79 54
0
1 75
2 26 57
0
3 82 80 57
3 43 51 38
2 37 65
2 68 54
2 42 33
1 27
1 70
5 55 66 72 71 48
2 41 43
3 49 68 35
2 49 12
4 52 48 73 79
2 87 30
2 40 51
3 51 32 75
1 81
3 34 40 70
6 29 40 22 85 36 72
1 65
3 72 36 64
1 41
2 27 65
1 29
0
1 41
6 69 37 35 62 34 14
3 56 29 52
3 35 67 55
6 82 57 65 94 59 79
0
1 46
1 84
1 58
1 25
4 70 59 39 53
4 68 75 28 31
5 64 59 31 79 30
0
1 23
0
2 51 82
4 32 68 42 59
1 34
2 60 21
1 63
3 8 59 28
2 46 33
2 80 33
1 28
4 14 68 31 43
2 54 8
2 26 48
3 46 58 23
0
3 18 57 87
1 79
2 26 61
4 72 22 44 27
2 59 9
2 64 44
2 61 46
2 63 46
1 30
2 75 42
2 20 46
2 43 7
4 23 47 54 3
3 15 78 99
1 42
5 39 66 41 41 93
2 19 33
2 36 35
2 50 60
2 46 38
2 62 46
1 74
4 59 61 36 50
2 75 49
2 58 39
0
5 41 63 33 46 47
0
1 38
1 69
2 46 44
3 69 66 25
5 55 54 96 40 73
3 87 33 57
3 19 66 64
5 85 44 70 69 37
2 84 26
2 25 54
1 61
5 51 49 86 55 79
1 34
2 80 62
2 34 42
1 32
0
2 75 27
2 34 44
4 30 47 45 99
3 35 29 62
0
4 62 40 65 58
5 41 63 54 32 36
2 49 90
1 20
1 50
0
2 69 57
2 9 46
4 52 59 57 40
2 69 14
0
2 80 79
2 35 69
4 28 82 59 10
4 31 48 59 57
2 30 60
3 61 42 74
3 13 55 40
0
1 62
1 52
2 66 57
4 54 75 60 52
1 75
4 92 67 46 46
3 59 57 38
5 60 43 66 75 27
3 45 42 44
3 16 26 39
3 56 38 48
3 35 7 50
3 31 79 41
2 61 11
3 76 35 23
1 39
0
4 25 68 77 54
3 55 46 49
3 46 63 39
3 63 46 54
0
1 88
3 51 66 78
0
1 43
2 41 42
1 38
2 60 31
1 56
2 73 34
2 51 64
3 66 50 46
4 48 84 50 64
4 64 59 60 48
0
2 53 79
5 78 46 40 18 56
1 33
6 69 30 70 7 24 70
3 27 38 25
2 66 53
4 63 46 48 25
4 54 96 41 72
3 36 45 40
1 31
1 49
2 48 38
2 62 46
4 52 51 46 17
3 67 43 55
2 41 16
2 39 71
1 47
2 7 46
2 45 12
4 11 7 46 40
1 68
4 70 21 45 41
3 43 68 15
0
4 66 44 68 57
2 66 51
1 39
0
1 68
0
1 19
6 32 58 83 33 29 66
2 31 71
2 49 35
2 42 45
1 73
2 18 39
4 48 59 25 62
1 91
4 54 31 63 47
7 68 55 37 43 33 9 55
0
2 32 37
3 67 100 58
0
0
2 64 85
4 45 65 66 22
0
1 48
6 48 79 19 37 47 48
2 37 38
1 55
3 36 39 68
6 88 29 68 78 50 71
4 72 35 81 37
4 34 75 60 31
3 47 54 47
2 35 9
2 49 14
0
0
3 43 67 49
5 33 57 66 20 67
1 33
2 88 46
5 11 60 9 59 8
1 72
3 94 76 61
3 57 65 32
0
3 28 33 43
5 52 54 26 74 92
3 64 41 75
3 66 44 72
4 69 57 73 65
2 38 44
2 29 44
4 77 64 52 25
0
0
0
4 14 69 46 37
2 62 47
3 29 47 41
3 42 20 36
2 42 57
0
1 23
1 35
3 61 12 49
1 47
2 37 47
6 20 57 77 45 9 31
1 23
5 89 45 52 57 20
1 21
4 35 52 30 14
5 59 62 61 77 58
2 43 41
2 28 59
1 27
1 62
3 81 31 33
1 92
2 24 56
2 49 29
0
5 34 26 63 80 47
1 77
1 42
0
3 41 23 29
3 36 57 52
0
3 48 58 56
5 44 65 89 59 32
5 54 24 82 80 49
3 36 44 65
2 46 47
2 51 17
3 35 77 10
2 32 38
1 40
2 65 55
4 52 62 74 40
1 55
6 26 52 58 69 59 18
1 77
5 74 14 33 54 51
2 60 40
2 46 34
5 53 65 55 54 68
2 39 35
5 44 57 61 15 44
3 62 49 80
3 64 67 37
3 52 53 56
1 46
3 69 58 66
3 62 39 17
1 46
1 45
2 47 38
3 26 47 17
1 45
1 52
1 55
1 24
2 71 56
1 65
1 41
0
1 81
3 49 54 47
3 41 34 65
0
5 98 50 33 56 20
3 33 52 52
3 13 51 53
4 70 42 54 55
2 53 53
2 74 37
3 41 50 59
2 75 79
6 29 57 76 79 56 34
2 47 41
4 41 73 42 84
3 55 70 45
1 38
4 29 42 48 39
4 78 41 56 67
3 46 65 46
2 52 37
1 40
3 68 68 15
5 11 41 65 39 72
1 99
5 35 56 30 47 52
6 56 6 61 37 38 36
3 47 46 46
1 35
4 55 51 43 53
1 72
3 53 54 63
4 54 53 80 18
2 44 42
2 59 57
0
1 52
1 75
3 39 48 45
4 42 47 27 47
3 36 16 58
3 12 62 72
1 41
2 39 36
3 77 54 46
1 49
2 40 46
5 31 93 68 65 79
3 25 60 56
1 64
1 58
3 78 72 53
0
0
3 59 44 65
1 53
2 35 48
2 89 44
1 33
4 73 85 48 30
2 90 46
5 51 51 50 62 8
0
3 30 72 75
1 45
0
3 52 63 42
4 47 59 48 67
4 49 41 46 35
4 63 88 64 53
4 31 60 34 51
0
1 57
0
2 72 33
1 24
2 57 59
0
3 25 20 29
3 15 20 24
3 37 65 70
4 13 65 37 53
1 55
4 48 42 61 87
5 38 49 58 62 53
2 53 66
1 37
3 54 37 70
4 81 42 50 70
2 66 57
3 38 43 62
5 30 66 12 36 25
6 34 71 40 95 29 36
4 70 70 32 46
3 45 21 27
1 49
1 8
3 61 37 50
0
1 49
0
4 44 64 64 12
5 77 14 32 57 22
4 53 37 57 88
4 74 34 55 54
4 54 45 77 31
2 51 40
2 45 93
3 47 84 46
6 46 44 58 62 61 79
3 75 88 35
1 59
1 54
2 32 44
3 49 63 48
1 73
4 55 43 53 39
2 47 79
0
2 6 78
8 25 41 54 58 47 43 63 70
5 92 31 39 49 82
0
1 65
2 50 14
2 30 38
2 65 42
0
3 21 36 16
4 30 96 54 64
2 45 38
1 62
1 85
1 43
4 34 53 23 52
2 45 34
0
2 53 52
5 27 21 56 97 69
2 44 74
4 1 55 33 38
4 46 58 63 37
3 38 2 63
5 23 14 14 75 50
4 51 31 27 19
5 38 45 36 62 4
3 27 59 67
2 93 44
3 82 43 57
2 62 57
1 63
1 31
2 69 31
1 25
0
0
3 80 76 49
1 41
1 60
1 57
1 35
3 63 41 71
4 48 60 81 47
1 75
2 42 31
2 68 50
3 89 30 23
3 72 25 51
3 37 65 68
1 59
4 71 45 66 65
2 11 56
2 46 47
5 55 52 70 34 64
2 43 80
5 62 57 25 19 58
2 63 73
2 44 91
7 51 38 26 33 68 86 61
3 47 35 52
2 12 90
4 50 52 68 53
0
1 66
2 39 53
2 34 24
1 73
1 6
3 36 28 16
2 53 67
3 16 43 51
4 71 22 67 81
1 56
4 60 34 67 64
2 53 61
2 37 47
3 40 33 45
5 33 36 30 47 58
6 35 24 36 21 63 30
2 73 28
2 45 73
3 60 27 27
1 71
2 75 72
6 22 81 84 49 65 41
4 69 20 68 34
2 43 42
2 43 31
2 18 31
2 64 50
5 37 37 60 90 42
4 46 15 71 97
2 66 42
0
4 37 13 36 45
3 44 44 67
1 22
4 35 76 76 47
1 57
2 89 59
1 78
2 40 49
1 52
3 41 67 57
4 41 76 53 45
3 91 66 56
6 26 15 55 58 24 76
3 60 8 45
2 48 67
1 52
1 44
4 89 88 50 38
1 51
2 43 50
5 29 13 77 13 41
2 53 46
1 37
7 54 75 42 73 92 69 40
3 9 64 60
3 47 43 39
4 43 22 57 59
2 22 43
3 86 83 32
0
2 48 64
4 61 56 59 77
2 87 82
2 24 51
1 8
4 63 60 14 70
1 57
2 71 76
3 64 56 32
0
2 26 83
2 59 40
1 67
2 38 46
1 66
2 36 58
0
2 57 58
2 26 68
2 62 11
7 67 30 83 66 38 23 70
2 51 57
4 44 70 43 41
2 45 92
2 31 81
3 37 36 36
1 37
2 71 74
1 55
0
3 21 62 30
3 59 40 79
1 52
3 59 47 44
2 66 83
3 73 45 3
8 27 32 29 51 39 89 54 25
2 63 23
2 37 51
1 48
2 65 52
3 25 77 13
3 51 56 18
4 79 75 49 73
5 41 74 50 59 60
6 72 44 51 29 70 34
2 42 66
2 38 22
3 56 55 50
1 62
1 67
2 41 17
2 76 74
2 19 71
3 53 76 69
1 75
2 48 73
1 28
6 21 56 23 37 54 3
2 33 40
3 67 38 33
4 83 30 25 77
3 77 59 27
