3600 4
0
2 18 25
1 42
2 52 37
1 43
0
2 43 61
4 32 53 72 71
1 74
1 48
2 92 42
1 55
0
0
1 46
2 31 56
1 27
0
2 57 39
2 29 49
0
1 55
1 43
1 67
0
1 36
1 71
1 57
3 55 28 69
3 66 43 8
0
1 53
2 65 46
2 67 81
2 59 68
1 29
2 28 55
1 29
1 0
1 51
0
0
3 61 26 65
0
1 34
1 40
1 46
2 26 67
0
2 36 81
2 64 66
1 87
2 65 46
0
0
2 25 76
1 46
0
5 61 56 28 42 43
1 84
0
0
1 24
2 61 18
3 38 39 36
0
1 33
1 77
1 74
1 47
1 30
0
1 50
4 45 71 65 66
1 65
1 47
2 62 74
2 48 88
1 30
1 40
2 42 75
3 38 43 45
2 100 71
2 35 81
2 59 53
2 74 59
1 39
3 45 7 48
2 38 77
0
0
2 46 48
2 45 67
1 83
0
0
1 54
2 76 52
0
3 52 52 23
1 96
2 56 74
1 37
1 59
2 58 61
4 43 41 70 39
1 24
0
0
0
1 73
3 35 56 88
2 59 45
0
1 6
1 33
2 79 35
0
3 66 75 58
0
1 33
3 60 38 57
0
0
1 86
4 67 28 42 57
3 54 6 44
3 74 17 80
1 76
1 53
0
3 53 72 60
1 66
1 50
2 28 30
1 46
2 73 90
2 35 61
1 65
2 31 15
1 49
1 28
3 49 17 62
1 28
1 29
2 30 48
0
1 73
1 34
0
1 58
2 39 43
2 44 42
1 31
3 30 19 30
2 89 41
1 47
1 61
1 67
3 57 49 26
0
1 84
3 46 35 59
1 62
3 74 52 57
2 57 15
0
0
2 64 79
2 42 33
4 37 95 54 48
1 29
2 46 54
0
1 41
2 46 56
2 71 37
4 42 70 4 40
1 58
0
0
0
1 84
1 47
1 32
3 92 35 61
2 47 35
0
5 73 58 54 29 76
3 60 15 63
0
0
2 79 48
1 86
1 52
0
2 51 33
0
4 48 53 42 73
1 18
3 69 77 82
3 74 55 46
2 42 70
3 60 55 40
5 48 34 54 67 19
1 67
2 35 61
2 67 54
3 57 47 69
0
1 47
2 42 76
1 4
2 82 40
0
0
0
1 78
4 52 72 67 30
0
3 64 38 27
3 47 52 56
4 67 63 83 66
2 49 36
0
2 20 46
3 71 35 37
3 32 97 50
0
1 38
2 66 57
2 46 37
1 28
1 56
0
0
0
0
3 62 94 18
2 21 52
2 72 32
0
1 19
5 42 55 35 68 52
1 38
2 41 58
1 60
3 71 96 37
2 52 42
3 59 26 56
2 54 47
0
1 8
2 56 15
2 56 57
1 63
0
2 58 42
2 25 36
2 25 34
2 46 64
3 80 27 70
2 81 29
1 71
1 30
3 30 57 31
2 50 31
3 48 52 67
1 28
1 34
2 51 44
0
3 91 67 35
1 63
2 36 19
2 51 80
1 48
0
0
2 50 67
1 19
0
2 45 69
0
2 27 56
5 86 53 61 44 88
0
0
0
1 76
0
2 70 38
1 81
1 70
5 84 72 83 70 73
0
6 60 45 79 79 39 17
5 65 54 32 56 54
0
0
1 73
3 53 61 33
1 7
1 31
1 39
2 65 52
3 28 19 46
1 60
3 61 79 49
1 13
1 30
2 48 50
1 35
2 62 20
4 72 85 88 67
2 62 26
0
2 85 41
3 42 45 42
2 49 73
1 55
2 45 58
2 74 20
3 78 17 61
2 86 64
1 70
3 50 49 7
2 60 52
0
1 70
2 46 62
2 20 47
1 55
3 24 36 60
4 52 79 53 16
1 95
3 50 47 46
1 60
5 56 58 37 33 49
0
3 68 49 72
0
0
4 70 50 80 43
2 39 42
1 51
2 34 24
0
3 74 63 54
3 65 65 51
2 57 88
2 71 21
1 58
3 22 67 46
3 20 76 65
2 44 46
0
2 40 25
4 42 60 75 51
1 6
2 38 35
1 20
2 68 31
3 66 43 34
1 50
1 81
3 58 25 32
2 56 25
1 51
1 49
2 49 48
2 35 36
0
0
1 71
2 45 57
2 62 55
2 34 79
2 44 42
1 45
3 81 45 54
2 26 39
3 54 74 47
0
3 18 35 49
1 72
1 75
4 65 47 59 85
0
2 85 92
1 7
0
2 51 78
2 16 80
4 91 42 39 34
3 99 56 18
2 37 63
2 14 34
3 67 58 29
1 77
1 63
1 79
3 45 22 10
2 57 66
2 94 41
1 51
3 91 36 38
2 42 66
2 42 38
3 59 20 41
2 50 80
2 50 28
2 8 46
6 31 54 32 24 18 53
2 65 85
4 41 54 24 13
1 38
3 29 58 71
1 16
3 40 30 100
2 76 73
3 34 37 80
0
1 31
2 34 24
2 25 42
1 44
2 39 62
3 77 39 27
3 76 22 38
4 29 69 62 17
0
2 60 55
1 61
2 25 64
2 70 61
3 40 87 40
2 14 25
2 24 70
1 84
2 57 50
4 84 20 47 56
4 22 48 68 42
0
2 70 37
0
1 77
3 69 39 41
3 54 33 8
1 78
1 58
0
1 43
2 45 40
1 79
2 39 14
2 47 54
1 65
2 44 38
5 67 53 63 61 52
2 27 66
2 40 60
2 27 49
4 66 30 37 58
0
2 27 73
2 43 40
0
2 89 54
1 54
2 58 20
0
4 30 38 63 37
4 63 48 44 67
3 53 51 69
2 51 5
3 58 55 68
2 74 90
2 64 63
2 50 57
1 78
2 62 50
1 54
4 86 88 46 82
2 49 73
1 16
2 75 13
3 71 71 53
4 10 57 21 39
1 51
1 58
3 18 55 42
4 79 68 34 50
3 76 32 66
1 63
1 53
1 37
0
3 55 63 0
0
2 43 73
1 50
3 45 46 13
3 69 42 37
0
1 63
1 39
1 12
2 42 62
0
5 45 20 34 20 33
1 69
0
3 15 0 51
4 40 34 52 82
3 92 61 20
3 7 24 56
5 54 64 30 44 49
0
2 69 59
1 75
3 38 64 64
2 64 68
2 59 29
4 17 99 56 25
5 89 20 46 58 34
2 73 7
1 37
1 57
1 41
1 28
1 57
5 30 75 52 33 60
2 46 56
4 52 41 56 33
1 9
2 51 41
3 25 58 41
2 70 58
2 63 15
5 82 66 17 44 17
3 41 36 35
1 61
1 55
1 68
5 58 69 39 76 41
2 77 60
3 50 60 26
3 30 66 40
2 64 75
1 37
1 38
3 44 41 60
1 26
3 28 55 70
4 89 75 53 74
1 58
1 61
1 62
4 15 50 62 51
0
3 45 61 35
0
2 28 46
0
3 32 60 24
1 66
1 54
2 54 68
0
0
3 57 27 58
1 36
5 54 66 13 51 24
1 22
2 41 24
1 48
3 32 16 74
1 39
4 54 50 59 61
2 36 22
4 13 52 75 29
2 56 42
3 76 39 57
1 45
2 18 17
2 24 44
3 63 71 17
3 37 21 58
1 60
4 44 54 38 50
3 61 62 43
4 75 85 43 78
2 48 49
3 48 17 80
3 65 56 29
2 14 64
1 11
3 30 69 88
4 57 35 72 27
6 52 68 61 61 54 71
3 53 26 79
3 28 67 24
0
1 80
2 12 22
2 48 19
2 30 19
1 64
2 26 40
3 43 27 40
0
2 42 52
0
0
2 70 75
2 65 48
4 55 58 72 41
3 36 16 61
2 21 44
1 45
2 46 45
4 60 54 39 59
2 69 67
1 55
6 76 69 25 61 40 39
2 66 15
2 47 60
2 14 59
2 50 90
2 32 41
3 74 53 93
1 64
1 37
1 41
1 35
3 56 72 39
2 80 45
2 23 76
3 55 39 37
7 36 31 41 51 21 32 40
0
1 42
3 63 44 37
5 80 58 37 74 58
3 57 53 38
1 29
1 60
1 43
5 92 83 50 32 62
1 35
4 50 49 61 81
1 61
3 14 36 57
2 80 24
4 31 42 87 57
1 31
1 38
3 81 57 60
2 42 38
2 83 51
1 83
5 24 65 80 63 64
1 22
2 34 84
2 59 61
0
4 54 62 40 34
3 74 39 40
0
2 51 53
1 76
3 32 69 53
3 56 49 47
0
7 45 51 49 21 50 76 34
0
1 45
3 39 34 22
1 39
1 50
6 54 17 62 59 36 38
4 78 66 33 26
1 59
1 69
1 77
4 68 66 62 61
2 68 54
3 76 59 46
3 55 37 25
1 33
4 28 18 63 56
1 62
3 52 92 20
2 23 56
1 43
3 24 46 48
3 56 72 59
1 36
3 65 54 12
5 37 18 81 53 37
1 60
2 26 59
0
1 66
0
0
3 62 66 21
3 65 1 73
10 42 50 30 31 95 38 48 50 49 59
0
6 37 24 38 34 58 24
0
1 21
5 38 21 61 51 81
0
4 70 62 59 40
4 84 58 38 64
4 80 26 69 43
2 51 67
1 15
1 41
2 54 55
2 43 37
2 45 30
5 60 67 48 58 53
1 43
1 64
3 83 57 90
3 45 53 61
2 75 16
3 65 74 81
3 47 73 55
2 44 52
3 21 50 94
0
3 72 80 40
3 42 69 40
2 34 39
5 62 66 37 31 28
2 65 53
2 48 58
4 9 24 37 58
2 31 92
4 44 68 37 35
5 71 48 48 68 90
3 30 71 50
1 56
3 62 37 52
2 35 59
2 51 70
3 8 37 50
2 40 32
1 24
2 27 33
4 43 49 49 44
1 65
0
3 45 54 54
2 33 54
0
2 55 46
4 51 14 54 16
1 54
4 57 31 67 68
2 45 59
4 63 50 45 54
2 55 23
3 56 62 75
0
0
2 53 34
4 75 25 60 59
2 51 31
1 72
2 92 92
0
3 39 55 16
1 42
3 10 56 37
2 51 45
2 42 69
2 54 48
5 44 47 42 96 33
3 47 50 51
3 51 78 22
3 77 64 59
3 70 22 56
0
3 59 41 70
0
3 8 66 75
1 55
2 55 67
0
3 43 49 15
4 91 23 60 66
1 22
5 36 31 10 63 49
4 44 55 38 52
5 22 53 53 27 44
2 23 29
2 25 72
3 27 80 48
1 43
3 35 68 89
5 68 46 73 4 78
1 26
1 44
3 41 50 31
4 62 12 13 37
3 39 79 43
0
4 73 21 61 75
4 71 48 85 72
3 53 57 60
4 82 35 23 39
2 58 53
2 43 67
5 50 34 70 36 20
0
2 80 63
6 69 42 66 85 38 56
1 35
2 37 66
2 44 45
1 65
1 58
3 19 61 42
4 39 56 55 54
3 43 57 56
3 67 36 74
2 25 62
4 40 77 34 43
1 32
3 55 37 47
2 65 62
3 35 39 69
0
5 54 44 12 46 10
0
2 9 57
1 18
1 62
2 67 46
0
2 65 42
3 29 41 57
5 72 6 43 41 32
2 74 22
1 50
1 44
4 79 54 46 36
2 65 54
2 22 60
3 79 19 61
0
1 57
2 66 64
3 49 48 34
6 33 45 19 35 35 41
2 29 45
3 28 46 59
1 37
3 37 44 39
2 72 32
6 44 34 39 82 32 43
0
4 63 61 52 37
1 65
3 41 25 57
1 57
6 70 38 19 13 49 81
2 45 81
1 45
3 15 72 65
4 10 24 26 74
1 4
1 49
4 39 65 70 60
1 37
5 66 58 68 41 43
3 47 50 37
1 59
4 40 50 70 72
2 70 69
3 28 16 65
4 16 71 29 28
3 71 56 72
2 49 10
1 92
2 77 38
2 52 76
3 62 51 51
1 27
2 74 55
1 64
1 77
1 34
1 44
4 66 74 80 76
7 54 42 58 58 50 45 42
5 49 6 50 54 60
4 48 40 77 57
2 50 55
1 26
2 16 38
2 5 71
2 35 59
4 48 43 47 44
0
5 53 41 47 41 55
0
1 47
2 59 53
3 60 17 54
2 25 34
4 53 28 45 13
3 65 59 37
2 64 25
1 54
6 55 37 36 38 52 58
1 50
3 52 31 30
0
2 57 36
3 27 34 48
0
3 35 30 73
3 55 32 54
2 51 31
2 20 54
5 49 22 58 52 35
3 62 7 33
1 44
1 30
6 59 23 52 65 28 44
2 20 41
3 42 87 31
2 38 67
5 87 56 80 47 47
1 37
2 63 69
1 32
2 66 37
0
5 48 80 40 56 62
3 34 62 35
2 48 24
3 68 70 93
5 18 58 34 51 28
1 46
2 41 33
5 65 17 23 49 74
3 48 35 51
2 34 61
0
3 50 23 60
2 70 44
2 37 2
3 51 61 51
1 34
1 41
5 59 63 44 48 50
1 49
2 73 38
6 65 51 20 58 63 11
2 53 51
2 62 48
4 64 47 59 43
5 42 39 57 56 65
3 43 77 49
5 4 49 59 40 39
3 53 23 59
4 71 35 51 92
1 23
4 85 55 39 23
3 47 50 57
0
1 36
2 66 74
2 40 82
1 55
3 70 36 32
6 35 47 45 25 42 39
2 46 24
1 61
5 48 29 49 54 66
1 17
1 22
0
0
2 73 29
1 59
3 69 62 44
0
4 64 34 86 42
0
0
1 55
6 80 23 38 54 66 39
4 89 72 47 49
1 21
2 4 61
3 37 56 75
3 40 39 28
2 48 34
1 50
6 80 77 68 28 41 56
3 53 22 55
5 39 45 40 67 17
2 71 40
2 84 61
2 45 56
2 37 32
3 51 52 71
4 23 62 50 36
2 51 44
2 33 23
2 47 31
3 75 74 32
2 42 59
0
3 48 40 64
3 65 21 32
3 46 52 59
2 50 87
4 30 12 55 33
2 64 63
3 50 41 43
3 62 30 35
3 76 34 78
3 51 27 71
3 62 63 67
1 69
0
1 47
3 51 62 22
1 65
4 51 63 62 47
3 27 40 35
4 56 37 60 66
1 48
5 52 53 32 40 51
3 8 19 43
3 58 80 55
4 32 82 55 30
2 44 28
1 19
7 50 72 68 7 63 53 37
3 70 56 95
0
2 79 77
4 49 60 28 49
3 43 53 74
1 96
3 51 25 35
3 56 29 92
2 71 76
2 54 31
1 25
2 36 71
3 31 52 29
3 60 55 82
2 17 58
2 42 65
0
2 43 49
2 23 30
3 43 34 52
2 72 49
2 37 20
4 64 61 89 30
4 30 31 44 81
1 32
1 61
1 55
1 45
3 26 20 26
3 41 75 70
6 59 76 72 47 52 54
2 67 29
2 67 57
1 32
5 51 31 66 49 28
3 45 52 68
2 43 61
3 47 53 35
2 38 75
3 27 44 62
2 54 40
0
2 34 32
0
3 74 54 53
2 13 49
4 56 52 67 16
5 66 31 77 59 67
0
0
0
2 19 39
5 50 64 36 23 31
4 31 67 45 66
3 94 49 21
2 61 35
4 13 39 33 74
8 43 52 35 51 94 62 39 43
1 83
3 49 19 66
4 49 43 70 38
2 68 48
3 53 91 29
2 31 59
3 32 56 57
0
2 42 60
4 44 86 49 86
3 61 65 88
3 53 58 23
1 45
1 22
7 52 28 8 30 47 29 66
2 77 42
2 51 14
3 63 26 41
3 64 70 40
0
2 7 73
1 37
3 44 61 53
2 28 72
1 52
1 58
4 30 45 56 41
3 64 19 42
2 45 56
3 27 16 33
4 67 64 67 35
4 58 61 40 31
2 78 48
2 67 47
4 47 68 58 90
1 30
2 31 23
0
4 42 56 67 47
3 53 63 67
4 37 64 58 79
1 23
3 24 61 39
0
5 60 47 71 47 52
3 64 52 36
2 34 33
5 14 31 46 50 75
1 70
4 42 5 47 52
0
4 56 83 54 65
1 74
2 37 52
5 32 63 86 71 14
4 55 62 58 68
1 24
3 45 77 56
5 39 52 73 76 48
1 52
2 33 70
0
3 64 91 37
1 35
3 12 46 46
4 75 42 50 59
0
0
1 42
0
3 53 67 22
6 51 83 59 77 50 35
4 69 40 38 40
6 18 52 62 52 36 28
7 61 53 57 75 33 85 59
3 67 29 56
2 78 50
0
2 42 38
5 11 43 79 40 74
1 48
1 31
1 43
2 44 36
2 57 62
1 30
4 58 83 47 55
2 66 20
2 41 46
2 11 66
5 56 56 11 27 46
5 44 59 62 30 72
1 44
3 49 70 30
1 48
2 27 64
2 63 38
1 54
4 62 71 53 31
2 36 27
1 62
1 32
3 55 76 42
2 64 58
2 73 85
1 72
1 51
3 55 75 89
1 65
5 88 58 63 73 32
0
3 41 25 58
3 64 36 41
1 86
3 49 44 52
2 51 57
6 53 34 25 48 25 51
3 22 38 51
4 14 76 57 37
3 58 51 48
4 36 48 54 88
4 53 40 80 40
2 67 50
3 53 29 64
2 13 68
3 44 20 63
3 47 15 85
3 44 39 46
3 92 28 53
1 84
1 44
2 66 19
3 40 54 39
4 94 45 65 57
3 39 43 63
3 54 84 32
5 31 61 63 59 15
0
3 80 44 64
5 56 37 17 66 66
4 38 47 41 78
3 47 17 88
1 20
1 51
0
3 21 49 37
0
1 54
1 53
2 61 66
1 53
6 23 39 54 21 42 53
6 59 74 45 52 20 35
2 25 62
0
5 14 49 74 75 66
4 39 40 44 32
2 59 53
2 54 48
4 42 43 33 36
4 31 71 30 70
2 25 45
4 57 45 46 74
0
0
2 40 39
4 65 58 27 14
0
3 53 77 57
0
2 63 78
2 97 12
1 40
3 52 21 90
2 44 23
3 28 66 43
2 69 64
2 16 54
4 62 61 43 58
1 22
1 40
3 41 82 25
2 39 45
4 26 33 92 65
3 31 36 71
3 46 12 34
4 56 38 68 33
3 84 44 41
0
5 45 78 16 96 36
3 67 43 77
1 35
5 47 59 56 68 45
3 75 34 37
0
5 24 38 61 28 56
2 52 38
2 45 46
2 38 79
1 79
1 37
2 79 60
2 71 32
4 71 80 76 65
2 60 82
1 14
5 79 36 53 34 35
2 18 21
3 81 45 28
1 38
2 31 38
4 48 56 61 53
6 72 77 35 76 67 15
6 60 51 72 47 31 56
0
2 87 51
3 20 82 62
3 37 66 38
2 66 64
0
2 66 50
0
5 89 65 49 54 43
3 27 73 42
7 52 61 61 61 65 55 58
3 50 69 48
3 46 22 92
1 91
2 18 42
1 35
2 46 79
2 54 54
2 56 34
1 15
2 48 49
2 83 40
4 38 27 14 68
4 70 28 59 41
0
4 43 38 64 19
2 64 63
1 61
1 83
2 50 40
1 45
0
5 70 52 45 29 67
3 39 79 35
1 81
4 50 18 47 63
2 47 50
3 90 5 77
2 79 81
4 67 43 22 64
2 47 50
4 52 39 30 37
0
0
4 22 86 58 59
1 65
3 28 57 45
2 64 76
3 26 61 24
1 54
1 48
3 34 56 50
0
4 33 28 44 20
2 60 71
6 2 25 43 58 44 21
5 35 77 28 67 30
2 38 70
1 50
1 50
2 37 53
3 56 26 59
1 27
4 81 45 95 38
5 47 41 25 51 60
2 36 54
2 77 42
6 46 61 83 13 27 33
4 28 54 25 41
2 11 96
0
1 50
1 37
2 35 51
3 48 17 55
4 50 49 46 55
3 43 21 56
2 77 31
2 18 31
0
1 56
2 43 20
1 30
1 56
3 30 37 27
1 31
3 30 60 44
3 23 16 56
3 46 59 58
6 51 33 59 91 16 92
2 70 24
1 43
3 42 75 44
3 49 74 16
1 73
2 10 34
0
1 67
2 72 64
5 30 74 57 25 27
3 46 12 43
3 66 24 54
1 41
1 73
2 44 48
4 30 36 65 97
2 75 34
2 20 55
2 32 3
5 30 44 29 96 38
3 58 37 73
1 47
0
5 70 60 64 79 69
3 49 57 58
2 42 66
2 30 61
1 28
3 90 40 43
2 37 0
2 52 62
3 38 64 32
1 29
0
4 60 25 49 37
3 39 55 59
1 30
2 2 46
3 20 33 45
0
2 59 66
1 47
4 69 86 67 19
2 81 39
2 66 42
3 75 30 38
3 31 34 32
2 73 8
3 61 36 47
3 40 37 27
3 41 44 45
0
1 51
4 45 30 68 75
3 1 35 54
1 48
5 84 75 70 10 48
0
2 22 31
3 65 32 50
1 25
2 30 60
2 43 26
1 40
4 41 69 39 43
3 66 56 51
3 74 30 84
1 64
2 27 72
1 75
2 76 86
3 27 83 36
1 51
2 72 35
2 56 31
4 96 22 20 98
3 60 30 48
2 42 49
3 42 31 38
2 33 52
3 24 48 22
3 50 77 26
2 50 37
1 23
2 61 78
1 79
3 31 55 18
2 54 50
3 72 37 98
1 46
5 21 27 48 37 22
2 33 94
1 54
0
3 36 31 32
1 57
2 72 85
1 53
4 47 60 59 80
3 25 47 61
2 66 29
3 53 17 36
5 39 13 71 34 49
3 35 76 13
3 32 71 15
4 71 64 84 57
1 30
1 89
1 82
0
1 48
2 43 43
2 49 48
2 77 60
1 75
3 61 48 55
4 59 33 51 19
2 86 56
3 51 66 93
2 25 50
4 41 70 74 66
2 23 30
2 64 38
2 48 29
4 43 16 72 8
1 63
4 75 66 31 40
3 38 27 66
2 34 55
0
1 33
2 45 66
2 53 72
2 43 47
3 42 48 85
1 52
2 9 54
2 40 60
4 40 48 45 50
1 41
2 37 60
5 40 71 46 49 25
4 56 68 65 13
2 47 80
0
4 49 37 42 83
2 85 77
2 55 42
3 23 45 53
2 34 46
4 32 35 44 26
2 26 52
1 31
1 80
3 63 56 74
1 40
4 53 68 74 63
2 51 58
2 55 51
1 70
6 83 71 38 50 53 62
1 44
1 81
1 66
3 45 31 28
5 25 20 29 34 35
2 76 33
1 24
0
3 45 37 34
1 62
1 18
2 59 71
3 61 70 76
1 57
1 50
4 36 78 30 29
5 47 60 51 35 68
1 79
5 62 58 38 4 26
1 76
1 65
5 46 62 70 47 57
2 61 74
0
4 72 59 46 48
0
1 76
1 44
1 61
2 55 52
4 75 52 74 42
0
3 100 61 65
1 47
1 58
0
1 73
4 44 56 79 44
0
4 73 44 61 71
3 47 46 50
4 16 83 96 53
2 45 62
1 47
0
4 28 75 53 68
1 91
2 20 69
3 33 55 33
3 55 35 44
1 66
5 69 49 35 44 51
3 13 71 59
1 17
1 34
2 37 21
5 47 66 77 61 62
1 58
1 49
2 34 39
1 89
2 34 49
2 41 39
1 50
4 52 75 57 47
1 51
3 56 87 41
0
1 71
4 16 35 72 87
3 83 77 0
1 30
2 32 63
1 42
5 70 57 71 40 37
1 5
1 53
3 58 38 83
1 99
0
2 42 63
1 57
1 65
2 71 32
3 28 44 45
1 48
0
2 72 65
4 60 59 40 59
3 34 36 82
4 66 42 65 33
5 32 34 65 49 33
2 56 67
0
3 5 69 0
3 12 50 42
1 48
2 54 46
4 43 16 28 52
4 56 49 49 41
0
0
2 38 42
1 70
3 46 32 62
2 33 46
2 89 95
1 57
3 32 43 42
2 55 67
3 91 36 50
0
2 30 80
0
2 53 56
0
2 28 18
2 67 63
3 75 70 43
1 33
1 44
3 63 7 62
4 55 18 49 66
3 54 75 60
0
2 56 45
3 33 89 64
2 35 35
1 43
5 67 19 5 57 52
2 82 64
2 44 26
0
4 39 14 50 46
4 49 30 58 72
5 62 54 49 77 22
0
1 42
1 21
1 50
0
3 50 47 54
2 56 73
1 59
0
2 75 48
2 37 40
2 77 35
3 68 38 42
1 35
1 50
1 15
6 45 23 79 55 40 34
2 24 43
2 37 46
0
1 45
2 51 17
5 15 11 66 27 33
1 35
3 38 88 62
4 45 83 24 63
0
1 26
1 76
3 23 43 60
1 8
0
1 26
1 40
2 47 54
1 22
3 17 40 23
4 15 43 42 44
2 42 27
1 26
3 51 46 81
2 50 64
2 41 36
2 28 24
1 31
1 40
0
1 44
0
2 55 89
1 46
1 84
4 51 38 70 45
2 31 39
2 61 41
1 28
1 52
2 65 64
2 50 42
4 70 55 61 72
2 55 58
4 10 33 36 57
2 38 11
4 60 34 68 75
1 80
0
4 51 56 39 47
0
4 54 24 61 43
2 75 82
1 53
0
0
0
3 55 67 56
5 47 21 75 76 27
2 33 20
3 31 26 49
0
0
4 45 71 46 39
0
3 23 44 16
2 45 42
4 86 91 35 35
2 73 72
0
2 33 75
3 41 74 63
1 52
3 19 45 68
2 27 18
1 33
3 1 46 12
2 13 22
1 42
2 35 61
2 76 21
0
0
4 40 18 48 46
2 53 84
3 41 57 67
3 78 11 46
1 21
1 44
2 8 20
1 44
2 67 65
3 38 37 56
1 38
3 56 42 21
0
2 26 8
2 75 25
0
1 63
3 44 44 47
0
0
2 76 44
2 39 21
1 79
2 31 12
2 7 13
0
2 29 13
1 44
3 45 41 31
5 53 67 46 45 64
4 35 68 70 71
1 85
2 36 43
0
1 46
1 17
1 29
2 71 81
1 53
2 70 15
1 41
2 59 51
0
2 52 23
1 33
2 90 38
3 23 52 26
6 66 60 91 18 56 49
0
4 39 70 18 29
0
2 34 36
3 93 63 71
0
2 40 72
2 63 41
2 43 77
2 37 75
1 19
2 44 39
3 32 71 38
1 31
0
2 28 39
0
4 75 52 71 40
2 55 54
1 42
1 69
5 83 72 77 74 57
0
0
1 31
1 44
1 43
3 56 68 57
0
0
3 29 78 56
4 32 36 25 57
1 22
1 67
2 62 34
1 49
1 14
1 63
2 21 39
0
1 41
1 44
1 68
1 44
4 24 58 15 35
1 62
3 70 4 54
3 56 25 22
0
0
0
3 12 52 61
1 31
3 49 42 44
2 38 59
1 11
1 65
1 78
0
0
1 27
2 55 30
3 34 49 48
1 29
3 33 71 64
5 84 65 30 27 38
2 53 20
3 56 81 55
1 43
2 68 89
2 76 59
1 16
1 11
2 56 13
4 28 30 66 50
1 67
1 44
0
3 41 43 34
2 64 55
2 47 26
4 50 38 65 57
1 22
2 23 34
2 22 33
3 37 51 45
1 87
2 45 47
2 37 25
1 14
2 53 81
0
3 24 32 64
2 57 26
0
1 16
2 60 66
1 60
1 53
0
0
3 50 60 48
2 63 54
1 76
4 71 39 63 66
1 28
0
2 11 36
2 41 80
3 35 61 56
0
2 53 39
4 69 79 80 73
3 63 71 54
1 62
0
1 24
1 24
2 20 39
0
1 29
1 49
0
2 30 41
3 64 52 31
0
1 76
3 19 63 58
1 69
1 44
1 53
2 64 56
2 52 60
0
2 59 54
3 19 14 28
2 36 45
0
2 57 62
0
1 46
2 47 62
1 59
1 18
0
1 44
2 13 57
0
2 42 45
2 40 47
0
2 87 40
3 78 59 95
0
5 52 62 84 91 39
1 16
4 74 76 21 28
2 63 41
2 67 36
3 70 66 31
2 53 50
0
2 29 80
2 89 91
2 17 44
2 46 19
1 82
0
1 50
1 57
1 92
0
0
2 56 50
1 51
0
0
2 37 59
0
1 64
5 75 65 23 66 36
0
3 23 28 84
4 53 58 58 39
2 33 57
0
0
3 76 62 56
0
0
2 58 32
0
0
2 59 39
1 49
0
3 52 42 67
1 33
1 13
0
2 58 54
2 59 32
0
1 51
0
0
3 47 46 12
2 33 74
1 20
1 53
1 26
3 20 56 58
3 69 38 46
2 94 75
1 70
1 51
1 71
0
3 50 2 32
2 62 59
0
3 55 63 33
2 94 58
0
0
1 54
2 79 72
2 41 42
1 71
2 76 40
0
1 45
0
1 69
3 49 53 38
2 15 68
0
1 33
2 49 40
2 44 61
2 67 25
2 56 22
2 52 39
1 8
2 42 51
0
1 16
0
2 22 40
0
0
0
0
1 49
2 53 56
1 45
1 48
1 60
1 56
1 58
0
2 72 71
1 51
2 48 21
1 56
2 10 39
0
3 44 33 37
0
3 9 21 42
1 30
0
1 42
1 31
3 73 17 46
1 73
2 86 34
2 49 23
0
5 71 61 67 65 49
1 69
2 21 18
0
1 69
2 55 26
1 64
0
1 52
0
0
3 34 70 46
1 58
0
2 30 52
1 71
1 28
2 61 77
1 71
0
0
2 54 26
4 21 90 45 40
3 45 71 6
1 16
1 54
0
2 47 40
1 47
1 59
0
2 51 75
0
4 73 26 58 61
2 90 78
2 33 41
3 54 23 87
1 43
0
1 41
1 34
0
1 45
1 32
0
1 60
2 56 42
0
1 7
3 42 44 32
0
0
1 37
0
1 45
3 71 66 56
1 40
0
1 48
2 59 44
0
3 39 63 21
1 72
2 72 83
0
0
1 63
0
0
2 78 59
1 91
0
0
2 16 65
3 33 27 57
3 18 44 44
1 20
2 50 55
0
2 30 35
3 40 65 59
1 61
1 47
0
2 78 71
2 77 98
0
0
0
2 44 71
2 71 40
2 75 72
1 40
0
1 29
0
2 38 40
1 28
0
1 15
1 56
1 60
1 52
1 53
1 42
1 71
1 87
2 35 43
1 26
0
1 81
2 76 62
0
1 63
0
0
2 35 74
1 61
0
3 81 31 66
1 26
0
0
1 56
1 72
1 65
1 55
1 35
0
0
1 16
0
2 19 11
2 61 59
0
2 50 40
2 60 47
2 38 90
1 43
1 45
2 48 47
2 51 13
1 16
0
1 61
0
0
3 44 53 80
1 35
1 35
2 78 44
0
3 52 72 63
1 64
2 80 49
2 65 13
2 66 32
0
0
0
0
0
0
1 38
1 25
0
0
0
2 3 65
0
1 37
0
1 69
2 55 67
2 56 80
1 55
2 75 57
1 18
0
2 69 49
1 5
0
2 62 50
3 23 26 37
2 50 91
0
0
0
0
0
2 78 74
1 43
4 42 53 50 40
1 46
1 31
0
1 18
2 44 27
3 60 21 35
0
0
3 65 80 31
0
1 24
0
1 85
2 48 52
0
0
1 32
1 45
2 34 36
1 66
1 40
1 67
0
2 37 41
1 53
1 67
0
0
0
1 21
0
0
0
0
1 8
2 70 20
2 66 30
0
0
0
0
2 46 57
1 59
2 47 48
0
0
1 59
0
1 37
1 9
1 62
0
0
0
0
1 66
0
0
2 65 62
1 69
1 1
1 61
0
1 45
0
1 65
3 32 59 64
2 22 83
0
2 34 81
1 43
0
1 93
1 59
1 44
0
3 55 43 7
0
0
2 37 90
0
2 52 46
2 72 58
2 68 36
0
2 43 59
0
0
1 56
0
2 43 40
1 39
0
1 27
0
1 35
1 58
0
1 49
0
1 42
2 31 39
0
0
1 46
1 83
0
1 72
1 72
0
0
1 22
1 48
1 26
1 66
0
0
2 71 61
2 73 2
1 72
1 87
0
1 53
1 56
1 48
1 53
0
2 21 45
1 63
2 42 44
4 63 42 57 59
0
1 34
1 48
0
0
0
0
2 57 76
1 84
0
0
1 15
1 69
0
0
0
1 93
0
3 67 59 64
2 77 48
1 36
1 55
0
0
0
0
0
1 47
1 56
1 56
1 31
1 56
1 37
0
0
0
0
0
1 80
1 98
0
0
0
0
0
0
0
0
3 38 53 66
1 53
0
1 60
4 49 49 27 77
0
0
0
1 47
4 37 55 54 50
0
1 65
0
0
1 13
1 48
0
0
0
1 30
0
0
0
0
0
1 56
1 43
0
0
1 55
3 44 68 45
1 8
1 46
1 57
0
1 34
0
1 62
1 57
0
0
1 29
1 19
0
0
2 43 6
0
0
1 54
1 69
4 36 24 66 23
0
1 65
0
1 50
0
0
0
0
1 70
1 53
0
0
1 32
1 81
2 52 42
0
1 43
0
3 62 20 53
0
1 77
1 37
1 52
1 20
2 11 59
2 69 65
0
0
0
0
0
2 33 56
0
0
0
0
1 42
1 56
0
0
0
0
0
4 61 50 46 47
1 35
1 50
2 49 82
0
0
0
1 45
0
0
1 74
0
0
1 41
0
1 20
0
1 35
2 78 61
1 59
0
1 83
1 52
3 51 22 68
0
0
1 24
0
0
0
0
1 37
0
0
1 28
1 77
0
0
1 70
0
2 11 80
0
0
1 49
0
0
0
0
0
0
0
0
0
1 49
1 77
1 29
1 19
4 39 68 41 21
0
2 33 61
0
2 25 66
0
1 37
1 38
0
1 68
0
1 24
0
0
0
1 60
0
0
0
0
0
0
0
0
0
0
2 27 70
1 46
0
1 38
1 58
0
0
0
0
1 43
0
2 58 53
1 59
2 43 56
1 73
0
1 80
4 40 15 49 30
0
1 2
1 65
0
0
1 16
0
0
0
0
0
1 40
0
1 57
1 52
0
0
0
0
0
2 54 60
1 42
1 36
0
0
0
1 71
0
0
1 58
0
1 53
1 68
0
0
0
0
1 32
0
1 67
2 54 54
1 70
0
1 61
0
0
0
0
1 43
2 39 61
1 54
0
1 59
0
1 73
1 45
0
0
0
1 59
1 55
1 52
1 38
0
1 39
0
1 77
0
0
1 52
0
0
1 63
0
0
1 50
1 40
0
0
1 37
0
0
2 34 47
1 40
0
0
1 53
0
0
1 66
0
0
0
1 42
0
1 68
0
1 25
0
0
2 76 78
1 61
1 34
0
3 44 51 59
0
0
0
0
0
2 57 32
1 7
1 49
0
0
0
1 40
1 36
0
0
1 59
0
0
2 25 78
0
0
0
0
1 48
2 24 30
0
1 7
2 59 38
0
0
0
0
0
0
2 61 45
0
0
0
1 24
1 35
1 67
0
1 37
1 8
1 58
0
0
0
0
0
0
0
2 38 60
1 49
0
1 72
0
0
0
2 57 27
2 75 37
0
0
0
1 46
0
1 55
0
0
1 46
0
0
0
2 37 79
0
0
0
2 27 37
0
1 46
0
0
0
0
1 57
0
0
0
1 34
1 23
0
1 35
1 46
1 68
1 37
0
1 80
0
0
0
0
0
0
2 51 57
0
2 29 35
0
1 81
2 47 48
0
1 83
1 37
1 22
0
1 46
1 68
1 29
0
0
1 27
0
1 74
0
0
1 71
0
0
1 48
1 4
2 60 51
0
0
0
0
0
1 42
0
0
0
0
1 72
1 67
2 50 54
0
0
0
0
0
1 59
0
3 57 48 29
0
0
0
0
0
1 36
1 62
0
1 48
0
0
0
1 68
0
1 33
0
1 34
0
1 66
0
0
0
1 25
0
1 43
2 37 45
0
0
0
0
0
0
2 54 25
0
0
0
0
1 59
1 62
1 49
1 79
0
0
0
0
1 86
1 20
1 72
0
1 77
1 85
0
1 55
0
1 21
1 53
3 56 16 54
1 94
0
0
0
1 40
2 67 61
2 30 82
0
0
0
0
0
1 25
1 35
1 58
0
1 91
1 34
0
4 39 40 23 15
0
1 62
1 37
1 62
0
0
0
0
0
1 65
1 47
0
0
0
1 57
2 85 39
0
1 84
0
0
1 42
1 52
0
0
0
0
0
0
0
0
1 11
1 18
0
1 16
0
0
0
1 54
1 28
1 13
0
0
1 54
0
0
1 76
0
3 55 52 82
0
0
0
0
1 62
0
0
2 34 72
0
0
0
0
1 20
1 58
0
2 31 46
1 46
0
1 77
0
0
0
0
0
3 46 39 63
1 46
0
2 30 32
2 73 60
1 39
1 49
0
0
0
0
0
0
0
1 60
0
2 25 52
1 45
2 61 30
1 50
0
1 33
1 60
1 44
0
0
0
0
0
2 45 42
1 43
1 6
2 88 65
0
1 58
0
0
0
1 61
1 45
0
1 32
1 31
1 77
0
2 86 58
1 41
0
1 46
2 85 39
0
0
0
0
0
2 23 20
0
1 61
1 41
0
2 43 88
0
0
1 26
0
0
2 79 59
1 55
0
0
0
0
0
0
2 42 53
3 47 41 40
1 82
0
0
0
1 32
2 15 57
0
1 58
0
2 50 45
0
1 59
0
0
0
0
1 38
0
1 52
0
0
1 28
1 30
2 14 49
2 46 60
1 39
1 55
2 79 63
0
1 48
1 40
0
2 16 100
1 23
0
1 62
1 74
0
0
2 50 44
1 71
1 51
0
1 24
0
1 46
1 26
0
0
0
0
0
0
1 47
0
2 67 57
0
0
0
0
1 53
1 42
0
1 80
1 28
0
0
1 74
2 43 95
0
0
1 86
1 38
2 52 51
1 37
0
0
2 59 25
1 26
2 49 49
1 59
2 58 11
1 77
3 46 46 30
2 68 44
0
0
0
1 10
1 70
1 64
0
0
1 41
2 46 22
2 42 27
2 46 54
0
2 6 23
0
0
0
0
0
0
1 55
0
0
0
0
1 70
3 29 18 67
1 40
0
2 59 53
1 22
0
1 32
2 44 41
0
0
2 43 40
1 47
1 40
1 63
1 50
1 57
0
1 48
0
1 76
0
1 67
0
0
1 44
1 75
0
2 29 24
0
0
1 46
1 25
2 51 68
0
0
1 35
0
0
0
1 89
1 29
0
0
1 44
0
1 52
0
1 47
2 46 50
1 74
1 59
3 54 37 65
1 26
1 64
1 66
1 33
0
3 61 60 14
1 49
3 61 52 72
2 28 38
1 72
3 25 85 32
0
1 28
1 23
2 59 53
0
0
0
0
0
0
1 58
0
1 21
0
0
1 26
0
1 36
1 55
2 67 54
0
1 0
1 70
1 73
0
1 43
2 31 61
0
2 43 64
0
1 41
0
1 40
1 65
2 82 52
2 64 71
1 69
1 55
0
0
0
1 76
1 50
0
2 38 67
0
2 49 56
0
5 40 24 21 27 72
0
0
1 39
0
1 80
0
0
2 47 10
2 57 71
3 31 65 62
1 86
1 64
1 25
2 64 47
1 74
1 72
0
1 70
1 44
1 68
0
1 63
0
1 32
1 60
1 61
4 39 40 43 79
0
0
0
1 44
3 72 2 16
0
2 19 19
1 73
0
1 36
1 53
2 59 60
0
0
0
0
2 53 47
0
1 58
2 58 78
1 29
1 19
2 21 39
1 40
0
0
1 59
3 61 40 8
1 33
1 33
0
0
0
2 84 50
2 16 35
0
1 24
2 70 40
0
2 26 40
0
1 21
2 60 53
0
1 64
0
1 37
0
3 80 53 46
1 62
2 59 54
0
3 69 40 66
1 32
2 47 16
2 41 38
2 33 31
0
0
0
1 88
2 46 31
0
2 69 31
1 75
0
1 61
0
0
2 52 73
2 37 73
2 12 30
0
3 10 30 64
1 45
1 75
3 68 19 28
0
0
0
1 54
0
1 26
1 56
1 51
0
3 40 50 28
1 35
1 65
0
1 61
0
1 47
0
2 19 30
1 17
0
2 55 60
1 29
3 56 53 66
0
2 2 73
2 42 56
2 46 47
1 67
1 38
0
1 49
1 68
2 17 68
0
0
1 65
1 99
0
1 87
0
2 40 58
0
1 61
1 21
2 88 43
2 19 54
4 50 53 39 27
3 61 31 52
1 22
2 60 46
0
2 74 22
0
3 34 63 43
1 50
1 81
0
2 35 47
2 89 46
0
1 28
1 46
3 52 23 45
0
1 60
3 41 12 86
2 39 66
1 67
1 44
1 58
1 79
1 36
0
0
0
2 74 66
1 47
1 21
3 51 60 46
2 22 44
1 21
1 39
1 55
0
1 30
1 50
3 19 81 17
0
3 49 63 44
