3600 4
1 48
3 79 47 42
2 64 28
1 65
3 67 57 80
2 61 49
0
0
2 90 24
3 75 87 13
3 38 50 34
0
3 61 13 9
1 56
0
0
4 52 82 34 56
1 49
0
5 37 46 49 48 47
1 46
1 39
2 52 38
0
1 97
1 31
1 37
3 66 65 47
2 38 46
1 60
1 68
2 5 61
2 84 71
0
0
1 53
2 48 33
1 69
1 43
0
2 73 44
0
1 46
0
2 55 80
0
0
1 40
0
1 44
0
1 56
1 72
1 49
0
5 15 30 33 36 56
1 63
1 44
2 71 31
0
1 54
0
1 91
0
0
1 51
1 76
5 59 46 52 88 69
1 76
0
1 48
0
1 46
3 47 46 37
1 63
0
3 27 71 42
1 63
0
0
1 60
1 65
2 38 79
1 95
1 81
4 25 43 57 65
1 35
2 18 65
1 52
0
1 66
0
2 56 49
0
1 61
2 59 49
0
0
1 42
1 47
1 52
2 39 30
2 78 76
1 80
1 29
1 54
1 41
0
0
1 68
0
0
1 22
1 50
1 61
1 79
3 71 52 51
0
3 48 53 58
1 60
0
0
1 59
2 80 52
1 73
0
0
0
1 31
1 25
1 54
0
1 58
2 82 63
0
0
2 59 72
4 37 24 72 51
1 33
1 46
0
1 49
2 41 67
1 58
0
2 43 56
2 73 62
2 6 64
0
0
2 26 52
1 68
0
0
0
1 49
1 70
0
2 65 53
1 67
0
1 52
3 53 38 33
1 41
0
2 55 71
2 37 91
1 84
2 42 54
0
0
1 32
0
0
1 49
1 25
1 28
1 51
0
1 64
1 66
2 91 32
1 74
1 8
2 74 41
2 66 52
1 61
0
2 40 38
2 18 62
0
0
1 63
2 74 57
2 77 57
0
2 46 42
1 62
0
1 30
0
1 27
2 18 57
0
2 64 30
2 51 29
1 56
1 43
0
0
1 48
0
0
1 48
1 71
3 64 55 8
0
1 50
0
0
2 58 27
1 59
0
1 72
1 65
1 34
2 49 56
0
0
3 28 36 46
0
0
1 13
1 44
0
0
1 36
0
1 44
0
0
0
1 37
0
2 59 28
1 46
1 76
1 80
3 66 65 70
3 86 32 39
2 45 29
0
2 46 77
0
0
1 70
2 63 58
0
0
0
2 60 58
5 8 51 40 52 80
1 64
0
0
0
0
0
1 18
1 19
0
0
0
1 54
0
1 46
0
1 51
0
3 76 19 24
1 38
1 81
2 31 21
0
0
0
1 46
0
0
1 42
1 20
2 64 26
1 40
2 45 84
2 48 22
1 17
0
0
4 48 38 76 83
0
1 52
2 47 63
0
0
3 57 46 62
0
0
1 81
2 74 83
0
0
2 46 29
1 64
0
0
1 44
0
2 50 55
0
2 41 69
2 27 50
0
0
0
0
0
0
0
0
1 71
3 39 55 50
0
0
1 40
0
0
0
1 65
0
3 41 46 55
0
0
1 42
1 59
1 70
1 59
1 60
0
1 30
1 88
1 50
1 66
1 32
0
0
0
1 58
1 54
2 14 26
2 87 33
0
0
2 38 24
0
0
2 39 37
1 50
0
1 28
0
0
0
0
3 64 65 48
2 50 58
0
0
0
0
0
2 57 83
0
0
1 49
1 86
2 50 54
0
0
3 68 62 22
1 27
0
0
0
1 77
2 38 20
0
1 58
1 24
1 62
1 50
1 46
1 52
0
4 71 74 62 56
1 50
0
0
2 12 70
0
0
1 37
2 38 34
1 22
1 12
0
2 44 42
0
1 96
0
0
0
2 26 62
0
1 64
0
0
2 42 45
0
0
0
0
0
0
0
0
1 44
0
0
1 26
1 36
2 29 73
0
1 48
1 73
0
1 59
4 40 46 60 59
0
1 49
1 43
0
0
2 25 53
0
1 37
0
0
1 1
0
1 44
0
0
0
0
0
0
1 54
0
2 36 30
0
1 92
1 68
2 79 46
0
0
0
2 59 40
0
2 74 44
0
0
1 44
0
1 38
0
0
1 74
1 60
0
0
1 46
2 58 40
1 39
1 47
0
1 20
0
0
0
1 72
1 51
1 60
0
1 29
0
0
0
0
0
1 57
0
2 64 58
1 79
1 52
1 37
1 64
0
1 40
0
0
0
0
0
0
1 57
0
3 43 13 60
2 23 14
1 27
0
0
0
1 15
0
1 57
0
0
1 53
2 49 49
0
0
0
1 60
1 74
2 25 59
0
1 77
1 35
0
2 30 49
0
1 23
0
0
1 77
2 44 66
0
0
4 78 41 29 17
0
0
1 13
1 78
0
1 13
0
0
0
0
0
1 25
1 40
0
0
0
0
0
0
0
0
1 75
1 70
0
1 75
1 64
0
0
0
0
1 41
1 19
0
0
0
1 66
0
2 89 66
0
1 94
0
1 92
1 37
0
0
1 81
0
0
0
2 66 25
0
2 45 23
0
0
0
1 67
1 39
0
1 73
0
0
1 64
2 85 60
0
0
2 79 60
0
2 62 79
0
0
1 76
0
0
0
1 59
1 94
1 40
0
0
0
1 78
0
0
1 64
2 56 67
2 75 70
1 36
0
0
0
1 38
0
1 39
1 86
0
0
0
1 54
0
0
0
0
1 51
0
0
1 46
0
0
0
1 42
0
0
0
2 27 75
1 44
0
0
1 52
1 55
3 33 35 29
1 60
0
2 52 44
0
1 68
1 44
1 45
0
0
0
1 62
0
0
0
1 15
0
1 52
0
2 53 67
0
1 50
0
0
1 50
0
1 57
0
0
0
0
1 20
0
1 50
1 51
1 50
0
0
0
1 36
0
0
4 47 67 69 78
0
0
1 27
1 38
1 35
1 42
0
1 58
1 42
0
0
1 33
0
0
0
1 10
0
1 26
1 37
0
0
0
0
0
1 26
0
0
1 42
0
1 82
0
0
0
0
0
1 56
1 32
0
1 57
0
0
0
2 72 49
0
2 42 45
0
0
0
2 49 78
0
0
0
2 22 46
0
1 77
0
1 62
0
1 32
1 73
1 54
2 76 54
0
0
0
0
0
0
2 43 79
0
0
1 27
0
0
0
0
1 36
0
0
0
0
1 30
0
0
0
2 66 58
1 20
0
0
0
0
0
0
2 70 32
2 50 26
1 59
0
2 33 79
1 23
1 68
0
0
0
1 60
1 27
1 55
0
0
1 31
0
1 64
0
0
2 19 44
0
1 62
0
0
1 35
0
0
0
1 40
0
1 50
1 75
0
1 57
0
0
0
1 48
0
1 60
0
2 25 69
0
1 53
1 71
0
1 39
0
1 30
3 39 69 44
1 67
0
0
1 49
0
1 81
0
0
2 42 65
0
0
0
0
0
0
1 70
1 63
2 67 53
1 8
0
0
1 42
1 66
1 57
0
1 62
0
0
1 50
1 43
0
0
2 45 44
1 38
0
1 50
1 27
1 41
1 46
0
1 41
0
0
1 65
0
0
0
2 16 54
0
2 30 81
0
1 41
2 26 21
1 68
1 73
0
0
1 20
0
1 51
1 98
0
1 40
0
0
0
1 66
0
0
0
0
2 52 53
1 43
0
0
0
0
0
0
0
1 52
2 64 87
0
0
0
0
1 22
0
0
3 54 85 54
0
0
1 55
0
0
0
1 35
0
1 34
1 45
0
1 80
0
0
0
0
0
0
0
2 9 73
0
0
1 28
1 25
1 46
0
0
4 63 46 18 65
0
0
2 67 65
0
0
0
2 66 37
0
0
1 69
1 56
0
0
1 47
0
1 82
0
0
4 61 70 49 54
1 79
1 8
1 79
2 53 48
1 61
0
2 11 79
0
1 18
0
0
0
1 83
0
0
0
1 60
0
0
0
0
0
0
3 71 44 42
1 47
1 74
1 57
0
0
0
1 36
2 77 56
1 37
1 42
0
1 17
2 73 35
0
0
1 52
0
0
0
2 34 63
0
1 49
0
0
1 76
0
1 84
0
0
2 34 85
2 86 62
0
0
1 43
0
1 75
2 75 48
0
0
0
0
0
0
0
1 55
0
1 37
1 90
2 52 49
1 31
2 38 37
0
0
0
2 38 33
1 53
0
1 38
0
2 41 27
1 63
1 89
1 74
0
0
0
1 39
1 65
0
0
0
1 62
3 77 74 82
2 70 69
0
0
1 54
1 34
0
0
1 11
0
0
1 53
0
2 18 20
0
0
0
3 77 75 58
1 56
0
0
1 40
2 37 34
1 41
0
2 92 71
1 70
0
1 54
0
1 80
1 15
2 32 34
0
0
0
1 57
0
3 40 46 36
1 38
3 31 54 42
1 74
1 69
0
0
0
0
0
0
0
0
0
0
0
0
0
4 60 43 78 65
2 61 70
1 72
0
0
0
1 52
0
1 31
2 77 40
1 46
2 53 90
1 84
1 75
0
1 49
0
1 35
1 64
0
0
1 72
1 58
0
1 36
1 48
2 36 60
2 25 80
1 17
2 4 19
0
1 75
0
1 32
0
1 73
1 67
1 63
2 27 66
1 68
0
1 67
1 28
0
0
0
4 57 45 44 63
1 35
1 9
0
1 50
0
1 67
0
1 36
0
1 95
0
5 65 61 51 88 14
2 38 73
1 68
1 57
2 59 56
0
0
2 48 42
0
0
0
0
1 57
0
0
1 80
1 59
1 18
0
0
0
1 22
2 60 23
2 56 48
1 54
1 40
0
0
0
2 75 12
2 75 65
2 55 50
0
2 69 53
3 28 75 59
0
0
0
2 31 98
1 86
2 12 48
0
0
1 32
0
0
0
1 25
0
0
0
1 82
2 24 65
0
2 42 60
2 89 54
0
1 57
2 67 65
1 61
0
0
1 14
0
1 17
0
0
2 73 74
0
2 41 36
1 74
1 48
0
1 60
0
0
2 58 29
1 53
1 47
2 65 56
2 42 60
1 91
1 21
0
1 81
1 70
1 50
3 90 77 83
1 79
0
2 82 28
0
0
0
1 45
1 51
1 69
0
1 11
3 20 75 46
2 67 39
0
0
2 53 21
0
2 60 69
2 79 76
2 65 52
1 24
0
1 49
1 55
1 71
1 50
0
2 60 38
5 28 48 51 34 68
2 56 57
0
1 14
0
0
0
4 46 52 36 38
1 56
0
0
0
0
0
2 81 37
0
1 60
1 63
1 42
1 34
0
1 34
1 26
1 70
1 29
1 47
1 30
3 32 30 79
3 52 70 31
1 61
3 38 72 45
1 43
0
0
2 72 53
1 61
0
2 100 21
0
1 45
0
1 50
2 58 74
1 20
1 7
2 32 41
1 55
0
0
0
2 28 55
1 54
3 31 20 40
1 62
0
3 85 88 69
0
3 35 11 40
0
2 59 22
0
0
3 59 22 27
0
1 62
0
2 31 57
3 54 63 31
1 27
0
0
3 71 54 93
1 76
0
0
1 53
1 48
3 48 21 37
1 83
1 28
3 54 64 53
0
0
2 47 52
2 36 69
2 51 60
3 61 59 81
1 41
1 37
1 37
0
0
0
0
2 49 63
0
0
1 43
3 67 52 43
0
1 87
2 43 65
1 47
0
0
0
1 78
1 9
3 21 62 45
0
1 44
0
1 73
3 40 74 36
2 27 25
2 36 14
0
1 76
1 59
1 55
0
2 52 37
1 54
2 18 65
2 37 54
2 53 38
0
0
2 44 69
1 70
1 72
0
2 29 7
2 44 6
3 41 56 45
0
2 97 28
2 82 70
1 63
1 73
2 55 70
0
2 28 48
0
0
1 40
2 49 33
2 17 58
1 69
1 52
0
1 54
0
1 38
0
1 74
3 71 6 79
2 28 76
0
0
2 57 89
2 29 56
0
3 20 65 42
2 41 66
0
0
0
2 51 57
0
2 58 64
1 69
0
0
2 38 45
2 51 22
2 65 27
3 42 67 77
0
2 54 43
0
1 23
0
3 25 67 54
2 38 61
3 71 30 43
1 41
0
0
0
0
1 74
2 72 52
1 59
0
3 61 12 44
3 43 51 63
3 65 46 35
4 85 19 26 51
1 71
1 60
0
1 50
2 60 13
1 56
2 49 41
1 40
2 26 52
2 55 65
1 41
0
1 37
2 40 63
0
2 52 72
1 60
1 37
2 36 8
1 49
2 19 68
4 61 62 40 34
1 77
2 29 61
0
1 20
1 46
2 51 67
1 65
2 41 39
1 57
0
3 79 38 32
3 51 57 76
2 38 67
1 62
4 64 37 19 88
1 41
0
1 85
0
1 52
2 63 63
2 60 30
2 63 30
2 40 55
1 48
2 67 60
2 55 71
1 47
1 86
2 28 46
2 45 86
1 46
0
2 51 69
0
1 74
0
0
1 38
1 23
1 43
1 58
0
1 55
1 56
2 16 62
0
3 36 58 63
3 36 31 56
2 58 16
2 40 60
0
0
2 29 48
2 62 29
1 59
0
1 83
2 33 47
1 73
1 78
2 13 45
3 64 47 64
4 39 64 71 54
3 50 60 11
3 41 57 62
0
2 30 59
1 75
0
0
1 27
3 47 52 71
1 49
1 37
1 63
2 87 47
3 62 67 56
1 72
1 45
0
2 43 36
2 47 60
3 53 31 56
2 33 40
1 47
0
1 52
1 32
1 50
2 39 65
2 66 49
0
2 36 49
1 41
0
2 68 21
2 62 61
1 54
3 30 37 41
4 31 75 29 7
4 73 46 42 42
0
4 43 59 45 72
0
0
2 45 55
0
0
1 42
2 61 47
2 54 38
1 76
0
1 30
2 33 44
1 69
4 52 59 6 40
2 0 55
2 45 27
2 29 17
4 17 7 45 30
2 30 56
3 45 50 26
2 43 25
2 36 62
2 40 32
2 54 38
1 53
0
2 38 41
1 41
1 15
0
2 91 60
2 40 49
1 71
1 79
2 68 54
0
1 22
3 47 53 36
0
1 31
2 70 44
0
1 36
0
2 26 43
3 48 51 53
1 41
3 51 51 75
2 41 61
0
1 74
1 60
2 44 47
1 80
0
2 42 47
4 58 90 77 73
3 57 32 38
2 38 15
4 49 42 71 68
0
1 45
4 48 49 56 67
1 70
2 57 22
3 62 67 60
2 71 36
2 43 42
0
3 36 52 36
1 70
1 82
6 45 38 69 67 50 48
2 61 63
2 70 72
2 25 73
3 76 42 67
2 64 14
0
2 43 22
1 53
2 64 46
1 43
2 62 56
0
1 38
2 85 32
4 22 77 66 63
0
0
2 41 46
1 70
1 25
2 55 52
1 55
0
0
0
3 71 37 72
2 19 56
1 29
2 62 69
2 44 59
3 52 68 56
3 59 20 57
3 5 16 59
2 55 62
2 46 52
0
2 63 38
2 19 46
3 58 55 67
4 55 36 12 35
1 43
5 100 23 32 33 20
1 69
1 42
2 57 40
1 48
0
0
2 51 53
4 86 50 29 65
1 44
1 42
0
1 77
0
0
4 55 32 22 57
1 12
1 40
1 52
2 49 11
2 28 67
2 48 22
3 40 53 30
1 54
0
4 42 57 19 50
0
6 43 56 67 34 56 96
1 38
1 58
1 38
2 35 23
1 45
1 43
1 49
1 58
3 78 29 41
5 45 23 89 56 46
2 94 24
3 63 68 56
3 8 26 48
0
1 36
2 50 64
0
3 45 34 40
2 46 61
2 74 52
1 64
1 74
2 22 18
3 51 52 74
1 87
2 83 55
2 53 34
1 60
2 25 50
2 29 40
3 76 54 66
0
0
3 25 49 85
3 68 61 43
1 82
3 60 56 56
0
1 55
1 30
1 53
4 57 54 21 58
2 32 31
3 31 60 46
1 39
3 21 55 16
5 88 69 51 28 35
2 52 32
2 62 61
3 60 70 7
0
3 53 51 82
2 47 37
1 23
1 79
0
3 39 52 28
0
1 58
3 41 60 36
1 52
5 36 25 79 56 48
3 52 62 57
1 50
2 55 48
5 82 34 28 17 43
1 75
0
2 54 29
0
0
3 59 37 54
2 46 74
0
2 32 47
5 10 34 33 64 7
1 43
2 60 43
4 63 44 53 50
0
0
2 28 85
1 18
4 47 46 56 52
2 70 33
1 26
2 80 46
3 46 58 26
1 81
2 76 78
2 39 55
2 28 82
1 55
1 25
0
0
0
4 42 24 27 54
1 50
1 76
2 69 16
3 54 64 43
4 44 72 65 24
1 0
2 47 52
3 81 23 38
1 29
3 51 62 8
4 70 52 62 78
2 53 32
0
1 68
4 49 54 26 51
4 68 56 49 24
2 53 29
3 66 70 21
4 96 67 51 38
3 75 60 24
1 31
0
2 18 59
4 55 44 30 54
0
1 20
2 63 84
1 45
1 35
0
3 63 20 25
2 45 33
1 29
3 26 15 78
1 28
2 35 56
2 38 10
0
2 59 76
1 29
7 53 63 42 36 60 81 59
1 45
2 81 43
1 80
2 26 60
0
5 31 21 47 52 48
6 51 60 40 64 32 74
3 44 92 44
1 61
1 70
2 90 35
3 27 46 45
1 64
3 17 51 14
4 67 28 48 36
3 30 34 63
1 18
3 78 45 79
2 71 47
0
1 26
4 45 57 54 12
3 8 68 31
5 39 26 38 41 49
1 45
2 72 85
1 41
0
1 52
2 71 54
1 24
3 42 97 60
0
1 69
1 48
5 61 39 53 37 49
4 74 26 46 57
3 56 29 77
4 60 78 51 41
0
0
1 38
0
3 77 26 67
3 8 50 56
2 68 42
3 41 63 48
0
4 54 56 37 55
0
1 48
1 49
3 65 42 13
4 51 63 25 51
1 49
1 63
1 54
3 24 44 29
1 52
3 44 35 62
2 69 14
1 60
3 52 73 53
4 53 37 42 26
1 65
0
4 67 84 48 64
2 60 45
2 64 71
2 76 74
4 95 49 57 48
4 38 56 29 7
1 56
1 40
1 54
1 87
4 55 43 40 46
1 47
2 56 48
3 49 29 29
2 48 51
2 60 48
3 91 44 92
4 44 46 32 80
3 56 33 36
2 71 69
4 63 59 58 63
3 64 72 76
3 52 84 49
1 43
3 47 60 49
3 33 39 50
3 28 53 69
0
1 56
3 41 68 72
0
1 85
2 33 66
3 21 55 33
1 51
0
2 20 31
2 93 43
2 46 70
5 25 31 56 97 38
2 65 64
1 31
2 49 49
0
3 42 85 48
2 53 51
4 63 44 72 68
0
2 82 50
0
4 43 2 66 62
3 26 26 13
4 52 82 3 35
3 6 69 76
4 63 44 21 54
2 26 41
2 20 61
1 30
0
3 64 66 53
2 71 44
1 41
4 40 53 32 40
6 98 37 32 51 34 30
3 57 45 43
0
0
0
1 46
4 51 67 37 9
4 37 55 28 51
4 71 51 40 23
2 51 17
2 63 65
1 58
4 54 33 65 33
3 54 47 91
0
0
0
3 79 63 70
3 43 59 3
7 45 62 26 48 38 36 31
2 38 54
1 35
2 47 59
1 17
4 79 65 44 15
1 81
1 27
2 79 38
2 46 83
1 45
1 55
4 67 70 76 39
1 69
3 59 36 55
5 34 77 54 47 90
2 60 37
2 15 33
4 48 64 28 81
2 43 80
0
2 55 64
3 19 68 38
1 53
0
1 28
2 69 57
5 88 62 50 45 27
5 74 50 64 26 73
3 49 66 37
3 34 67 75
1 52
3 69 86 34
3 75 86 16
2 36 48
2 53 32
2 58 38
3 51 53 73
1 47
1 72
3 30 81 91
1 54
2 69 40
1 29
3 59 63 51
0
3 46 30 24
3 4 30 35
0
3 51 77 44
1 26
0
4 37 40 68 42
2 25 36
1 79
3 52 73 43
3 58 49 26
3 70 31 87
2 64 57
4 46 49 50 38
0
3 67 39 42
3 80 41 57
2 44 19
1 48
3 49 61 6
2 50 46
1 61
2 70 67
5 56 40 38 70 68
2 47 60
0
1 87
2 51 68
4 61 65 43 50
2 60 82
5 67 46 69 48 61
6 42 50 29 71 61 72
2 61 95
2 57 73
2 76 59
3 31 60 66
2 17 66
1 45
2 48 94
3 44 41 62
1 40
3 34 33 61
1 42
4 25 67 42 64
3 40 68 34
2 24 38
1 64
2 38 91
1 37
3 35 41 75
1 80
1 34
2 80 24
2 60 94
2 56 56
3 28 59 96
5 77 74 51 50 55
0
3 97 63 14
5 69 47 68 54 33
1 76
2 34 49
4 67 54 24 62
1 51
2 69 60
0
5 65 70 0 47 68
2 78 55
7 31 51 47 81 68 68 35
1 62
5 98 76 21 48 50
0
1 81
2 63 29
2 68 50
0
4 34 56 73 55
2 26 29
3 26 42 66
1 32
0
3 27 61 42
1 86
1 34
6 57 42 80 82 68 60
3 74 51 12
2 95 47
3 19 47 30
2 45 88
3 55 48 55
2 23 94
2 31 68
3 41 33 7
3 33 86 37
1 74
2 18 44
2 33 67
1 77
0
2 45 34
2 80 76
3 68 67 41
4 70 52 29 42
1 54
2 66 39
6 73 71 59 61 79 71
3 54 65 28
3 69 46 52
2 71 54
4 56 51 67 59
2 23 60
3 33 45 19
3 61 71 69
1 47
2 48 91
4 35 75 52 34
1 70
1 26
2 58 75
0
2 52 71
4 41 63 31 73
2 27 39
5 72 13 37 58 82
4 81 46 78 63
1 48
3 38 20 72
4 41 61 37 53
4 37 63 34 76
1 71
0
1 66
2 53 26
4 22 80 90 53
6 22 63 75 31 62 44
5 52 44 37 77 16
0
1 82
1 53
0
3 44 68 50
2 46 68
0
3 60 44 47
2 76 67
5 59 17 32 41 82
2 47 45
2 5 45
2 60 87
1 76
2 29 68
1 73
2 27 36
4 36 58 48 29
2 46 47
3 53 54 46
2 37 1
0
4 62 11 86 45
1 46
3 41 42 39
6 15 40 68 82 53 50
1 47
2 69 41
2 57 35
3 41 13 48
0
4 70 85 49 76
0
3 67 65 42
0
4 46 56 84 31
4 65 20 35 59
4 73 42 20 43
5 51 45 61 60 50
3 49 43 56
3 29 50 51
4 30 73 61 71
2 39 67
3 62 46 48
2 35 54
3 73 40 76
0
2 63 68
3 41 60 62
3 53 57 32
2 56 55
3 41 61 6
2 49 63
5 78 36 51 66 87
3 39 46 31
1 81
4 28 54 86 27
4 39 42 33 83
2 29 78
2 50 72
1 35
1 8
3 71 23 66
3 76 57 28
1 67
3 49 72 87
0
5 82 58 67 41 66
2 47 45
1 57
3 19 60 50
5 73 65 72 73 62
3 46 40 76
1 76
5 50 43 45 62 42
2 1 59
1 55
1 66
3 47 33 47
2 46 39
3 37 9 85
2 35 19
2 75 64
2 48 53
4 0 51 64 41
5 54 51 79 60 55
1 88
3 28 88 31
3 56 32 71
0
3 70 50 35
2 50 28
4 16 61 46 17
2 18 27
2 60 54
0
1 48
0
1 29
3 56 55 56
2 67 10
2 50 51
1 67
5 23 11 60 69 23
3 99 47 60
3 85 41 48
6 81 57 30 58 26 79
2 24 4
6 44 29 61 78 60 59
3 49 58 37
1 51
4 39 84 58 36
0
2 75 27
5 72 61 54 58 30
3 79 37 51
2 67 68
0
2 54 23
2 61 43
2 60 52
4 70 43 23 8
3 48 54 10
2 89 48
5 41 52 40 32 32
2 74 2
1 66
1 12
3 46 26 38
1 45
4 51 69 56 72
2 69 65
1 37
4 34 58 33 64
1 60
2 33 51
4 47 56 66 34
4 20 57 59 66
1 59
1 33
1 66
2 73 30
4 59 48 50 46
1 49
1 50
2 48 68
2 43 55
2 51 78
2 81 45
2 61 21
6 37 68 67 83 45 44
4 18 30 58 85
3 30 68 63
1 54
2 57 63
6 64 22 28 51 68 60
3 65 29 71
2 69 40
3 60 65 39
4 43 50 59 79
3 26 31 51
2 57 42
6 41 40 71 46 53 44
2 36 44
5 48 27 22 31 56
1 55
1 18
1 43
6 36 60 75 26 58 52
1 79
2 71 55
0
1 28
1 61
2 94 42
3 56 36 63
1 24
3 52 24 60
2 61 27
5 54 72 53 73 50
1 57
1 79
2 31 81
1 54
3 34 85 42
1 49
5 71 49 72 44 53
5 57 39 58 84 30
4 53 57 90 56
3 53 64 53
1 47
4 26 68 43 81
3 49 57 24
1 55
6 58 46 73 48 33 37
3 69 51 24
1 57
2 36 44
1 72
2 37 45
4 61 40 31 53
2 59 62
2 69 33
5 64 62 6 82 17
2 9 60
2 35 17
1 57
4 46 23 36 42
4 72 35 61 50
2 66 49
5 62 42 81 71 24
2 76 68
2 12 49
4 55 21 61 64
1 25
1 67
0
0
1 54
1 50
3 43 52 88
7 52 58 99 26 37 50 41
0
3 50 44 32
4 61 53 53 60
5 71 64 55 22 62
2 26 79
4 82 60 20 51
1 72
1 64
3 32 6 55
2 55 29
2 65 45
1 23
6 59 43 46 67 53 40
2 46 63
4 50 63 68 48
3 55 60 29
0
4 37 50 62 55
4 40 57 40 45
1 41
3 31 57 55
0
3 12 80 44
6 15 65 40 47 42 56
1 35
3 48 54 13
5 46 40 83 24 34
4 51 95 76 46
1 69
4 45 52 59 79
2 78 98
1 40
1 46
5 85 46 77 64 19
1 61
4 46 61 42 13
1 56
1 91
2 96 34
2 74 55
4 34 64 36 51
3 54 49 24
2 50 60
1 48
0
2 32 70
3 20 40 42
3 34 54 58
3 53 39 64
4 45 46 55 62
4 28 15 29 40
3 35 56 40
3 77 56 45
4 42 68 68 66
6 46 29 36 71 23 50
4 30 51 37 56
2 51 17
6 4 53 64 73 38 39
1 55
1 42
2 93 71
2 58 49
3 27 29 75
5 34 37 59 31 43
2 50 52
1 34
1 74
1 45
1 56
2 3 39
4 57 30 66 47
1 32
2 46 25
1 25
1 66
4 16 77 85 64
4 31 10 42 44
2 20 54
4 43 56 65 72
1 62
3 81 75 31
2 55 59
2 19 70
3 59 34 25
2 37 76
5 66 52 55 55 45
1 47
1 67
2 65 34
4 24 45 62 42
1 49
2 91 47
2 16 60
1 30
5 46 56 43 27 70
3 44 12 10
0
0
6 27 61 61 38 26 72
0
4 52 25 42 55
4 11 26 15 46
3 68 44 48
1 51
2 39 37
0
8 53 52 54 22 61 45 70 73
4 42 46 34 57
2 67 32
1 59
3 56 69 55
2 43 44
2 26 74
2 56 78
0
1 38
2 51 89
2 52 37
3 63 57 24
2 56 50
3 38 37 44
2 40 53
1 37
0
2 37 23
3 35 48 48
4 63 77 35 54
2 29 51
8 61 23 7 59 30 13 56 65
0
4 60 99 75 60
2 40 30
2 48 76
1 38
4 66 40 54 44
4 48 32 30 21
2 48 65
1 54
5 50 44 57 41 65
1 61
3 80 66 21
2 81 59
1 48
3 62 53 58
1 70
5 59 22 25 46 68
1 24
5 66 61 80 50 47
2 32 65
2 28 47
4 30 82 36 49
0
1 54
4 57 24 46 62
3 42 35 70
5 43 25 83 89 28
0
3 53 55 54
4 29 72 52 37
5 43 48 50 34 15
1 55
4 66 66 46 48
1 67
3 56 17 94
2 86 32
1 53
2 58 60
4 74 30 44 54
1 9
0
4 38 69 54 51
4 78 70 56 53
0
2 32 23
2 59 79
2 49 50
2 48 62
1 36
3 60 88 60
3 44 91 21
2 43 51
1 21
1 43
2 37 52
3 84 72 45
6 82 72 10 31 48 47
2 22 44
2 4 18
4 67 40 52 26
1 21
3 2 69 12
2 54 22
3 43 29 57
4 68 76 69 42
4 93 27 43 35
2 48 25
4 43 68 77 52
3 28 61 91
1 62
1 78
2 38 87
4 77 4 36 60
2 17 77
5 53 36 45 30 33
2 25 32
3 29 26 45
4 56 57 23 98
2 54 28
2 35 39
2 75 33
0
5 28 39 38 26 35
0
2 58 51
2 72 45
1 23
8 63 43 25 62 38 58 34 90
0
0
2 51 48
3 40 42 66
3 81 82 51
1 69
1 16
2 64 27
4 84 79 3 18
8 58 52 52 36 34 53 50 55
3 40 45 0
2 73 76
1 87
3 60 45 27
1 21
5 61 29 26 56 49
3 56 72 70
2 42 30
1 0
3 55 49 51
1 94
5 71 51 72 43 33
0
4 68 83 31 60
0
4 30 59 76 67
2 65 85
4 19 61 7 47
3 44 40 47
2 36 53
3 43 20 49
1 18
4 12 18 51 60
5 47 60 56 51 59
5 66 47 47 37 22
0
3 82 69 8
2 61 57
2 88 34
5 51 46 61 45 93
2 61 39
2 56 84
3 22 46 47
2 70 63
0
1 31
3 46 48 45
0
3 65 22 8
3 67 82 70
2 15 72
3 47 37 49
3 41 99 21
2 49 78
2 85 15
2 40 69
4 46 15 30 57
4 23 48 16 70
1 60
1 53
1 34
2 50 64
2 44 18
0
5 44 44 51 78 52
3 27 55 54
2 56 71
2 49 88
1 73
0
2 40 56
1 54
5 14 11 37 32 52
4 46 43 55 32
3 67 45 83
4 42 58 13 19
4 37 60 1 27
2 37 50
0
1 46
3 90 65 85
3 78 80 63
4 31 46 61 54
4 50 53 47 72
3 26 36 60
4 42 55 59 41
1 23
3 66 34 20
2 35 91
6 50 27 46 13 36 74
0
0
2 38 42
4 49 56 59 54
2 17 69
0
2 92 25
3 71 66 89
1 98
1 35
2 61 100
1 40
3 51 55 38
5 46 31 40 62 47
4 23 24 52 23
5 45 23 41 39 44
4 54 68 71 41
3 52 25 81
3 59 30 85
2 21 63
2 38 56
3 45 68 32
1 66
3 31 19 25
1 82
2 65 54
1 48
1 59
3 32 7 32
4 38 38 51 26
0
4 55 21 42 36
2 47 30
5 48 38 49 72 40
5 33 39 21 40 47
1 47
4 39 19 31 55
3 40 29 48
2 66 40
2 39 37
2 29 56
1 53
2 66 38
1 48
3 66 32 47
1 68
2 9 49
2 70 100
2 36 61
2 75 59
2 32 66
1 38
2 55 35
2 38 52
2 67 34
3 52 89 46
1 65
2 38 51
3 84 53 30
0
4 86 75 34 47
4 62 48 50 75
3 69 33 40
4 90 75 33 67
2 70 60
3 45 51 78
1 80
2 36 63
0
3 33 65 29
4 31 61 56 41
2 56 74
3 23 39 30
2 47 54
4 33 67 83 61
2 20 29
2 51 38
1 35
2 40 58
1 53
0
4 35 38 67 50
6 56 21 29 34 24 52
8 44 64 69 73 92 63 89 43
0
1 64
5 50 35 72 19 20
1 57
1 85
2 45 23
2 49 50
1 57
4 46 76 57 45
1 36
4 24 45 33 19
2 74 37
0
2 57 55
2 37 76
3 77 68 55
2 32 17
3 90 40 47
1 76
1 39
2 59 46
3 40 82 58
2 50 23
1 56
4 57 95 38 74
2 28 60
1 31
0
4 50 31 51 64
3 65 61 71
1 31
3 55 20 73
4 28 35 65 50
0
3 74 64 50
3 66 52 27
0
5 46 33 21 82 43
2 60 72
4 84 38 28 44
2 53 48
4 15 39 19 50
0
3 50 45 44
1 47
2 60 79
2 42 31
3 41 56 52
2 22 48
4 72 69 36 68
4 73 37 19 36
3 42 30 49
3 90 43 31
3 51 86 52
4 40 81 44 68
1 59
3 58 79 41
1 72
1 57
1 10
2 17 8
0
4 24 76 19 72
2 40 35
2 46 67
1 39
3 68 80 59
3 46 19 44
1 89
4 55 45 85 36
2 22 26
1 41
0
3 48 37 54
5 54 35 78 51 11
1 60
1 65
3 42 37 73
0
3 54 52 52
4 67 41 73 55
0
4 54 71 42 46
6 58 69 48 46 87 66
2 54 55
3 56 59 62
2 44 68
1 98
2 50 55
4 45 40 40 81
2 65 36
6 69 34 47 35 90 72
1 54
4 48 64 26 11
3 44 23 38
1 58
1 43
1 45
6 58 88 84 73 26 89
3 34 31 49
2 75 53
4 78 81 48 50
3 49 49 67
1 57
2 61 64
1 75
1 48
0
2 71 92
0
1 12
1 16
3 44 33 46
3 31 65 37
4 44 34 40 58
2 54 54
2 32 25
0
2 27 62
3 66 54 54
0
3 58 43 50
2 46 29
2 74 58
4 9 62 53 56
2 47 51
1 62
1 52
1 31
4 61 75 78 51
2 45 50
3 63 53 25
3 46 53 94
2 29 84
3 61 29 56
2 32 46
1 70
1 43
2 43 69
1 69
2 81 41
2 63 71
4 73 55 32 38
2 88 41
4 67 35 88 31
2 37 16
2 58 56
1 35
3 22 53 17
4 40 81 49 74
4 32 79 45 61
3 40 29 42
3 39 93 32
2 81 54
2 61 42
6 57 28 44 76 69 51
2 56 43
5 37 30 18 20 41
1 55
2 61 28
2 44 43
2 42 40
0
1 57
1 59
0
1 51
2 47 24
3 34 63 48
1 20
2 37 57
4 22 21 9 34
1 36
2 62 34
2 36 51
2 60 47
2 61 53
2 56 78
4 51 3 25 36
0
3 59 61 50
0
6 73 4 50 62 32 60
3 28 45 39
1 42
0
2 62 66
3 39 62 31
4 50 78 73 48
3 15 36 21
2 46 76
6 56 26 66 69 22 50
2 14 59
4 54 7 44 35
1 26
2 28 79
3 52 17 29
5 39 49 56 64 7
2 60 53
3 61 68 11
5 40 48 27 70 68
1 52
1 61
2 44 51
1 88
2 24 11
1 54
0
2 44 51
1 58
3 30 97 94
2 47 64
0
0
1 30
0
1 49
4 36 11 41 31
3 56 39 59
3 78 75 75
2 32 73
2 51 48
0
1 39
0
4 79 42 58 62
4 57 27 24 54
0
2 59 86
0
2 49 68
4 53 37 50 70
2 60 64
6 37 25 52 69 44 65
4 27 75 9 34
1 51
2 29 44
1 45
1 63
1 54
1 45
1 48
4 40 42 72 7
0
2 41 63
2 88 50
3 57 50 48
2 58 63
1 39
3 74 62 52
1 37
1 18
3 43 79 28
3 63 41 34
1 63
3 8 61 55
2 38 29
0
0
3 70 58 44
0
2 56 71
2 72 44
0
3 51 87 75
1 36
4 73 58 62 4
1 34
4 50 44 37 80
2 31 42
3 36 47 48
3 39 29 62
6 81 1 75 54 48 60
0
1 26
2 92 62
1 47
2 42 28
4 30 60 72 76
3 49 63 47
3 73 44 58
1 61
1 25
2 32 48
1 45
0
5 55 67 47 48 56
1 19
2 4 62
1 68
1 24
5 28 41 27 11 69
4 48 31 15 46
0
2 59 44
5 39 33 41 40 91
1 35
0
3 26 43 55
1 19
3 40 63 45
0
3 90 70 48
2 29 69
1 50
3 60 25 33
1 48
6 32 29 29 38 76 71
0
1 69
1 50
2 53 28
0
2 35 54
1 68
3 70 55 80
1 15
3 27 84 73
1 74
1 55
3 47 15 82
1 74
2 61 60
4 48 60 35 46
2 17 29
2 24 1
2 62 69
2 63 18
1 42
2 70 25
1 35
1 44
1 61
2 27 19
0
4 84 26 47 47
4 61 57 90 64
2 46 39
2 38 42
2 69 53
0
5 47 52 57 43 64
1 27
3 22 26 56
2 65 35
0
1 72
1 17
4 30 52 52 48
2 33 39
3 58 65 14
2 51 51
2 31 70
2 38 34
5 40 33 45 20 21
4 98 42 75 89
2 33 36
2 38 61
1 57
1 10
2 56 44
4 59 82 74 53
3 29 49 51
0
2 5 39
0
2 66 62
1 42
5 33 66 43 21 29
2 46 31
2 40 61
1 60
0
0
1 39
1 61
4 0 62 10 42
1 67
0
1 26
0
0
1 64
1 57
2 35 58
2 19 84
2 40 20
1 76
3 50 71 66
5 74 40 39 66 67
1 41
2 73 59
1 74
3 12 65 72
1 63
3 50 29 36
2 44 15
4 46 80 23 29
2 56 42
0
0
3 40 31 36
2 75 50
1 57
2 62 65
4 39 53 13 60
1 48
0
4 62 56 48 41
1 57
6 36 74 18 47 37 47
1 67
0
2 39 67
3 58 78 95
2 56 95
1 21
5 45 66 29 56 69
2 82 7
0
1 17
0
3 32 59 44
3 83 40 46
0
2 80 92
3 60 42 60
3 29 68 58
2 51 52
2 56 84
1 58
1 27
1 44
2 12 30
1 39
3 72 48 61
1 30
1 66
0
1 58
1 62
2 66 21
2 19 72
1 59
2 72 66
2 75 8
1 74
2 61 33
1 43
0
0
4 56 49 53 77
4 39 70 46 78
3 51 35 53
1 28
4 18 66 60 52
1 78
2 59 61
0
1 34
1 12
2 32 86
1 90
1 56
1 39
1 72
0
3 52 24 46
2 8 92
0
3 69 44 26
1 55
1 31
3 75 64 66
2 74 61
2 68 20
0
3 48 53 49
4 83 60 50 40
0
2 40 78
1 48
1 81
1 49
1 29
2 5 12
0
1 35
2 47 47
3 43 25 28
2 39 42
1 57
2 76 22
2 43 18
1 76
2 52 85
6 40 51 43 62 11 24
3 49 43 22
4 38 66 60 23
1 29
1 38
4 12 32 49 35
0
1 44
3 69 32 44
1 15
0
2 50 69
0
0
0
3 30 84 88
3 41 69 86
2 52 85
0
1 24
2 81 46
3 98 63 31
4 52 43 60 50
0
0
1 29
2 63 40
3 61 57 61
1 29
1 75
0
0
2 71 36
2 67 41
2 20 48
3 23 43 70
3 73 14 46
0
2 4 45
2 59 44
2 27 90
2 77 36
1 57
1 66
2 89 55
5 74 91 25 51 59
2 18 41
2 58 29
1 69
2 61 55
2 38 46
0
0
2 50 75
1 51
3 15 71 46
2 36 38
1 73
0
2 44 34
1 24
1 37
1 65
3 44 44 59
3 3 13 34
2 66 56
1 64
1 34
0
3 57 38 49
1 37
1 64
2 41 53
1 59
1 49
0
2 64 17
1 38
2 19 47
2 57 38
0
4 52 49 53 81
4 70 41 51 51
0
1 37
1 44
2 56 74
2 85 79
2 63 46
1 47
1 71
1 25
2 22 85
0
0
0
0
3 50 69 12
0
4 22 39 52 45
1 40
3 77 77 51
0
1 46
1 25
2 53 48
2 75 44
1 61
3 90 59 56
0
1 3
2 44 48
1 73
1 17
2 70 55
1 55
1 26
4 57 75 17 71
0
1 46
1 45
1 49
1 83
2 45 67
3 51 94 45
1 45
4 53 87 59 42
2 45 75
2 49 36
1 39
1 54
3 76 46 27
2 58 30
0
0
1 63
2 22 74
0
0
2 75 25
3 76 38 59
1 52
0
0
1 45
1 41
2 48 51
1 62
2 84 65
3 87 56 46
0
0
1 51
2 54 40
2 70 52
2 82 66
1 49
2 63 45
1 48
2 45 56
2 57 96
3 42 70 64
2 46 66
1 52
1 79
1 64
2 51 73
0
1 31
1 57
1 53
0
1 28
1 54
2 47 82
3 69 69 33
0
4 82 38 65 66
2 47 59
1 36
1 62
1 72
2 79 52
1 44
1 29
3 46 38 58
1 21
0
0
1 49
0
0
3 68 73 35
1 58
3 1 54 29
5 40 22 67 17 78
1 44
0
1 21
1 41
1 43
1 44
1 25
2 7 79
0
0
1 60
0
1 35
1 7
3 32 62 77
2 17 71
1 47
1 46
0
1 7
0
2 75 93
0
0
0
3 53 27 66
1 53
0
2 50 36
2 69 52
4 44 83 31 97
