3600 4
2 58 75
1 44
0
0
1 32
0
0
0
2 56 51
2 66 86
0
0
0
2 66 80
0
1 30
0
0
0
0
1 52
2 57 25
1 59
1 49
0
0
1 59
0
1 50
0
1 53
1 29
0
1 55
0
1 57
1 68
0
0
1 22
0
1 57
2 63 38
1 47
1 55
0
0
2 54 61
1 83
0
0
0
1 38
0
0
0
0
2 33 32
1 15
0
0
0
0
1 61
1 58
0
1 53
0
1 25
1 58
0
0
1 63
3 64 54 57
0
1 43
1 21
0
0
0
0
0
2 66 83
0
1 65
1 40
2 83 70
0
0
0
0
0
1 71
0
0
0
0
0
1 27
0
0
0
0
0
1 64
2 7 69
1 61
2 0 44
1 67
0
0
0
0
0
0
2 40 38
1 56
0
2 48 54
0
0
1 31
0
0
0
0
0
0
2 42 10
0
0
0
2 90 58
1 32
1 52
3 43 33 42
2 42 70
1 66
1 86
0
1 29
0
0
0
0
0
0
1 65
0
0
0
0
0
1 55
0
2 59 36
1 57
1 39
0
1 44
0
1 46
1 73
0
1 46
1 73
1 39
1 34
1 69
0
0
2 34 78
1 78
0
2 38 52
2 52 33
0
0
1 42
0
0
0
0
0
1 62
0
0
0
3 32 36 26
0
0
1 30
0
0
0
1 48
1 88
1 58
1 79
2 93 35
0
0
1 58
0
0
1 7
0
2 50 55
1 75
0
0
0
1 61
1 46
0
0
2 64 19
2 48 40
2 50 44
0
0
0
0
0
2 49 17
0
0
1 19
1 70
2 52 70
0
0
1 31
0
0
1 27
0
0
2 32 47
1 74
0
1 85
1 68
2 54 82
0
0
0
1 28
1 59
1 67
0
1 53
0
0
1 36
0
0
1 50
1 57
1 55
1 7
0
1 71
0
0
0
0
2 36 31
0
0
1 55
1 66
2 8 79
2 51 49
2 35 81
1 64
0
0
4 36 80 37 26
1 72
0
2 49 30
0
0
0
1 38
1 68
0
2 48 59
0
1 33
2 62 46
0
1 87
0
0
0
0
0
2 53 52
0
1 38
1 30
0
1 50
0
1 51
2 10 63
0
2 76 60
0
3 28 37 44
1 66
1 67
0
0
1 46
1 48
0
0
1 22
0
1 90
2 28 72
1 56
0
1 30
0
0
1 44
1 36
1 78
1 65
0
0
0
0
1 62
1 68
3 44 75 49
1 60
1 32
0
0
1 85
1 33
1 46
1 83
1 14
1 24
0
1 62
1 71
1 46
0
1 72
0
0
1 72
1 96
3 18 74 61
1 8
1 41
3 97 28 61
0
1 34
2 39 29
0
1 81
1 64
1 64
0
0
1 95
1 40
0
0
2 67 50
1 46
1 45
1 20
0
0
0
0
0
0
4 59 70 41 31
0
1 54
0
2 64 26
0
0
1 44
1 24
0
0
0
0
0
0
1 39
1 49
1 32
1 53
1 51
3 51 57 63
1 53
2 15 65
3 6 12 25
0
0
3 43 63 30
2 62 65
1 56
0
0
0
0
1 42
0
2 67 53
1 36
0
1 45
2 59 56
0
0
1 57
1 27
0
2 61 38
0
2 35 46
1 28
0
2 51 33
0
1 49
2 76 43
2 42 48
1 19
1 49
0
1 72
2 75 76
0
0
1 17
1 56
0
1 76
0
1 55
0
0
3 83 66 35
1 53
2 24 70
0
0
0
2 51 31
1 69
0
3 54 67 44
1 38
1 72
1 42
0
2 47 41
1 32
0
0
2 43 25
0
1 52
0
4 19 3 52 27
2 66 40
1 75
0
0
1 33
0
3 57 37 38
2 68 14
1 74
1 21
0
2 70 32
1 80
0
1 34
0
3 48 43 35
0
0
0
3 51 59 48
1 32
1 56
1 90
1 65
2 51 61
0
2 82 46
2 17 46
0
1 17
0
0
0
2 12 67
1 70
1 57
1 50
1 30
0
2 15 60
0
0
2 43 41
1 48
1 52
2 54 59
2 37 40
0
0
0
1 52
0
1 71
1 48
0
1 25
4 61 71 55 83
3 49 33 65
1 68
0
2 47 49
1 30
0
2 69 58
1 85
2 33 33
1 62
0
1 73
2 66 30
3 87 68 33
1 27
1 71
1 39
1 58
0
1 49
3 68 13 37
0
0
2 86 46
2 39 29
0
2 40 25
3 50 41 37
0
1 32
1 56
1 44
0
0
2 57 53
2 17 30
2 23 62
0
1 85
0
0
0
0
3 32 58 25
2 63 21
0
2 55 47
3 49 37 47
1 65
1 34
0
1 27
4 46 52 45 85
1 44
1 41
2 55 46
0
1 30
1 43
2 67 28
0
3 64 75 47
0
0
0
2 38 81
0
2 16 44
1 64
1 51
1 79
0
0
0
1 14
2 69 33
0
0
0
1 64
0
1 70
0
2 77 92
2 72 46
2 86 66
2 44 32
0
1 39
0
2 57 59
1 64
2 40 53
0
2 60 26
3 22 35 60
2 71 39
2 45 45
0
0
1 44
6 56 41 72 45 43 71
3 46 58 24
1 50
2 15 23
0
1 84
0
1 36
1 12
1 43
1 72
3 50 64 35
0
2 53 56
3 66 35 61
1 40
1 32
2 61 25
2 27 27
2 66 57
0
1 67
0
2 63 62
0
1 90
2 23 48
2 26 23
1 15
2 48 43
2 42 30
1 27
1 90
2 62 3
1 64
0
0
0
0
2 91 59
2 3 60
1 45
2 34 39
0
0
4 24 57 72 58
3 62 66 48
0
0
2 45 59
2 60 84
1 61
2 30 46
0
5 28 49 54 48 44
1 68
2 49 56
0
2 71 82
0
2 67 57
3 46 75 22
1 73
1 75
0
4 63 48 29 81
0
2 33 77
1 68
1 63
0
3 48 50 82
0
1 58
1 83
1 5
2 67 48
1 26
1 9
0
1 39
2 97 56
2 87 37
1 57
0
4 39 56 57 46
0
1 39
0
3 48 68 43
1 31
0
1 72
0
2 71 55
1 59
3 53 92 66
2 31 24
1 59
2 36 31
1 20
3 24 40 68
3 67 51 35
1 46
0
1 36
3 24 23 65
1 60
0
1 56
1 31
3 50 83 21
1 72
1 24
1 91
0
2 46 86
0
1 63
2 51 45
1 22
2 29 50
2 4 37
1 33
2 30 42
2 55 39
0
1 17
3 51 48 39
1 37
3 75 48 34
2 23 37
0
3 80 53 42
0
0
1 58
0
2 64 69
3 47 45 50
4 40 65 43 62
4 71 69 47 43
1 54
1 58
2 54 22
1 27
0
2 62 33
2 81 37
1 50
1 19
0
2 73 16
0
0
5 36 68 59 26 83
0
1 32
1 36
1 53
1 66
0
1 69
2 51 58
1 59
0
0
1 37
0
4 46 36 85 33
5 30 67 40 63 70
3 38 30 52
1 55
1 78
1 28
3 41 44 30
2 38 54
0
1 15
2 35 14
1 81
5 72 39 42 43 43
2 54 94
1 48
2 21 17
3 79 35 49
4 74 39 55 58
0
1 31
2 11 22
0
1 44
1 29
0
1 23
4 46 40 11 39
2 62 3
2 75 55
1 27
0
2 60 34
3 88 86 38
1 37
2 51 45
2 42 20
3 62 29 44
1 66
1 54
2 47 57
2 32 53
0
3 29 55 55
1 1
2 33 79
0
1 7
1 38
0
1 75
2 46 53
3 81 59 39
0
2 14 73
0
2 8 51
2 48 88
1 49
2 51 53
2 36 58
3 41 50 28
2 73 57
3 57 51 42
1 54
0
4 61 52 33 41
1 34
1 83
1 78
2 29 33
2 47 41
1 33
3 50 33 40
1 72
2 28 44
3 37 42 29
0
2 42 81
2 56 42
1 42
4 43 44 74 65
1 74
0
1 52
0
0
1 48
2 61 51
1 57
1 44
1 52
3 38 55 66
0
3 61 51 48
2 56 50
2 57 79
1 54
5 33 83 6 37 83
0
3 49 56 20
1 77
1 39
0
3 45 60 49
0
1 2
2 65 47
2 79 22
1 14
7 3 36 34 88 45 25 79
3 52 52 76
2 43 53
1 19
3 64 33 74
0
2 16 79
6 50 66 53 36 39 38
1 90
1 9
0
0
3 34 11 34
0
1 54
1 67
2 50 80
0
3 5 45 70
3 40 71 48
1 48
2 45 71
1 64
3 65 61 77
2 37 70
1 78
0
0
0
1 49
2 85 27
3 31 55 79
2 50 51
0
1 56
1 28
2 49 59
2 54 44
4 42 28 52 48
4 42 41 38 44
3 24 61 68
1 39
3 16 87 52
0
2 60 44
3 31 44 38
2 13 82
3 32 18 65
0
1 64
3 63 75 60
1 30
0
1 66
4 73 76 54 30
3 31 43 27
2 0 29
1 58
1 54
3 57 72 61
1 75
1 15
0
3 3 59 69
3 75 29 77
2 52 65
3 87 54 89
0
0
3 53 39 68
1 49
3 39 44 40
3 35 65 63
0
0
1 44
0
2 41 73
3 22 40 58
4 25 61 32 24
1 59
3 47 72 49
2 39 88
0
2 83 80
3 60 35 36
1 53
0
2 29 70
4 54 21 61 58
2 48 37
1 75
2 35 36
1 73
2 53 49
0
1 33
2 37 36
6 61 95 65 44 70 78
1 38
1 51
3 39 37 12
5 26 51 57 60 49
1 10
0
1 60
1 47
3 36 9 50
3 60 18 29
1 86
1 43
0
0
3 31 71 4
1 59
2 24 72
0
0
4 94 49 49 22
3 32 15 75
2 50 44
2 25 31
3 26 39 16
1 62
3 39 52 49
2 42 48
2 79 50
5 47 61 75 66 24
1 25
1 46
3 24 75 38
1 42
2 89 36
2 38 81
1 25
4 63 72 46 76
6 30 57 44 75 66 19
2 29 32
2 42 72
2 12 38
0
4 80 43 74 48
0
2 52 30
0
1 64
1 51
1 75
2 48 58
1 89
2 42 61
6 47 49 40 44 37 97
3 64 39 69
2 32 35
4 50 71 34 28
1 31
4 62 50 56 59
2 42 52
2 55 67
2 37 55
1 66
1 68
1 60
0
3 55 51 42
2 58 75
4 23 38 53 46
2 70 18
4 15 74 66 52
1 55
4 53 73 47 48
1 49
0
2 28 48
2 63 67
1 21
1 43
2 66 62
2 73 65
2 45 63
3 53 66 33
1 73
2 66 39
1 30
1 31
5 25 33 9 74 64
0
1 80
1 63
2 66 67
2 88 62
2 52 62
3 82 18 86
2 60 52
1 44
3 16 40 78
0
2 81 39
3 56 68 24
3 62 31 61
2 66 47
3 57 31 71
1 46
2 59 81
1 22
5 35 55 66 44 43
1 54
2 27 49
4 57 43 40 34
3 72 30 78
0
2 38 43
1 7
1 36
4 71 49 36 34
5 70 57 42 51 53
4 41 57 72 7
1 14
0
1 37
2 55 53
0
5 64 74 42 45 53
1 56
1 63
2 75 58
2 25 100
3 72 99 31
2 32 74
1 29
0
1 54
2 31 74
3 34 65 54
4 64 36 66 51
1 25
3 24 66 75
4 60 68 27 36
1 67
0
2 43 38
3 69 80 34
0
2 58 53
5 67 66 39 50 63
1 50
1 47
1 45
1 38
4 60 75 65 62
2 22 42
1 35
1 58
0
2 52 25
1 33
2 50 87
3 21 25 57
3 52 46 63
4 36 21 44 36
2 33 51
3 43 83 47
3 55 13 53
4 61 23 35 55
4 51 37 66 69
2 54 45
2 59 49
3 31 39 55
3 73 30 84
0
2 56 63
2 77 25
2 35 13
2 65 53
3 57 65 56
2 67 27
1 29
1 62
1 67
0
1 36
1 53
5 81 15 59 52 23
4 20 53 68 29
1 30
1 52
2 34 60
2 42 37
3 69 56 27
4 86 73 30 37
3 68 53 53
1 69
2 64 37
1 22
1 47
1 57
0
1 55
1 66
0
3 55 54 38
4 45 41 50 61
3 52 89 43
3 15 48 87
4 52 69 55 46
2 42 41
1 58
3 79 59 61
4 45 38 38 32
4 93 57 21 32
4 66 29 58 62
2 35 59
2 56 46
2 37 50
2 40 47
2 28 34
3 46 71 45
1 59
3 71 27 29
1 89
1 23
3 55 54 4
3 55 35 48
2 27 79
0
1 29
2 59 27
3 2 37 89
3 41 64 70
3 15 44 49
0
1 32
0
1 43
2 48 87
4 78 60 57 79
0
3 41 53 23
0
2 44 28
1 51
3 45 42 44
2 59 63
1 51
4 9 19 34 92
2 59 71
3 25 49 40
3 41 32 37
4 25 63 69 63
4 49 33 74 49
3 37 61 22
3 58 48 71
3 8 64 51
3 33 52 56
2 48 74
4 42 58 56 61
3 20 34 72
1 42
1 62
5 79 65 49 36 29
4 19 69 16 88
4 8 13 56 58
2 67 34
2 50 78
1 64
1 64
1 69
2 45 57
3 43 23 25
2 58 65
2 73 73
1 56
3 31 24 7
3 64 91 83
3 59 77 42
2 20 55
0
3 64 69 11
4 39 62 56 54
2 51 38
1 61
6 20 62 66 70 54 63
4 45 58 24 40
2 56 62
0
2 47 72
1 54
3 40 53 46
4 56 86 63 60
2 89 47
4 48 69 36 55
1 59
0
2 46 51
2 47 22
4 74 30 43 82
0
0
1 19
4 29 44 48 55
2 73 85
1 30
7 95 52 91 47 93 23 42
2 59 57
0
5 44 33 36 69 60
2 22 18
3 62 41 32
3 29 25 34
1 84
2 70 35
2 70 86
2 62 48
4 30 56 39 39
1 49
3 20 44 22
3 69 70 80
2 8 55
2 45 24
2 77 41
2 55 31
1 83
1 83
5 49 43 41 38 57
2 65 44
1 48
2 58 39
1 31
5 40 56 41 53 58
1 33
5 36 48 44 33 65
0
2 39 93
1 63
2 84 43
3 69 31 66
2 43 44
3 25 63 57
4 29 91 24 54
4 69 42 27 52
4 33 27 59 58
0
2 59 50
1 78
2 75 49
1 100
3 18 25 87
6 18 66 68 6 11 39
5 67 54 47 55 29
2 38 61
1 39
3 33 75 48
1 67
4 69 37 43 43
5 79 5 61 92 43
3 68 33 11
3 41 42 5
2 53 58
3 36 54 5
1 83
2 60 51
0
2 45 45
2 45 67
3 57 46 52
2 18 42
1 75
3 36 80 78
2 77 32
0
1 29
1 59
2 93 26
1 36
1 76
5 34 27 85 77 73
2 37 21
4 28 100 62 49
3 76 61 68
2 37 51
3 37 32 58
5 52 25 39 60 53
2 19 60
1 24
3 48 35 51
1 46
1 50
0
3 54 13 72
0
1 50
1 86
0
0
0
11 62 42 39 40 85 38 20 57 31 49 47
3 38 31 75
5 12 17 34 74 63
3 28 26 69
3 35 75 41
3 52 35 45
2 31 45
3 59 57 64
2 67 55
1 46
0
6 10 39 42 40 62 43
3 38 45 92
5 54 56 87 55 89
2 65 51
1 17
3 43 35 14
2 34 27
3 77 58 41
3 65 31 1
0
2 59 18
1 39
1 68
4 72 38 55 34
2 40 48
0
2 42 78
4 44 75 32 69
1 51
2 90 92
2 76 17
5 62 46 45 31 74
0
2 82 52
3 44 64 15
0
3 35 67 75
3 57 68 38
1 47
2 50 72
1 89
5 79 60 57 13 33
3 48 13 62
5 22 66 60 8 82
1 43
2 61 74
4 64 71 31 27
3 22 19 81
4 49 65 48 54
0
4 41 48 51 57
3 36 22 27
1 34
1 33
0
5 31 13 43 56 48
1 63
4 13 59 55 39
2 40 73
4 40 46 44 61
3 59 48 73
3 54 55 24
1 45
3 44 66 67
4 67 42 30 64
2 42 70
2 36 34
3 63 71 68
1 39
1 57
4 97 83 59 94
5 68 64 42 59 14
0
1 67
1 57
3 37 51 37
5 31 51 46 17 9
6 77 38 47 64 67 71
1 51
2 45 30
2 14 59
3 30 61 25
4 44 51 31 73
1 39
3 57 37 48
1 18
2 59 40
4 61 61 79 64
0
1 60
3 33 71 52
4 60 43 66 46
2 52 47
1 70
3 45 42 50
4 64 59 69 41
2 55 43
4 58 62 33 69
1 56
5 64 40 64 96 79
2 64 38
2 46 14
3 34 59 64
3 98 37 66
1 63
2 37 51
1 54
4 58 90 55 63
3 36 84 88
1 44
5 72 64 37 14 49
1 41
1 54
2 45 26
4 71 61 68 79
2 20 70
1 59
7 65 2 49 21 42 38 87
2 54 91
3 68 2 67
4 32 37 63 46
3 52 27 66
1 37
3 61 62 80
3 28 37 57
2 12 41
2 61 48
1 77
0
1 14
0
1 69
7 12 60 30 84 52 38 60
4 75 79 79 67
2 47 97
3 43 42 38
3 40 36 22
2 43 13
2 53 53
2 2 68
1 39
0
2 58 58
2 71 40
3 53 60 46
2 37 56
1 65
7 56 43 52 42 75 70 48
4 40 79 50 22
2 46 45
1 47
2 41 42
1 71
1 67
0
1 66
2 50 50
4 61 97 56 69
3 45 59 59
4 47 67 88 24
3 34 39 61
2 59 23
5 58 52 61 55 55
3 50 70 46
3 74 53 45
2 35 47
2 55 60
1 61
4 33 45 81 65
2 35 57
4 15 55 56 33
2 30 42
3 56 71 41
2 61 57
1 46
4 48 40 38 19
3 8 47 51
2 48 63
1 48
2 54 79
0
1 72
4 54 30 60 56
1 64
5 52 29 39 92 48
3 49 29 49
2 56 49
3 71 44 73
2 53 31
2 78 53
1 51
2 51 36
1 37
1 24
3 25 62 19
7 54 68 63 40 53 33 54
1 63
2 15 83
2 61 40
3 23 41 37
2 33 63
3 67 33 30
7 56 21 60 36 41 72 85
6 85 40 26 67 70 56
2 35 48
6 20 42 71 29 47 25
3 55 16 65
3 52 28 76
4 47 36 39 35
2 28 56
1 32
2 77 43
2 64 36
0
3 47 60 51
6 38 55 49 57 62 51
0
0
4 41 32 34 23
0
2 85 51
5 52 36 48 63 59
0
0
4 54 36 29 64
4 36 90 59 41
2 31 47
3 51 98 22
3 76 39 77
6 38 62 25 57 44 26
0
3 69 52 36
1 35
3 46 34 51
5 33 15 36 46 49
3 35 54 51
2 68 26
4 55 28 61 51
0
0
1 75
2 26 38
5 54 49 18 15 5
3 76 23 57
4 53 48 53 59
2 52 54
2 57 46
7 18 42 22 62 41 75 36
2 54 35
0
3 39 61 49
2 67 47
2 56 49
2 45 17
7 49 53 34 24 22 69 61
3 41 63 30
1 84
3 46 28 52
2 75 66
4 46 86 55 58
2 66 42
4 28 21 48 54
2 36 60
2 31 79
5 40 45 40 82 66
2 63 30
1 41
3 44 57 40
2 40 18
1 36
2 10 40
1 57
3 31 41 47
1 12
1 73
1 52
3 46 56 40
5 59 67 50 56 49
3 16 43 49
1 42
3 46 53 41
3 53 66 54
1 54
3 80 61 58
2 89 58
2 29 83
4 61 61 28 58
2 60 59
4 17 41 68 7
1 38
3 57 62 52
1 66
3 58 77 64
3 82 39 20
2 76 65
1 62
4 36 31 83 61
0
1 53
6 55 82 61 71 49 30
5 64 78 48 33 11
2 62 61
2 68 52
2 92 74
0
1 45
3 58 75 94
0
4 41 65 28 47
3 55 67 80
1 30
1 44
2 39 37
2 32 36
5 41 44 50 46 50
4 47 52 48 31
3 24 46 40
2 45 33
2 20 26
1 69
2 34 86
4 51 34 84 13
3 41 29 24
0
5 13 51 78 76 68
3 75 26 43
2 44 44
3 74 57 20
4 68 32 43 73
3 61 48 59
3 36 89 65
6 32 85 34 85 55 74
2 30 41
3 51 26 57
7 48 69 58 68 34 63 19
0
3 59 24 38
3 41 52 58
1 62
2 68 54
2 64 30
4 15 72 40 74
1 78
2 61 30
2 54 59
1 56
4 54 58 36 49
2 89 25
5 83 45 52 82 57
3 30 22 61
2 22 56
3 49 14 78
1 63
4 50 13 82 62
3 39 33 55
1 21
2 48 47
3 76 49 32
0
3 21 59 48
2 19 80
5 62 56 32 35 45
2 31 31
0
2 54 41
1 64
1 68
1 59
4 48 61 39 42
6 65 42 36 54 56 54
2 27 47
2 36 74
3 56 44 27
4 67 60 47 74
6 57 28 18 43 43 54
2 57 52
1 34
3 42 59 79
0
0
1 48
6 78 53 72 21 51 60
3 29 61 88
2 55 59
6 66 55 75 62 39 18
2 25 67
3 16 66 97
1 33
3 2 71 31
1 51
2 73 21
0
3 58 73 54
0
0
3 54 83 52
3 32 36 37
2 92 75
2 58 70
0
7 37 59 32 44 21 49 40
4 35 46 43 47
5 55 62 53 90 48
1 71
4 61 18 51 31
2 88 60
1 64
0
4 53 73 81 19
6 39 68 63 48 18 43
2 67 39
2 69 49
4 80 48 58 32
1 32
2 42 60
1 39
2 43 35
4 69 82 54 44
4 49 52 0 39
4 45 35 77 60
1 37
1 34
2 61 49
2 56 57
2 50 52
1 94
2 27 65
3 55 68 69
2 62 48
3 59 32 72
5 19 32 67 54 41
5 49 37 34 37 74
2 52 37
4 74 69 27 55
1 56
2 26 52
2 35 52
2 48 45
1 51
3 58 37 47
2 43 58
2 62 45
2 57 59
3 48 34 33
2 47 99
4 1 37 61 68
3 45 38 52
3 36 27 57
3 93 39 45
2 67 78
1 41
3 58 65 82
3 73 32 44
4 69 56 6 85
3 72 67 55
1 45
2 83 53
2 41 44
2 62 39
2 53 46
1 54
2 38 35
1 38
3 25 71 49
3 54 33 55
3 56 30 31
4 70 53 26 54
4 44 58 40 55
2 67 64
7 66 70 42 50 22 56 30
2 69 58
3 45 22 39
1 47
1 16
2 13 50
3 52 66 68
2 39 55
0
5 35 57 54 45 51
0
6 89 47 59 40 69 23
1 47
2 68 56
3 42 68 51
2 23 39
2 60 30
5 56 14 64 46 21
2 29 59
1 52
1 54
4 20 46 41 45
0
4 38 0 41 36
2 41 48
3 69 71 19
1 35
2 56 51
4 45 37 44 36
1 26
5 40 25 63 33 33
5 42 50 27 80 90
5 46 29 46 50 54
3 52 57 45
6 34 43 42 58 38 40
1 94
1 48
0
2 60 75
2 22 64
3 46 84 64
3 48 43 14
2 58 19
2 62 57
1 30
1 57
2 62 44
5 44 30 94 75 58
6 58 30 41 53 83 91
0
2 11 12
6 26 60 56 63 80 47
5 59 63 24 62 44
4 40 44 50 90
0
2 27 36
3 45 11 28
3 60 48 83
3 99 78 49
2 77 63
1 63
1 52
1 73
3 53 56 76
5 18 32 61 50 66
1 40
0
1 51
1 48
1 14
2 17 71
2 80 55
2 87 32
4 36 64 69 67
1 41
4 56 30 54 31
1 32
1 45
1 38
4 71 58 63 41
2 32 69
2 33 22
5 58 10 46 22 55
1 71
1 50
7 48 74 43 35 72 55 61
0
3 74 44 28
2 84 40
1 64
4 70 45 66 84
2 31 28
4 87 54 51 43
2 51 61
5 30 28 40 61 64
3 28 30 41
3 69 44 63
2 41 63
0
0
2 33 61
2 21 10
2 47 12
2 39 53
2 59 65
3 39 69 32
2 76 57
6 50 62 82 34 58 29
1 42
0
2 35 83
2 76 78
3 55 69 39
2 89 22
2 58 68
2 54 48
1 40
4 58 23 87 74
1 15
3 74 68 29
5 32 48 25 65 37
3 38 70 62
2 52 62
2 49 87
4 73 37 49 23
4 26 48 54 64
2 39 48
1 57
3 65 24 63
4 84 61 57 55
1 60
3 74 42 62
2 30 46
2 63 39
2 78 72
5 60 78 14 37 62
2 44 77
2 62 60
1 49
3 52 27 63
4 56 84 75 76
3 43 6 27
3 35 55 58
2 72 66
0
1 11
2 53 56
2 23 33
1 60
2 45 70
2 62 39
0
1 14
1 70
1 59
2 69 38
4 40 98 52 63
3 55 17 39
4 40 77 63 53
1 36
0
0
1 42
5 45 45 60 73 17
3 49 78 47
2 46 83
6 71 26 40 25 50 68
2 55 44
2 49 30
6 4 60 32 20 16 14
1 38
2 78 85
2 42 5
4 57 81 43 14
2 34 74
3 47 62 29
5 36 40 85 56 50
4 65 34 62 97
2 74 14
4 35 62 39 34
1 33
1 39
3 29 57 39
2 62 60
3 53 30 54
1 73
1 56
4 23 52 15 45
2 21 60
3 23 70 0
6 76 31 43 53 71 55
1 73
4 29 12 56 53
2 59 27
2 66 82
4 89 91 57 73
2 64 27
3 40 40 86
2 22 38
1 54
2 51 68
0
0
2 64 32
0
4 45 71 62 78
0
0
4 43 89 22 59
2 30 45
3 45 43 79
2 27 13
2 28 66
1 39
2 69 57
1 33
2 45 44
4 36 59 67 48
5 44 74 51 85 80
4 42 58 31 45
1 38
1 16
1 53
2 29 77
2 44 56
1 64
2 56 82
4 41 74 1 67
5 64 34 59 72 40
3 72 68 54
4 70 49 72 26
2 79 88
3 48 24 81
5 87 67 31 50 59
2 21 67
3 58 36 64
1 63
3 57 65 92
1 17
2 64 94
2 48 54
2 65 75
4 58 57 86 64
0
2 88 41
5 39 12 13 49 30
3 85 53 36
2 12 36
3 47 30 11
1 37
4 43 86 54 70
2 42 14
0
2 45 47
0
1 38
4 50 43 69 32
0
2 72 61
2 87 21
1 66
4 79 30 83 78
0
2 76 52
4 18 43 53 44
2 54 12
1 71
2 64 100
2 59 53
2 64 35
1 69
5 28 87 59 62 18
2 50 25
2 31 58
3 74 89 75
1 36
2 38 43
9 13 70 23 0 65 72 38 67 32
1 72
3 15 80 39
2 63 55
4 52 8 44 48
1 91
2 75 24
2 68 3
2 21 55
3 47 57 45
2 84 32
2 59 23
0
1 54
3 80 36 68
5 75 53 37 71 51
2 52 47
2 22 29
3 55 53 52
2 72 55
1 11
2 52 96
2 42 68
1 21
3 59 57 30
2 69 78
2 61 40
4 81 75 38 1
1 50
1 38
1 16
2 34 47
0
1 72
3 41 28 61
2 63 53
2 79 53
2 48 61
1 62
3 49 36 39
2 71 40
1 58
0
4 68 52 65 94
0
2 42 44
6 68 39 61 62 31 42
5 76 40 36 37 28
2 73 63
1 38
2 52 83
1 55
1 27
3 47 21 79
2 60 55
3 23 86 45
1 41
5 75 37 61 86 47
1 59
2 58 46
2 81 83
6 69 37 35 39 52 71
1 71
3 23 47 49
2 71 55
2 16 56
4 48 60 67 10
2 14 47
0
3 47 90 49
1 70
0
2 48 41
3 63 56 28
1 65
3 97 42 35
2 59 22
3 41 51 41
1 53
1 34
1 65
4 94 56 25 41
2 85 53
1 52
3 14 76 52
4 77 53 85 59
2 27 46
2 80 69
3 90 47 32
2 76 41
4 57 26 17 52
4 16 31 70 50
1 51
1 64
2 52 58
3 51 17 48
0
2 62 49
4 30 9 55 66
1 50
3 21 44 48
5 80 64 58 37 24
4 42 71 58 45
2 45 61
1 40
1 54
3 63 30 33
1 43
0
2 55 74
2 41 66
3 45 66 71
2 12 79
0
3 8 64 79
1 54
0
0
1 31
2 41 31
1 5
2 23 31
3 30 55 31
1 12
3 67 51 48
2 48 43
2 39 50
5 84 54 39 72 88
0
2 55 75
1 42
5 68 44 48 54 72
3 39 76 54
1 49
7 32 88 76 77 68 53 47
1 48
2 55 41
1 45
0
3 28 66 83
1 45
3 24 43 25
3 17 59 27
0
1 12
2 30 50
1 35
1 98
0
1 91
2 45 16
1 17
5 41 38 37 67 61
3 40 43 62
1 67
3 44 75 49
2 22 88
0
3 51 17 62
4 52 55 78 34
4 60 53 55 52
4 47 60 46 35
3 72 42 47
6 34 41 55 45 54 76
1 68
3 63 40 54
2 69 73
3 59 24 63
1 42
2 57 58
5 52 42 20 33 69
2 62 32
1 52
3 43 74 37
1 56
3 86 74 35
3 55 8 53
2 69 40
2 64 62
2 79 56
2 3 8
2 51 45
0
1 16
1 47
3 38 55 48
2 62 49
1 21
1 77
5 57 44 49 49 58
0
2 43 59
3 78 61 41
1 37
0
0
2 81 19
2 35 50
1 62
0
2 27 51
2 39 68
3 58 52 58
1 46
1 50
0
1 46
0
2 54 30
2 93 71
1 49
3 91 60 56
5 53 38 47 47 46
3 60 27 49
5 55 70 53 40 1
3 50 52 37
1 64
2 98 99
0
3 51 25 62
1 59
4 82 55 64 76
5 55 40 48 48 30
2 32 63
2 63 70
1 58
0
2 56 48
3 45 59 22
1 26
1 22
2 68 52
0
1 61
2 69 58
3 52 50 36
0
1 84
0
1 72
4 41 85 53 15
2 45 37
3 52 72 7
3 79 55 65
2 41 43
4 77 57 37 25
1 11
2 48 43
0
0
7 53 34 70 55 51 80 24
0
2 22 50
3 43 41 30
5 35 54 47 77 45
3 32 45 59
2 61 41
1 17
1 58
1 0
1 26
1 44
1 42
3 8 66 82
3 20 74 36
2 72 42
1 64
3 72 71 63
2 77 65
1 40
3 26 41 89
0
5 73 70 47 58 60
1 38
3 48 68 61
0
2 58 36
2 14 7
2 60 58
3 47 35 18
1 34
2 38 43
0
1 23
3 8 36 69
2 39 35
0
1 70
1 51
1 27
1 34
2 40 67
6 49 39 53 54 17 39
1 43
2 61 40
2 54 53
2 11 51
2 69 37
1 32
1 69
1 40
0
3 56 81 66
3 45 56 63
3 54 45 63
1 42
1 49
1 60
2 39 56
2 58 36
0
1 22
2 50 40
1 13
4 28 50 53 66
1 27
2 34 40
1 18
1 69
2 58 44
1 44
2 66 55
1 26
2 62 70
2 63 32
3 69 58 37
1 30
1 47
2 52 57
3 45 58 96
2 61 60
2 21 39
4 55 30 90 71
1 22
4 58 34 71 69
2 48 43
1 20
2 19 67
0
0
4 42 18 42 53
3 45 88 57
1 33
0
2 23 50
0
2 66 42
1 24
2 45 64
1 59
3 51 31 44
0
1 70
2 32 55
1 49
2 29 24
3 52 41 25
0
3 42 58 35
0
1 74
2 51 56
2 66 85
5 69 43 63 39 39
2 39 29
0
2 21 34
2 9 19
2 28 48
2 35 49
2 58 31
2 82 50
0
1 42
1 44
0
1 80
2 63 22
0
3 51 38 70
2 69 50
2 51 30
1 50
1 41
1 50
1 63
0
4 62 59 73 35
1 53
2 75 93
4 34 63 42 26
3 36 80 12
0
1 58
2 28 60
1 67
4 70 80 34 25
0
3 75 32 62
0
3 32 50 51
3 52 58 50
1 8
1 60
0
1 35
3 46 52 19
2 47 47
1 47
1 32
1 44
2 41 56
0
2 64 67
4 56 58 53 50
3 59 89 41
0
3 35 57 60
6 45 49 66 60 50 68
0
1 74
2 34 48
3 50 61 53
2 55 46
0
0
2 21 37
0
0
0
1 70
3 40 41 58
2 60 75
1 18
3 19 24 46
1 92
2 63 60
0
0
2 30 32
3 56 44 72
2 52 45
2 46 70
3 19 56 65
3 79 37 52
2 68 55
1 53
4 69 59 78 42
0
0
1 46
2 49 76
2 20 47
1 48
3 41 58 70
2 59 62
0
2 98 41
2 24 54
2 89 48
1 70
0
1 51
0
0
1 92
1 71
3 46 66 18
0
0
1 60
1 41
5 62 66 50 36 52
3 78 24 71
1 38
0
0
2 68 70
1 53
2 90 98
2 42 66
1 71
2 69 23
3 63 91 19
1 51
0
3 55 44 19
2 52 40
1 27
2 57 56
2 97 35
3 89 32 36
1 42
1 47
1 42
1 71
2 56 19
1 42
2 63 26
1 71
3 48 35 49
1 34
1 53
2 43 96
2 46 47
1 58
2 62 49
2 51 74
1 47
1 50
1 50
0
1 53
3 10 79 42
1 45
1 78
0
1 49
2 22 50
1 31
1 24
1 55
2 74 66
1 42
1 43
1 67
2 76 53
1 49
1 71
1 53
0
2 30 34
1 30
2 39 49
2 42 32
4 73 32 61 93
0
0
2 64 46
1 57
1 71
1 48
2 51 42
2 55 29
1 25
1 30
3 20 76 53
2 81 42
0
0
1 26
0
1 44
1 63
0
2 38 44
3 86 13 62
2 48 51
2 89 60
0
3 22 68 34
2 18 13
1 43
2 46 93
1 48
1 60
2 16 44
2 44 38
4 92 27 54 43
0
2 14 45
1 45
0
1 42
0
1 26
1 55
0
3 27 87 48
2 76 52
2 90 49
3 76 76 35
3 31 54 55
1 76
2 48 57
2 23 94
4 51 45 47 39
2 71 69
0
0
2 64 58
0
0
1 34
1 52
1 38
3 34 59 70
1 45
1 56
1 97
0
2 33 57
1 95
0
1 58
1 81
1 54
0
2 76 53
0
2 21 24
0
3 7 68 21
2 81 88
1 73
0
1 71
0
0
1 13
0
2 60 46
2 35 53
1 45
2 81 67
1 24
3 54 33 87
1 69
1 61
2 74 33
1 51
1 47
1 28
3 47 53 42
0
1 67
3 36 17 51
1 38
0
1 24
2 54 37
3 39 54 55
0
0
1 46
0
3 67 16 31
2 16 52
1 52
2 49 35
1 71
1 57
2 61 50
1 30
2 42 72
0
3 67 21 41
1 10
1 44
1 50
0
0
3 44 77 51
1 75
0
1 22
1 51
2 47 16
2 37 28
1 17
0
0
0
0
0
2 70 89
1 20
1 67
0
1 36
1 61
2 69 64
1 36
0
1 42
0
0
0
1 40
1 66
3 43 41 24
1 47
2 28 46
1 60
2 46 67
1 59
2 44 12
2 59 64
1 24
1 47
0
1 25
0
0
2 63 40
2 16 54
0
0
3 68 56 78
2 75 34
2 58 65
0
2 65 62
2 57 51
1 59
2 37 84
2 37 51
1 62
1 49
1 53
2 39 45
0
6 25 61 52 50 56 29
2 18 67
0
2 35 46
1 59
0
2 67 30
1 14
0
1 57
1 40
0
4 35 58 24 37
0
0
1 33
1 47
0
0
2 81 70
1 51
0
0
0
0
0
0
1 61
0
1 66
2 34 66
1 62
1 58
2 22 64
0
2 28 45
1 59
2 60 45
1 61
2 44 56
0
3 60 27 22
1 47
1 7
1 12
1 63
1 59
0
3 58 42 56
0
0
1 36
1 49
1 81
0
1 28
2 88 58
0
1 58
1 32
0
1 41
0
3 74 69 74
1 52
1 31
0
2 30 52
0
0
2 58 83
2 51 42
1 28
1 51
0
3 92 43 48
0
0
2 63 52
0
2 35 82
0
2 17 64
1 26
2 16 43
0
0
0
2 67 44
0
2 37 21
0
0
1 59
0
0
1 55
2 79 45
2 36 47
3 58 68 61
3 73 51 2
2 54 18
1 56
1 25
0
0
3 88 38 61
0
1 34
0
0
1 32
2 32 60
0
2 50 79
0
0
0
0
2 59 33
0
1 55
1 60
0
3 42 71 31
0
0
0
2 72 89
0
0
0
1 48
2 30 58
2 66 41
0
1 60
0
1 53
0
0
2 84 20
0
1 60
0
1 43
1 72
0
0
3 57 66 28
2 43 45
1 43
3 75 60 61
2 50 45
2 6 65
1 52
0
0
0
1 38
0
0
1 51
0
1 65
1 60
2 83 45
0
0
0
0
2 57 46
0
0
0
2 57 64
2 54 24
1 57
2 77 36
0
0
0
1 60
1 35
2 30 39
1 38
0
0
0
0
3 67 45 58
1 52
0
2 62 18
2 65 50
1 30
0
2 33 37
2 65 60
1 34
0
0
1 91
0
0
2 40 59
0
0
1 63
0
0
2 38 19
0
2 52 56
1 50
0
0
0
1 62
4 51 42 40 89
1 32
0
0
0
1 54
0
3 58 70 63
0
0
1 33
0
0
0
1 52
1 40
0
1 50
0
0
0
1 48
1 69
0
1 65
2 63 42
0
2 67 44
1 22
0
1 82
1 63
0
0
0
1 65
1 54
0
2 58 42
1 37
0
0
0
2 69 51
2 65 67
1 31
0
1 54
1 47
1 45
0
1 71
1 46
0
1 9
2 26 25
1 72
2 53 9
0
2 48 69
1 48
1 17
1 32
0
1 21
0
0
0
0
0
1 20
2 15 44
1 36
0
0
1 69
2 71 31
0
1 12
1 46
0
0
1 71
1 22
0
0
0
1 15
0
2 39 78
0
2 50 67
0
0
1 32
1 63
1 55
1 60
0
1 58
0
1 50
0
1 30
1 48
0
0
1 39
2 67 27
0
2 14 29
0
2 36 53
1 47
1 23
0
0
0
0
1 65
0
0
0
0
0
0
0
3 26 42 61
0
1 78
2 52 45
1 86
0
1 27
0
0
0
0
0
0
1 36
0
2 33 40
1 38
0
0
0
0
0
1 52
0
0
2 39 51
0
2 48 72
0
2 40 72
0
1 10
0
0
1 61
2 33 77
2 74 66
0
1 15
1 59
0
0
1 24
0
2 19 76
1 11
0
0
2 71 54
0
1 53
1 52
1 43
1 44
1 33
0
0
2 55 82
0
1 40
1 38
0
1 51
0
0
2 41 45
0
0
0
1 54
0
0
1 49
0
1 28
0
0
0
1 70
1 53
0
1 25
1 79
0
0
1 77
1 60
0
0
0
0
1 47
0
1 73
1 90
0
1 35
0
2 55 59
0
1 60
1 16
0
1 25
0
1 54
0
2 19 82
1 45
1 34
1 41
1 43
1 27
0
0
1 18
0
0
0
0
0
2 65 33
0
3 55 44 46
1 31
0
0
1 68
1 48
0
0
0
0
1 51
1 68
0
2 59 61
1 60
0
0
2 55 67
0
0
0
0
0
1 81
0
0
1 17
1 77
0
0
0
0
2 28 67
1 30
0
0
1 52
1 74
1 46
0
0
0
2 76 69
0
0
0
0
0
1 68
3 55 50 33
1 37
1 64
1 38
0
0
1 50
1 60
0
0
2 51 64
0
0
0
1 88
0
0
0
2 81 43
0
0
0
0
0
2 51 34
0
0
1 61
0
1 53
0
1 35
1 69
1 82
1 43
0
0
1 55
0
0
0
0
0
1 72
0
1 36
0
2 67 11
1 55
2 43 54
0
1 57
0
1 46
0
1 60
0
1 13
0
0
1 56
0
0
2 56 46
0
0
1 46
0
0
0
0
0
0
0
1 55
0
0
0
4 46 58 35 72
3 46 49 20
1 62
1 40
0
0
1 61
0
0
0
3 58 54 53
0
0
0
0
0
1 64
0
0
1 28
1 58
1 42
1 71
0
0
0
0
0
0
2 27 51
0
0
0
1 76
0
0
1 36
1 44
0
2 40 33
0
1 18
1 58
2 39 31
0
0
0
0
1 77
0
0
0
0
1 74
1 64
0
0
1 30
0
0
1 65
0
0
1 47
0
1 40
1 42
0
3 60 68 75
0
0
0
0
1 64
0
0
0
0
0
0
0
0
2 36 46
2 44 61
0
0
1 44
1 66
2 47 16
0
0
1 46
0
0
1 22
1 28
0
1 57
2 43 57
0
0
1 28
1 65
0
1 44
0
0
0
0
0
2 55 88
0
1 66
0
0
1 27
1 45
0
0
0
0
0
0
