3600 4
0
0
1 58
0
0
2 53 63
2 80 66
1 59
0
1 60
2 49 51
0
0
3 68 33 74
2 47 42
0
0
1 37
0
2 39 24
4 67 49 29 59
1 82
2 70 63
2 62 72
0
1 59
2 44 51
2 47 62
1 66
2 34 61
1 34
0
1 53
2 74 61
1 32
0
5 61 51 54 66 69
2 56 58
4 82 79 80 68
1 55
3 51 40 54
1 47
1 44
1 99
1 59
0
1 40
2 65 49
1 32
0
0
0
2 57 39
1 50
2 69 45
2 66 20
1 57
3 49 70 50
2 64 66
1 75
1 50
3 42 53 31
1 15
3 28 80 85
2 60 34
0
0
2 37 45
1 74
0
2 43 94
1 68
3 67 77 58
0
1 89
3 17 24 39
6 22 44 40 42 33 70
2 55 46
2 47 41
1 27
4 75 63 94 55
2 22 2
1 17
2 37 47
0
3 32 25 40
0
1 72
1 88
1 45
2 54 67
1 32
0
2 70 54
2 99 61
3 63 43 69
1 8
2 65 69
1 74
0
1 53
1 8
3 39 50 82
4 83 71 54 32
0
3 12 40 37
2 76 64
2 1 48
2 44 63
0
0
1 27
3 32 60 38
1 45
1 5
1 56
1 24
5 44 30 46 44 39
0
1 40
6 29 31 21 65 54 48
2 8 35
2 23 45
0
1 38
0
1 64
1 45
1 41
1 88
0
2 28 59
0
1 75
2 42 35
1 17
2 27 34
1 55
2 60 70
1 31
3 39 61 33
1 48
2 20 67
5 39 67 57 46 55
1 22
1 51
2 60 74
1 76
1 33
2 48 28
0
4 34 76 62 49
1 58
1 7
3 56 55 92
2 87 30
1 25
2 67 61
0
2 28 35
2 71 21
3 72 54 66
2 43 66
2 30 72
0
1 16
2 62 66
1 75
2 32 48
1 53
3 46 53 51
0
0
2 68 21
2 42 36
1 41
2 44 36
2 59 54
3 51 26 88
0
0
2 61 39
0
1 46
2 34 86
1 63
2 41 78
2 46 50
2 16 49
1 40
4 37 84 28 75
0
5 77 54 50 78 27
2 67 26
1 42
0
2 36 61
2 47 20
1 40
3 23 39 23
2 0 76
4 69 17 51 67
2 73 45
5 61 34 40 52 56
2 21 64
1 56
0
0
1 41
2 67 70
2 8 39
1 29
2 53 43
0
1 60
2 53 66
3 33 45 45
1 39
2 33 90
1 14
2 62 23
1 71
2 61 68
1 70
0
0
1 76
2 60 43
1 20
2 48 68
4 39 76 15 53
2 55 57
0
2 53 39
3 55 60 79
1 45
1 65
2 55 32
0
3 18 50 49
3 56 51 26
2 79 59
1 39
4 61 60 66 31
3 43 67 27
3 23 67 40
3 32 52 47
2 29 49
1 72
2 61 26
3 34 36 50
3 53 55 67
0
2 81 8
3 80 52 65
3 51 48 17
2 42 84
0
1 57
1 44
5 39 60 99 22 76
3 26 15 18
7 37 78 50 75 85 82 49
1 70
0
3 82 94 46
0
1 53
2 32 49
3 71 53 57
1 19
1 44
2 70 26
3 37 6 37
0
3 25 82 52
1 69
2 54 41
1 75
1 57
2 68 56
0
4 64 42 53 41
3 60 46 42
1 67
2 48 54
3 60 36 83
0
2 20 55
2 24 18
2 37 74
3 75 41 60
3 56 51 34
1 2
4 24 59 44 62
1 25
1 40
4 86 28 54 52
0
3 26 73 34
1 43
1 40
1 12
2 51 27
0
3 60 57 62
0
3 39 47 39
3 45 55 35
1 51
0
1 58
2 52 54
1 63
4 63 44 63 63
1 79
0
2 49 24
1 35
3 49 11 50
1 63
2 66 42
2 44 67
2 53 51
4 45 56 36 55
4 44 39 60 52
3 76 26 45
0
1 53
1 53
1 48
2 70 68
1 36
1 66
1 56
3 45 52 72
2 37 66
1 78
1 30
1 68
4 38 71 71 70
3 54 67 64
3 42 52 52
4 57 36 51 46
2 44 49
0
2 39 33
0
2 13 62
4 66 37 31 29
1 35
4 38 43 64 0
1 59
5 64 62 71 47 78
1 69
2 38 54
2 70 96
2 48 14
0
2 54 30
1 34
3 12 58 27
0
3 54 70 31
2 42 17
0
3 65 50 19
2 35 75
1 67
5 53 65 51 34 42
4 39 30 42 44
1 75
3 38 31 38
2 48 50
0
2 55 64
3 29 87 56
2 63 46
2 64 79
2 43 82
1 32
3 68 45 84
2 85 31
2 48 29
0
1 18
1 49
0
4 8 61 83 44
3 63 13 63
4 61 48 67 30
2 34 35
2 67 66
0
1 55
2 38 48
3 47 65 22
3 70 65 60
2 18 84
3 51 28 80
1 75
1 69
0
3 51 64 46
3 64 41 69
3 29 82 63
1 71
0
4 43 98 50 72
3 65 88 44
3 58 35 81
1 29
2 64 47
0
2 83 40
0
2 83 28
4 31 59 38 58
2 27 100
1 38
3 45 53 62
2 9 24
2 72 64
1 49
3 54 34 42
1 35
3 69 44 68
2 69 34
0
2 29 13
2 55 38
2 73 18
3 62 68 59
4 41 40 83 60
0
0
2 39 47
2 60 65
1 66
0
2 38 67
2 62 57
6 58 72 60 31 57 42
4 72 75 31 61
0
0
3 42 24 26
1 58
1 60
3 52 61 60
1 59
3 32 61 83
3 59 58 23
2 49 67
6 10 58 30 47 89 48
5 80 48 63 77 19
4 89 36 78 46
0
6 58 31 92 17 22 68
1 68
3 57 73 55
3 33 29 35
3 92 33 53
3 26 18 63
3 67 3 68
2 53 50
2 72 41
0
5 31 51 32 33 72
2 20 26
0
2 37 43
2 72 55
2 60 39
0
0
1 52
2 69 72
2 54 20
3 95 46 48
5 33 68 47 54 21
1 24
1 86
3 51 63 54
3 77 86 38
3 41 64 70
1 61
2 22 40
5 57 45 63 46 60
1 38
0
2 17 46
4 49 65 52 42
2 82 67
1 37
1 46
3 52 82 47
2 61 41
1 26
2 51 34
2 17 28
3 27 70 41
4 40 34 26 62
4 52 70 70 20
2 69 34
0
2 34 26
2 67 71
3 83 48 79
6 49 36 61 50 40 26
3 74 81 41
0
1 38
1 39
0
2 22 17
1 67
4 59 69 78 45
1 79
1 30
1 61
1 28
2 62 50
2 42 41
5 31 30 9 82 20
0
3 38 30 23
2 73 40
1 35
3 36 12 15
4 64 42 80 81
4 41 69 32 7
1 47
1 53
0
4 35 53 66 74
2 55 92
1 58
4 49 61 57 94
0
3 86 68 48
3 87 66 50
4 2 47 48 35
1 55
2 76 97
3 49 61 22
2 43 5
0
4 6 48 59 41
1 57
3 54 72 75
4 86 37 32 57
7 38 53 41 36 60 82 46
2 82 12
0
2 73 46
4 58 39 59 7
1 48
2 23 89
1 66
4 73 54 35 47
2 77 87
4 36 44 47 62
1 64
2 60 13
2 34 39
3 50 62 34
2 32 70
3 36 59 52
2 38 52
1 48
1 29
1 54
1 4
0
1 43
4 45 38 58 38
5 39 58 99 59 37
2 48 5
1 24
5 59 61 59 52 30
4 35 14 41 30
0
4 83 46 62 52
1 67
5 23 40 45 70 43
2 60 67
2 73 53
2 40 62
1 37
0
3 46 32 43
8 80 38 55 29 46 66 58 78
5 77 43 50 51 45
0
2 49 28
0
7 46 60 67 37 73 57 32
2 26 42
1 70
2 49 91
4 94 72 72 16
6 35 18 24 38 10 78
2 81 60
2 41 32
5 62 38 41 87 30
1 33
4 21 86 72 41
0
2 59 57
0
1 73
3 48 58 47
1 43
2 59 19
2 40 60
1 31
3 34 75 81
4 65 59 3 52
1 37
4 37 49 41 76
2 51 72
2 43 19
2 20 43
0
2 61 52
0
6 73 67 46 52 35 53
3 64 50 46
2 36 38
0
0
4 54 51 38 39
3 59 48 22
2 28 95
5 5 55 24 72 42
0
3 41 65 72
2 41 38
1 36
1 66
3 51 23 22
5 14 50 60 63 38
3 43 60 56
1 58
1 60
4 54 83 45 47
3 42 25 21
0
3 65 66 89
1 73
2 17 60
1 54
1 77
3 57 56 72
4 39 56 41 55
4 33 83 17 37
1 45
5 74 29 51 34 78
0
2 30 42
2 46 41
1 40
2 59 22
0
2 51 56
5 57 44 54 12 34
4 84 87 46 46
3 86 72 33
2 27 33
0
1 67
4 63 20 48 68
1 43
0
2 65 82
3 58 29 37
4 61 45 77 53
2 58 91
2 67 70
3 26 53 31
2 65 47
3 33 49 47
3 70 69 42
0
2 13 67
5 21 1 29 45 42
2 63 51
2 24 46
1 42
2 46 19
3 38 77 48
2 26 35
2 30 58
1 59
6 20 61 39 56 23 77
2 47 71
2 55 66
0
5 60 36 59 77 64
4 49 55 22 81
4 81 39 46 32
3 21 42 55
5 46 36 47 67 86
2 63 72
2 36 34
3 45 34 32
2 35 44
3 40 23 81
4 37 64 25 40
3 29 56 58
4 29 61 1 46
2 40 54
2 61 63
1 38
3 53 59 46
0
3 39 63 26
1 44
5 48 68 47 20 41
3 45 27 50
2 77 42
3 30 26 42
3 87 48 59
4 64 93 51 33
1 65
0
2 76 60
2 28 35
0
3 23 70 49
2 48 50
1 56
6 81 25 36 6 46 45
2 63 40
4 60 49 51 65
1 72
0
4 87 34 53 25
1 50
5 32 89 38 30 56
1 43
2 50 45
2 55 54
3 79 28 24
1 58
4 32 51 14 44
2 37 42
3 40 18 36
2 71 40
4 70 52 22 62
2 38 84
1 47
3 50 30 45
4 33 70 61 72
2 14 48
2 59 32
1 83
2 44 75
1 49
5 32 83 16 52 90
1 15
4 39 48 46 44
1 70
3 86 42 70
2 60 66
8 61 78 24 67 41 35 38 33
3 55 58 51
1 60
0
2 86 78
2 34 79
1 50
6 77 43 36 44 52 59
1 43
1 34
0
1 88
2 42 60
2 54 73
5 6 62 83 17 64
3 37 5 69
4 80 62 50 69
1 55
2 72 50
3 19 50 50
1 65
1 26
3 23 54 94
2 35 55
2 29 33
2 59 41
1 59
2 48 45
4 35 54 77 53
4 13 25 26 50
2 53 62
1 31
5 45 53 61 41 61
2 33 51
2 70 66
2 41 64
5 54 70 38 36 60
1 0
1 65
0
4 48 53 69 59
3 55 61 2
2 52 61
3 84 52 38
4 43 11 40 35
1 50
1 64
3 56 81 48
2 45 46
1 46
4 78 33 35 63
3 42 58 83
1 70
7 67 59 35 70 57 15 56
4 90 62 64 11
3 61 68 8
3 61 42 69
1 30
2 45 46
2 38 11
2 46 63
1 47
2 38 55
4 56 21 33 42
5 49 38 10 57 49
4 48 71 32 19
0
2 38 16
2 78 25
1 63
2 58 36
3 41 99 52
2 61 33
4 55 56 70 40
4 45 39 11 49
3 66 39 45
2 34 56
3 55 44 88
4 50 66 58 66
1 10
3 59 47 50
2 0 63
4 68 50 5 28
2 73 43
1 58
1 62
2 49 47
2 75 37
2 57 23
4 70 55 21 58
5 16 44 55 57 40
2 69 43
2 38 56
2 61 47
6 37 41 72 57 54 78
1 53
1 15
2 66 37
3 83 43 43
0
2 45 69
1 66
3 35 84 43
6 63 73 53 18 57 42
4 67 26 41 40
0
0
4 56 73 57 36
5 52 30 54 41 60
3 62 76 46
2 47 17
1 60
3 37 63 41
0
1 21
1 28
1 62
4 33 53 30 40
1 59
3 48 51 85
3 34 60 7
2 30 51
2 48 45
1 54
3 49 31 42
7 28 35 53 59 55 28 51
3 74 76 53
2 55 85
4 50 52 28 39
2 60 48
1 22
3 27 60 43
2 45 49
2 67 27
3 10 43 43
2 52 44
2 51 40
2 63 60
2 53 51
4 80 51 51 57
4 59 22 82 28
3 56 30 18
1 58
4 32 41 73 40
3 54 2 55
0
4 33 55 47 9
4 45 70 35 57
2 35 66
6 15 18 73 45 36 32
4 67 22 93 66
2 42 68
4 78 82 16 15
1 40
1 48
6 62 35 63 96 47 57
1 72
5 72 64 64 48 47
1 61
2 44 18
1 67
0
0
1 57
5 58 42 39 52 23
2 76 37
1 45
1 44
2 77 53
2 70 29
5 33 52 25 97 21
3 41 47 47
0
2 23 30
3 16 73 48
1 32
7 36 43 35 32 16 32 6
4 47 51 70 31
5 63 65 13 98 43
2 83 67
1 14
3 24 48 66
1 61
3 45 53 72
3 55 69 58
1 41
1 61
3 31 85 39
5 43 38 42 59 24
2 30 35
4 26 37 32 74
2 66 38
3 65 41 80
5 33 51 57 51 60
4 57 77 42 39
1 55
1 61
2 89 58
3 30 20 53
6 37 65 45 63 56 64
2 62 58
1 63
4 70 25 52 65
3 68 58 33
2 26 53
2 50 19
5 81 62 35 75 56
2 43 58
3 41 67 79
1 26
2 47 69
1 34
4 42 66 55 34
4 40 91 74 46
0
2 88 41
3 79 95 99
5 47 17 39 60 77
1 40
3 66 73 52
2 76 55
4 14 54 55 9
3 51 43 48
2 50 40
2 43 47
3 53 48 25
2 68 42
1 31
4 51 63 76 39
3 36 6 77
2 79 57
1 33
2 49 79
6 61 66 72 64 52 50
4 62 56 50 50
3 7 49 17
1 84
1 76
0
2 46 3
5 62 58 76 62 67
2 34 41
2 89 30
2 23 59
3 85 63 33
1 45
0
1 57
2 77 39
2 47 32
2 15 41
4 57 12 63 44
2 43 60
2 48 45
2 58 32
2 61 11
3 45 61 4
3 15 39 23
2 36 25
1 41
1 19
4 32 37 76 55
2 53 30
3 58 54 55
2 30 94
3 82 37 20
2 55 47
0
3 49 47 77
5 2 46 43 22 61
5 26 52 69 57 63
2 41 46
2 88 52
1 30
2 67 25
4 60 38 57 48
2 61 52
3 46 73 67
6 64 26 58 35 41 43
2 27 72
4 33 56 71 28
3 32 13 65
1 32
3 23 18 37
6 83 50 17 75 65 58
0
3 77 35 68
5 29 37 30 75 8
2 53 44
1 44
0
2 17 44
1 15
2 43 78
2 87 31
3 24 63 63
2 36 60
1 27
5 71 53 61 61 1
4 58 72 69 43
2 49 78
1 26
3 54 44 59
3 31 90 23
0
3 64 18 63
1 52
1 46
2 28 34
3 47 60 56
3 74 56 88
1 32
2 36 37
1 30
2 67 42
3 66 71 52
4 43 74 44 57
4 82 58 58 13
3 28 46 47
4 86 41 35 62
2 99 46
5 50 41 44 48 55
3 60 26 25
3 34 38 46
0
3 28 100 27
4 25 73 50 61
4 70 73 19 48
2 83 65
5 51 47 54 35 48
1 46
0
0
4 36 79 22 75
2 39 17
2 56 65
1 51
2 30 33
5 55 67 51 47 56
4 19 25 60 81
3 85 59 29
1 42
4 52 59 43 67
3 37 55 55
4 54 71 51 68
0
3 52 23 58
2 55 51
4 32 65 30 53
2 84 60
0
2 44 84
2 25 33
1 43
0
3 51 29 33
3 66 56 44
0
6 94 48 77 15 56 30
4 37 64 19 63
5 56 14 23 17 39
1 53
0
0
1 32
1 49
3 47 61 74
1 46
4 51 78 51 44
5 59 76 55 55 57
3 56 47 48
3 46 35 37
4 34 55 61 41
2 65 27
2 38 73
1 34
3 37 53 41
0
1 44
2 52 42
1 17
4 39 75 51 72
6 61 35 41 51 87 80
7 59 23 66 33 84 28 52
3 64 73 75
2 61 57
0
3 44 47 95
4 41 30 76 10
2 52 62
1 24
2 52 65
5 50 13 29 60 49
1 90
4 50 68 51 32
2 21 44
2 56 74
2 62 31
6 47 38 28 53 62 65
5 75 65 37 19 22
1 45
0
1 64
2 53 55
2 89 42
4 74 73 76 83
3 51 63 54
3 62 70 61
1 69
2 79 70
2 83 53
1 28
6 62 63 75 17 46 37
2 32 88
3 7 43 58
2 17 25
5 40 69 82 57 54
1 44
2 71 50
4 40 53 69 72
3 32 65 43
4 80 11 27 91
1 30
2 43 58
1 49
1 86
2 38 71
1 11
3 40 62 41
0
4 40 32 82 50
2 53 56
5 24 21 53 40 46
3 69 28 50
0
2 30 65
1 69
4 57 43 32 57
2 76 66
1 55
3 48 38 63
1 33
2 48 46
2 61 63
2 25 37
3 77 22 58
3 82 99 24
5 55 10 66 55 70
4 47 29 47 72
3 63 56 58
1 17
1 47
4 1 38 40 40
2 44 59
2 22 43
5 50 63 69 37 71
3 60 67 53
0
2 8 40
5 42 36 40 46 51
5 50 69 23 55 93
2 51 41
2 55 10
3 54 39 37
3 60 27 49
2 38 75
2 82 60
4 46 49 70 48
1 28
4 70 88 19 28
1 59
2 21 31
0
2 48 45
3 73 44 56
3 33 33 77
5 64 19 38 24 8
2 41 61
2 17 77
1 50
7 51 54 57 79 53 32 41
3 96 51 58
4 80 47 55 49
2 41 55
1 52
2 33 40
2 43 48
0
3 19 49 45
2 62 59
2 59 58
1 53
3 24 42 73
4 60 21 71 59
1 82
0
1 58
2 27 60
1 32
3 29 46 31
3 44 46 44
3 60 74 48
3 40 43 64
2 95 50
3 67 72 57
5 63 50 65 42 68
3 60 65 71
0
3 68 31 69
1 44
1 94
3 41 72 41
3 36 36 52
0
2 48 42
5 52 73 50 65 67
2 27 81
2 13 58
2 52 17
1 81
2 80 88
6 31 78 78 58 34 30
0
2 54 39
1 42
1 44
3 27 52 52
2 64 44
2 28 51
3 18 47 64
4 44 71 21 95
4 56 62 40 47
0
4 38 45 21 52
1 16
2 66 32
4 57 37 30 40
1 82
1 62
2 49 60
3 34 44 75
3 65 59 50
2 43 45
4 34 37 89 69
3 35 71 42
1 35
0
3 61 33 57
2 41 54
2 53 41
2 48 42
3 30 90 59
3 100 83 89
1 66
2 5 56
2 41 80
3 76 19 52
3 48 46 71
2 80 10
2 74 46
3 24 75 68
1 44
7 49 67 15 31 48 62 32
1 61
2 25 62
4 69 24 74 59
4 14 47 32 22
3 78 82 50
3 60 16 74
4 53 20 13 53
1 46
2 73 89
2 61 42
5 84 25 19 39 26
0
2 27 30
2 57 58
4 67 18 74 61
1 82
0
6 79 75 60 77 34 51
3 48 60 39
6 62 36 46 51 10 71
3 83 35 37
1 54
2 75 44
3 64 37 93
5 26 30 23 73 69
4 55 90 32 51
2 55 27
0
3 64 28 44
2 8 80
0
2 44 52
5 50 35 61 36 51
3 61 13 53
0
4 41 89 29 24
2 56 22
2 75 64
3 38 75 36
1 18
0
2 18 38
2 35 74
1 55
3 44 36 62
1 41
3 93 65 41
3 69 20 67
2 45 28
3 53 31 67
1 69
3 41 32 84
2 39 46
1 54
2 65 41
4 82 84 62 53
3 70 69 56
2 68 82
5 49 58 12 53 59
0
0
1 28
3 35 24 25
0
4 89 40 3 54
2 39 43
2 70 22
3 32 57 38
1 45
5 42 53 65 50 38
3 46 28 21
4 43 41 80 42
0
2 29 66
1 31
0
2 57 38
4 43 63 74 51
2 60 39
4 36 71 2 20
2 25 50
3 10 45 52
4 41 48 13 38
2 52 40
3 19 71 19
2 64 84
1 22
3 43 60 55
2 63 47
2 42 47
2 25 59
1 13
1 14
2 34 50
3 81 84 60
0
2 87 82
2 34 54
2 55 70
2 70 39
3 16 68 59
1 92
2 16 81
1 60
1 39
4 70 38 60 43
0
5 45 71 52 66 62
3 23 61 5
5 40 41 69 46 51
1 31
3 72 48 31
3 16 21 9
4 59 48 55 76
1 69
3 48 68 60
0
1 39
4 31 37 100 52
3 70 27 55
4 45 69 31 53
2 42 37
4 33 70 92 49
0
0
2 65 94
2 48 42
1 39
3 75 93 71
0
0
3 42 71 84
4 57 66 39 60
4 42 59 79 43
3 37 79 64
2 26 32
1 30
1 48
3 23 54 64
0
3 17 62 58
4 38 17 77 67
3 63 66 54
2 33 41
3 47 50 56
2 31 37
3 87 55 55
2 53 59
2 67 91
1 11
2 69 51
1 70
1 43
2 22 93
1 60
4 34 35 37 38
0
1 52
2 66 90
4 58 57 82 45
4 47 41 68 72
1 60
2 39 40
3 80 84 37
3 63 76 51
2 68 24
2 33 37
2 58 54
1 69
4 29 75 48 28
3 65 72 19
4 23 52 32 51
4 55 58 49 61
2 34 71
2 98 38
0
1 88
3 49 53 49
4 47 37 46 53
0
1 60
2 24 60
0
7 47 30 86 50 8 35 70
2 34 56
1 29
2 44 40
3 27 51 13
4 49 64 73 51
1 54
2 89 76
0
2 55 78
2 33 26
3 61 55 19
1 66
2 60 35
3 64 48 48
4 64 50 42 55
0
2 30 75
1 61
1 13
0
3 36 85 16
5 61 88 50 61 25
1 66
2 26 49
0
2 4 57
3 38 41 85
4 49 17 41 70
2 31 88
0
1 55
1 18
1 40
4 64 69 82 33
1 48
3 68 57 53
2 60 50
3 26 54 60
3 76 43 60
3 31 95 41
1 52
1 62
0
1 53
0
4 70 21 61 12
2 27 21
2 63 57
1 63
1 41
6 41 62 51 62 86 60
0
4 63 30 60 48
1 42
4 33 33 35 91
0
1 63
2 58 52
4 48 42 86 24
0
2 58 78
2 91 62
2 62 25
4 44 47 57 46
1 60
3 53 14 26
4 28 26 79 76
3 66 50 33
1 16
1 93
4 45 82 54 57
1 46
1 60
1 61
1 38
3 15 50 53
5 32 32 44 84 48
3 33 53 60
4 33 34 37 33
1 55
1 26
2 42 54
1 32
0
2 66 20
4 42 49 18 47
2 40 40
3 35 57 63
2 67 53
3 71 79 44
0
2 51 21
2 53 44
2 54 59
3 77 35 51
1 51
4 41 33 25 68
0
0
2 54 71
3 66 53 34
2 32 35
1 79
4 75 30 61 38
3 7 40 35
3 41 32 73
1 64
2 62 66
1 45
2 82 65
0
2 69 19
3 30 58 43
2 26 67
0
0
3 51 99 55
3 53 56 76
4 38 69 66 54
3 6 31 53
1 46
1 35
3 66 79 50
2 62 78
0
5 64 48 21 9 68
1 40
1 72
0
2 28 21
1 50
3 62 30 72
2 81 55
1 32
4 73 50 77 47
2 60 88
2 78 14
1 71
1 74
1 54
6 83 53 44 34 59 32
3 72 75 29
2 15 43
0
1 37
1 41
2 1 55
1 61
2 71 56
1 86
4 53 97 46 60
3 47 66 10
0
2 70 17
3 40 63 18
3 31 44 77
1 44
2 43 50
2 63 60
1 47
1 76
1 15
3 59 39 31
3 50 80 74
0
7 59 68 20 18 41 69 65
1 54
3 29 63 27
0
3 70 81 63
2 17 28
1 85
3 56 71 87
2 45 49
2 31 69
0
0
1 46
1 58
1 70
1 42
3 29 54 55
2 42 39
1 62
2 88 25
1 51
1 61
2 34 34
1 64
2 27 72
2 54 38
2 37 53
4 28 57 7 63
2 63 72
3 42 54 52
1 51
4 36 74 61 43
1 52
5 48 62 58 60 47
4 50 17 51 31
2 37 37
2 49 13
2 42 24
1 57
1 43
0
2 58 69
0
5 59 89 31 44 31
1 44
2 21 50
1 50
2 7 8
1 53
4 33 76 62 67
1 8
2 77 83
2 65 80
1 78
1 32
1 48
2 65 44
2 37 54
4 33 35 71 64
1 75
0
1 83
1 84
0
3 48 50 79
1 77
3 72 77 32
1 44
2 38 56
0
1 70
1 72
3 50 54 51
4 10 49 30 60
2 58 29
4 75 38 46 42
1 61
1 47
1 60
0
4 59 83 42 42
1 36
3 64 59 66
3 41 34 72
2 69 55
0
2 82 48
1 42
0
2 80 47
4 54 62 42 77
1 14
4 29 54 68 73
0
1 27
4 7 65 48 48
0
0
2 60 8
2 36 95
2 41 37
2 66 56
1 75
2 54 35
1 48
2 58 90
1 93
3 68 53 64
0
0
5 50 44 55 30 26
1 65
1 48
0
2 12 72
2 48 37
3 32 27 70
1 30
2 35 46
0
1 71
0
0
2 45 17
3 71 25 39
1 65
1 37
0
3 44 53 78
0
0
1 56
3 39 30 42
4 35 58 41 94
2 51 72
1 42
3 54 66 38
2 45 28
2 60 73
1 90
1 34
2 74 52
0
2 42 61
1 46
2 77 35
1 77
1 36
1 63
5 53 49 38 38 42
3 51 81 37
1 27
2 46 78
3 30 73 73
1 21
1 53
2 63 33
3 58 43 52
1 17
2 12 44
1 68
0
1 35
2 37 95
1 56
3 69 56 45
1 47
3 64 35 60
2 1 57
2 55 64
1 39
4 17 78 49 56
4 46 52 81 60
0
2 35 48
2 46 52
0
2 37 2
3 63 47 47
0
0
0
0
0
2 20 8
1 43
3 83 55 25
2 47 54
4 36 52 16 63
1 57
1 63
2 44 55
3 47 73 44
0
1 20
1 70
1 94
0
2 72 81
2 25 62
3 54 67 66
1 21
2 39 47
2 31 61
0
1 16
2 79 62
1 26
1 49
2 61 29
2 57 27
1 22
1 53
2 21 75
2 58 80
1 85
3 31 26 50
1 64
3 58 89 54
1 68
0
0
2 49 25
2 43 22
0
3 17 67 46
0
4 53 27 37 40
1 16
5 70 35 51 38 85
0
1 36
0
2 46 17
1 57
0
1 64
1 54
0
2 40 42
5 31 52 20 85 50
1 81
0
0
1 43
3 51 51 48
3 82 53 55
4 46 22 56 61
2 58 49
0
4 37 43 40 51
1 60
1 18
1 68
1 45
1 61
1 56
1 42
2 57 82
1 57
4 16 61 32 9
2 91 36
0
0
1 56
1 41
2 54 41
2 71 68
3 53 81 74
2 53 53
0
1 60
0
2 50 86
1 45
1 43
0
1 33
4 46 39 75 35
1 67
1 37
0
3 74 61 25
2 81 39
1 14
0
0
0
1 76
1 23
1 47
3 50 44 60
3 40 35 45
0
1 46
1 46
2 47 51
1 33
1 58
3 59 34 43
2 44 69
1 80
2 43 37
0
0
2 73 37
1 53
2 11 65
1 63
0
0
5 68 49 44 41 58
1 18
1 48
3 61 46 90
1 70
0
3 12 50 59
0
1 27
3 17 70 15
2 65 54
1 27
0
2 49 76
0
1 73
0
1 14
4 38 36 65 46
1 60
0
2 70 86
1 76
1 57
3 32 82 52
1 33
3 47 46 27
1 31
1 41
0
1 40
1 45
1 57
2 47 59
1 36
1 93
1 56
2 60 24
1 47
2 57 70
1 49
2 40 64
2 51 24
1 66
2 71 35
1 64
0
0
2 46 84
1 54
3 43 64 21
1 12
2 55 34
2 54 66
2 29 42
1 63
1 39
1 21
1 43
3 34 38 46
2 51 63
2 57 31
1 13
1 23
1 31
0
2 63 28
0
2 44 39
1 41
0
2 63 16
0
0
1 29
0
1 39
3 67 51 44
3 27 86 55
1 77
1 58
1 41
2 44 58
0
0
2 30 64
1 58
1 70
1 32
1 37
2 41 36
1 69
4 71 53 36 58
0
2 42 51
2 56 56
1 74
0
1 41
0
0
1 68
1 33
1 65
1 53
1 39
3 29 66 21
0
0
1 31
0
2 29 85
1 66
1 63
1 45
2 47 48
3 63 43 46
1 34
0
0
1 9
2 38 57
0
0
1 26
1 45
1 39
1 17
1 55
4 77 69 35 69
0
2 31 60
3 52 74 4
0
2 65 72
2 11 55
1 36
1 52
1 71
1 59
2 60 35
1 39
2 61 50
1 25
1 83
1 15
1 86
3 39 71 39
0
3 1 38 67
0
0
2 73 35
0
1 39
0
1 16
0
1 35
2 70 72
1 99
3 34 62 68
0
2 66 49
1 55
1 23
1 81
2 89 77
0
0
1 61
1 78
0
3 27 90 80
1 91
1 72
0
0
1 37
0
0
2 46 64
0
2 78 72
1 38
1 47
2 70 42
1 55
0
0
0
2 31 59
1 25
2 55 55
0
1 29
1 48
2 61 84
0
1 40
1 34
1 51
1 38
1 46
0
1 55
3 42 94 57
1 30
1 52
2 76 48
2 84 73
2 81 56
1 37
1 56
1 44
2 19 26
1 61
1 33
0
0
0
2 5 35
2 37 64
1 41
0
0
1 77
0
3 87 40 57
2 56 60
1 54
1 19
1 76
0
1 31
1 61
0
1 41
2 44 36
1 31
1 46
0
0
0
1 62
0
0
0
2 51 57
1 43
2 25 81
1 49
1 52
0
1 68
1 28
2 84 84
0
2 30 26
1 81
0
2 16 36
1 57
0
1 38
1 48
0
1 58
1 45
1 48
1 7
0
0
0
3 70 52 54
1 63
2 52 47
1 76
1 63
1 31
1 72
0
2 47 16
0
0
0
0
2 71 22
1 75
2 31 30
1 36
1 46
1 37
0
0
2 49 22
1 17
2 60 14
0
0
2 46 41
1 55
0
1 68
0
1 46
0
1 24
0
1 0
1 32
0
1 37
3 65 60 57
1 43
0
0
0
2 46 62
0
0
0
0
0
2 60 20
0
2 52 34
3 21 29 63
2 53 60
0
4 75 65 12 45
0
0
1 35
0
0
3 81 53 20
0
1 65
0
1 39
1 31
1 19
0
0
2 87 28
0
0
0
0
0
1 79
2 75 58
2 65 52
1 27
1 34
1 50
0
1 33
2 47 34
1 81
1 17
2 52 28
0
0
1 28
1 75
1 45
2 65 63
1 66
1 73
0
1 66
1 39
1 19
1 51
0
2 44 37
2 81 41
1 49
0
0
0
0
1 59
0
0
1 72
2 40 36
1 5
1 32
0
0
0
0
0
1 30
0
1 56
0
1 43
1 38
0
1 65
0
1 89
3 23 32 74
1 90
1 50
0
3 82 52 51
0
2 51 49
0
0
0
0
2 56 7
1 38
0
2 30 48
0
0
0
0
0
1 44
0
1 57
0
1 57
2 26 60
2 55 96
1 47
0
1 65
0
0
1 36
0
1 40
0
1 63
0
1 44
0
1 8
0
2 38 78
0
2 33 43
0
3 34 82 73
1 41
0
0
2 44 35
1 22
3 32 98 80
0
1 38
0
0
1 62
0
0
2 47 35
0
1 54
0
2 64 37
0
0
1 33
1 66
0
2 84 46
0
0
1 55
0
0
0
1 33
0
1 50
1 49
0
2 47 78
0
1 72
1 25
3 44 17 89
1 34
1 50
0
0
0
0
2 63 34
0
0
1 17
1 55
0
0
0
0
0
1 52
1 71
1 41
2 73 33
0
0
1 53
0
0
0
0
1 46
0
1 42
0
1 76
0
3 53 41 66
0
1 40
0
0
2 63 36
2 70 39
0
2 53 58
0
1 50
0
0
2 63 53
1 41
0
0
1 33
1 64
1 71
0
1 21
1 82
1 56
0
0
0
0
2 60 67
0
0
0
0
1 35
0
0
1 35
1 52
1 48
0
1 77
0
1 55
0
1 61
0
0
0
1 79
0
1 36
1 41
0
0
2 52 64
0
1 83
1 39
0
1 51
3 30 54 55
0
1 79
1 40
0
0
0
0
0
0
0
0
1 19
1 46
1 50
2 63 58
0
0
0
1 68
0
0
1 44
1 50
1 42
2 45 29
0
0
1 42
1 51
0
1 61
0
0
1 18
2 55 23
2 80 26
0
0
1 54
0
1 75
1 55
0
2 51 60
1 14
0
1 56
0
1 8
2 73 64
0
0
0
0
1 72
0
1 65
0
0
0
0
0
0
0
0
0
1 61
0
1 58
2 34 78
0
0
3 38 57 66
0
0
1 46
3 33 59 23
0
0
0
1 44
1 38
1 51
1 67
1 40
0
0
0
0
0
0
0
1 14
2 47 58
0
1 67
1 50
1 64
0
2 69 70
0
0
0
1 59
0
0
1 64
0
0
0
0
0
0
0
2 51 43
1 72
0
0
0
0
0
0
0
1 35
2 63 49
0
0
1 56
0
0
1 18
0
2 28 52
0
0
0
0
1 72
0
0
0
1 27
3 77 40 39
0
1 39
1 67
1 90
1 87
0
0
0
1 56
3 37 50 22
1 43
0
1 38
0
0
1 20
0
1 26
0
1 71
0
0
0
0
0
3 72 67 79
1 28
0
1 22
0
0
0
0
0
1 62
1 64
0
0
0
1 39
2 57 64
1 72
0
0
0
1 46
0
0
0
0
2 49 31
2 57 99
0
0
0
0
0
1 45
1 94
0
1 63
0
0
0
1 51
0
3 44 49 27
0
0
0
0
1 35
0
0
0
1 44
0
1 60
0
1 49
1 91
0
0
0
1 75
1 68
0
1 74
1 59
0
1 43
1 42
1 31
1 88
1 55
1 46
0
1 62
1 19
0
1 59
0
0
1 44
0
0
0
0
0
0
0
1 56
0
0
1 39
1 27
1 50
0
1 21
0
1 49
1 58
0
2 38 47
1 78
1 34
0
0
0
0
0
2 62 42
1 76
0
0
0
1 79
2 74 59
0
0
1 51
0
0
1 50
1 24
0
0
0
1 72
0
0
0
0
1 26
0
0
1 31
2 64 67
0
1 56
0
0
2 78 60
2 40 40
0
1 54
0
1 78
1 46
0
0
1 25
2 69 30
0
2 36 58
0
0
0
0
0
0
1 56
1 69
0
1 44
1 38
0
2 73 5
1 32
0
0
1 81
1 41
1 39
0
0
0
0
0
2 63 67
0
0
0
0
0
0
0
1 44
1 89
0
0
0
2 29 45
0
0
0
1 29
0
0
0
0
0
0
0
1 52
2 58 22
1 48
1 56
1 18
0
1 75
2 54 27
0
0
0
1 20
3 31 31 25
0
0
1 50
0
1 42
0
1 56
1 9
1 51
2 55 52
1 9
1 60
0
0
0
1 38
1 65
0
0
0
1 74
1 65
1 51
0
0
1 45
1 66
0
1 35
0
0
3 75 60 32
0
1 50
1 15
1 40
0
1 46
0
0
0
1 45
0
1 32
0
2 42 56
0
0
2 65 56
0
0
0
1 72
0
1 53
1 13
0
1 38
0
2 51 42
0
2 48 40
0
0
0
0
0
0
0
1 34
1 44
0
2 35 55
0
2 42 27
1 62
0
0
0
0
0
1 51
0
0
1 43
0
0
0
0
1 86
1 24
2 33 42
1 79
0
1 80
1 36
1 42
0
0
2 54 53
1 56
1 18
1 68
1 67
1 42
1 88
2 13 44
0
0
0
1 42
0
1 31
0
3 28 64 52
1 48
0
0
1 85
0
1 39
0
0
0
1 44
0
0
1 90
3 38 48 43
0
0
0
0
2 36 54
0
1 40
2 82 39
0
1 59
0
1 60
0
2 53 94
0
0
0
1 24
1 73
1 65
0
0
2 28 82
0
0
0
0
0
1 47
0
2 55 64
1 43
1 82
0
0
0
1 47
1 42
0
1 84
0
0
0
0
1 49
0
2 56 85
0
0
0
1 19
1 58
0
1 52
1 16
1 55
0
2 29 45
0
3 62 55 78
4 72 34 56 58
1 30
0
1 58
2 44 31
1 68
0
0
0
0
1 18
0
0
0
0
0
0
1 70
1 29
0
0
1 43
2 61 48
1 79
0
1 15
1 28
0
0
1 42
1 49
1 38
1 40
0
0
1 100
2 48 28
1 55
0
0
2 33 72
1 83
2 35 66
4 45 79 41 60
1 57
1 2
0
0
0
1 61
1 1
1 32
1 56
0
1 66
1 4
0
1 54
2 74 38
2 70 73
0
0
1 60
2 65 45
0
3 45 67 71
0
1 75
1 47
0
1 34
1 64
0
0
0
1 37
1 25
1 69
0
0
4 65 65 69 71
0
0
0
1 32
0
1 54
1 51
0
0
0
1 79
3 20 73 90
1 69
0
2 58 52
0
0
1 48
1 55
1 67
1 36
2 69 28
1 69
0
0
1 29
1 50
0
3 79 77 65
0
0
1 67
0
2 39 23
2 42 55
0
1 86
1 90
0
3 43 41 52
1 70
1 31
1 41
2 67 29
0
0
0
1 46
0
0
0
1 49
1 62
0
0
2 56 43
1 51
0
2 30 26
1 67
0
2 50 55
1 31
2 40 49
1 50
1 71
0
0
1 52
0
1 20
0
2 67 30
1 36
1 35
0
3 48 22 78
0
0
0
1 53
1 39
0
0
1 14
1 36
0
1 76
0
1 44
1 32
1 81
2 63 6
3 37 37 42
2 73 20
2 43 47
1 36
2 21 51
0
2 39 35
0
0
1 64
1 44
0
0
1 47
0
1 36
0
0
0
0
2 45 36
1 64
1 44
0
1 50
1 55
1 10
1 65
1 34
2 74 57
1 32
2 45 35
2 38 37
0
1 46
0
1 38
0
1 30
1 20
1 18
1 51
1 55
3 66 70 57
1 95
2 67 37
0
0
1 51
1 84
4 85 6 47 4
1 24
1 34
2 61 15
3 48 48 19
3 73 59 66
1 30
0
2 14 63
1 48
0
0
0
2 42 56
1 33
0
0
1 32
0
0
1 60
2 50 47
1 64
0
0
1 69
1 66
2 44 100
1 47
1 54
0
1 34
1 64
0
0
0
3 46 44 6
3 54 77 36
3 57 66 21
2 50 16
2 32 89
0
2 74 53
1 10
1 79
0
0
0
2 51 39
0
1 62
1 59
0
3 28 31 77
1 94
2 79 44
3 41 56 86
2 50 23
0
1 27
4 38 68 60 45
1 26
0
1 63
0
1 18
1 31
0
0
1 51
1 65
0
0
0
2 53 60
1 47
0
0
3 68 59 73
1 17
1 88
0
6 44 97 40 28 30 47
1 44
0
2 92 25
2 35 65
1 33
2 55 55
2 81 64
0
0
2 43 11
0
0
2 40 70
0
2 53 34
0
1 62
0
1 80
0
0
1 41
2 39 28
3 63 47 29
1 29
1 63
2 58 36
0
2 58 60
1 50
2 63 36
1 59
2 66 61
1 31
2 45 66
4 28 35 38 53
0
1 58
1 68
1 70
2 41 47
1 73
2 11 0
2 40 68
1 49
0
1 16
0
0
1 76
0
1 49
2 27 71
0
2 77 48
0
1 13
0
4 53 10 43 33
0
1 71
1 28
1 1
1 43
1 46
0
0
2 82 19
1 56
1 51
0
4 65 62 94 48
2 40 38
1 32
1 32
1 49
1 38
1 60
0
2 66 64
0
1 47
1 53
1 70
2 40 61
0
1 60
2 26 88
3 34 10 31
1 24
3 71 10 21
2 54 46
0
1 31
3 69 22 33
0
4 51 54 57 75
0
1 49
0
0
1 74
3 57 67 12
2 78 57
3 84 70 73
1 60
2 33 56
1 49
0
3 69 28 34
2 46 91
2 50 67
0
3 49 66 90
2 29 51
1 84
1 67
1 35
0
2 35 47
2 54 52
2 69 45
1 48
0
0
2 96 44
0
0
0
3 62 28 41
2 55 36
2 43 32
2 53 53
2 36 44
1 26
2 50 50
0
4 48 32 45 71
3 88 54 70
2 15 75
0
3 81 54 40
3 47 51 30
0
1 17
2 48 45
1 40
1 56
