3600 4
1 62
2 13 19
2 57 71
0
2 27 39
1 48
0
1 56
0
0
0
4 46 46 67 61
1 18
1 29
0
0
0
0
0
0
1 51
1 69
0
3 58 53 39
0
3 29 54 58
0
2 56 54
1 21
1 56
0
2 32 40
0
2 69 67
0
0
1 75
1 48
1 22
0
0
0
1 40
0
0
0
0
1 59
3 42 47 40
0
0
1 34
0
1 59
1 45
3 52 65 51
1 62
0
1 60
0
1 28
0
1 71
1 36
1 12
0
1 52
1 41
1 35
0
1 65
1 40
0
1 44
1 65
0
2 50 37
0
1 56
0
3 20 59 70
0
0
2 27 41
0
1 65
2 54 48
2 64 45
1 28
2 74 66
0
0
0
1 52
0
0
1 73
2 58 60
0
2 41 37
1 94
2 23 40
1 49
1 27
1 70
1 64
0
1 64
0
1 25
1 22
0
2 41 72
0
1 36
0
0
0
0
0
0
0
0
0
0
1 62
0
0
0
0
1 36
0
0
2 43 81
0
1 26
1 55
2 83 73
2 8 77
2 31 20
1 26
0
1 38
0
0
1 45
2 50 61
0
2 28 61
1 41
2 43 66
2 52 60
0
0
0
1 24
0
1 40
0
0
1 85
0
0
2 53 75
1 42
0
0
1 61
2 53 60
0
0
0
0
1 55
0
0
0
3 71 52 8
3 42 72 52
0
1 55
0
0
1 48
0
0
0
1 40
0
1 84
0
0
0
0
1 50
0
2 19 49
1 32
2 40 40
1 52
0
1 54
1 19
1 54
0
1 33
2 35 62
1 39
0
1 52
0
0
3 45 61 52
1 28
0
1 72
0
1 53
0
1 35
0
0
0
1 61
0
0
1 82
0
0
1 19
1 20
0
2 50 78
1 33
1 61
0
0
0
0
0
0
0
2 53 45
0
1 75
1 40
0
1 39
0
1 33
0
1 96
0
0
1 67
1 29
0
0
1 51
1 39
1 45
0
1 36
0
2 22 52
1 59
0
1 59
1 21
0
2 31 48
1 35
0
1 80
0
0
0
0
0
2 18 35
0
1 53
0
0
0
0
0
0
0
0
0
1 66
1 37
2 36 83
1 47
0
0
3 66 42 49
1 42
0
2 76 47
0
0
2 55 80
2 40 61
0
1 23
0
0
0
0
0
1 65
1 52
0
1 77
0
0
1 27
0
0
0
0
1 13
0
0
2 58 74
0
0
0
0
0
2 58 2
0
0
0
1 54
0
0
0
0
0
1 74
1 81
1 37
1 63
0
0
1 41
1 42
2 46 81
1 54
0
0
2 28 29
1 85
1 31
1 56
0
1 53
0
0
2 61 13
0
0
0
1 58
1 51
0
1 42
0
0
1 60
1 31
0
1 57
0
0
1 10
1 44
1 14
0
0
0
0
1 47
0
2 45 35
1 26
1 62
1 47
0
0
0
1 95
0
0
0
1 72
3 71 50 80
0
0
0
1 61
0
0
0
0
1 45
1 43
1 9
1 41
0
1 46
0
0
0
1 42
1 40
0
0
0
2 47 35
1 38
1 32
1 45
2 50 23
1 65
1 6
1 39
1 48
0
0
0
0
0
0
1 57
0
0
0
0
0
2 65 77
0
1 73
0
0
0
2 64 31
0
0
1 43
0
0
1 62
0
0
0
0
0
1 30
1 29
0
1 69
0
0
0
2 43 55
2 68 36
1 26
0
2 37 55
1 33
0
0
0
1 53
0
1 18
0
0
2 55 37
0
0
0
1 62
0
1 85
0
1 62
0
0
2 50 32
0
0
0
1 75
0
0
0
0
1 39
1 31
1 57
0
2 41 78
0
0
1 43
1 49
1 84
0
1 60
0
1 14
0
0
0
0
0
0
2 68 64
0
2 25 25
1 87
0
0
1 27
0
0
0
1 39
0
1 57
1 40
0
1 61
1 25
0
1 12
0
0
0
0
2 35 70
0
1 47
0
0
0
0
0
1 38
0
0
0
0
1 59
0
0
1 84
1 47
2 70 40
0
0
1 57
2 65 71
0
0
0
0
2 36 46
0
0
0
0
1 43
0
0
2 42 71
1 26
0
2 79 61
0
1 53
3 48 37 71
0
0
1 8
1 41
0
0
1 35
0
1 31
0
1 36
0
0
0
1 39
0
0
2 52 54
1 45
2 26 62
0
1 6
1 53
1 52
1 39
0
1 71
0
0
0
1 74
0
0
0
1 84
1 60
0
0
0
0
2 43 50
0
1 47
0
1 55
1 59
1 27
0
0
1 49
0
0
1 58
1 70
1 59
1 59
0
1 46
1 40
0
0
0
0
0
0
0
0
0
1 72
0
0
0
0
2 69 23
0
2 52 72
1 84
0
1 61
1 49
0
0
1 58
0
0
2 67 57
1 61
0
1 46
0
2 67 60
0
1 49
1 49
1 43
1 62
1 44
0
0
1 24
0
1 51
1 69
0
1 42
2 31 43
0
0
0
1 80
0
1 9
1 33
0
1 40
0
0
1 49
1 40
1 70
0
0
0
0
1 71
2 49 63
2 11 32
0
0
0
1 56
0
2 73 44
1 31
0
0
0
0
0
1 67
0
1 36
2 45 33
1 25
2 29 39
0
0
1 37
0
0
0
0
1 75
2 18 39
1 26
2 65 51
1 37
1 30
0
0
1 47
1 47
0
0
0
0
2 17 23
1 56
0
1 94
1 38
0
0
0
1 48
1 43
0
4 67 53 27 54
1 52
0
1 32
0
0
0
0
2 56 46
1 47
0
1 75
2 26 71
0
0
1 64
0
0
1 59
1 17
1 52
0
0
0
0
1 57
0
0
4 51 37 49 51
1 45
1 26
0
1 42
0
2 44 61
0
1 72
3 47 53 34
0
0
1 39
0
0
0
1 43
0
1 73
0
1 44
0
1 50
0
0
0
2 53 28
1 50
0
1 58
0
0
0
1 41
1 53
0
0
0
1 75
1 56
0
1 83
0
0
1 65
1 39
1 70
0
1 92
0
1 59
0
1 46
1 47
2 17 47
1 41
0
0
0
0
2 56 28
2 52 50
2 88 54
1 49
0
0
1 42
0
1 47
1 24
0
1 24
0
3 26 67 65
0
0
1 49
0
2 35 88
2 21 39
1 19
2 76 31
1 50
1 74
0
2 54 67
0
0
1 45
0
1 63
2 71 55
0
0
1 91
1 22
1 56
1 46
1 39
1 59
2 32 83
0
0
0
3 71 64 47
1 51
1 50
1 47
0
0
0
0
4 64 59 44 34
0
3 49 98 55
0
0
0
2 35 0
1 96
1 69
0
0
2 34 15
1 37
1 17
1 54
0
1 47
0
0
0
0
1 25
1 33
1 45
1 47
0
1 45
0
1 53
0
1 80
1 51
0
1 80
2 29 37
1 59
1 55
1 42
1 48
2 48 83
0
0
1 66
1 31
0
0
1 48
0
1 38
1 69
1 9
0
1 36
0
2 31 35
3 30 52 64
0
1 34
0
0
0
0
1 68
1 33
1 44
0
2 54 57
4 62 71 53 34
0
0
1 80
0
0
2 64 49
2 41 33
1 65
0
2 30 90
1 35
0
1 25
0
1 17
0
1 51
0
0
0
1 72
1 36
2 56 24
1 61
1 16
0
0
0
1 57
1 23
2 18 40
2 60 73
0
1 92
2 49 78
0
1 31
2 72 82
1 12
3 63 45 20
1 44
0
0
1 54
1 52
0
0
0
0
2 58 57
5 21 33 9 65 43
1 43
1 45
1 39
0
2 61 42
0
0
0
5 30 63 13 35 45
1 18
1 62
3 47 72 61
1 47
1 26
0
1 47
0
0
2 68 54
0
0
0
0
2 39 43
1 30
1 82
0
0
2 64 88
3 54 41 28
0
3 65 14 54
2 78 9
1 28
1 43
1 78
0
1 30
0
0
0
1 67
0
0
0
0
1 77
0
2 60 49
2 57 38
0
0
1 45
2 43 20
1 39
0
2 57 36
0
1 89
1 49
3 57 77 59
1 93
2 63 78
2 75 40
3 67 83 39
2 59 59
1 55
1 55
0
5 71 89 73 63 20
1 40
0
0
1 53
0
1 39
0
2 80 28
1 49
2 54 40
0
2 66 12
3 42 75 34
0
0
1 46
0
1 52
3 52 59 52
0
1 85
0
0
2 51 88
2 27 47
2 46 12
0
0
0
2 50 30
1 56
2 51 85
1 74
2 74 29
0
1 23
0
2 48 26
1 31
1 56
1 19
4 58 79 7 26
1 59
0
0
2 46 37
0
2 29 87
0
1 70
2 59 34
0
2 36 58
0
1 51
3 21 53 40
0
0
0
0
0
0
5 28 11 57 16 55
1 61
2 70 84
1 15
1 28
1 69
0
3 51 33 29
2 39 75
2 48 48
0
0
0
1 61
1 32
1 28
1 62
2 33 57
2 44 50
1 19
0
0
1 30
2 42 29
1 29
2 98 47
0
2 38 48
1 68
1 17
3 46 28 34
3 40 40 39
0
1 27
2 68 72
0
0
1 72
0
2 51 85
3 57 60 59
1 30
0
2 47 97
1 84
1 40
1 52
2 12 52
1 23
3 24 33 29
1 37
3 33 33 50
1 44
3 69 69 38
2 60 43
0
1 22
0
1 78
2 83 22
1 61
4 86 25 61 55
0
1 10
2 56 13
2 42 53
2 27 22
2 40 40
0
2 62 64
0
1 50
1 80
0
3 10 24 45
2 30 67
1 33
1 59
1 36
1 48
1 56
1 42
1 81
1 74
1 76
0
0
2 12 82
3 62 54 24
0
1 29
1 51
1 59
1 58
1 60
1 37
2 59 73
0
0
0
1 55
3 52 71 26
1 36
0
0
1 44
2 61 28
3 11 41 17
2 62 74
1 45
1 26
2 22 54
1 79
3 33 52 77
3 54 48 49
4 63 11 58 52
1 37
2 66 79
0
0
0
3 30 40 23
1 42
2 34 38
0
2 23 76
1 40
2 68 41
2 60 29
1 82
2 26 48
1 56
1 41
0
2 67 67
0
1 53
2 42 55
2 83 47
1 59
1 38
2 45 53
1 66
0
1 35
0
2 43 29
3 53 53 45
4 22 54 31 37
2 47 80
1 30
2 39 52
2 48 31
1 40
1 46
1 70
0
1 28
3 56 24 53
1 52
3 61 47 49
1 62
0
0
0
2 65 62
1 92
2 48 42
3 45 81 52
3 35 59 54
4 52 64 24 55
1 55
1 41
0
1 74
0
1 42
2 19 82
1 53
1 30
4 42 69 33 62
1 54
3 36 54 54
3 44 31 83
0
0
2 33 59
3 61 34 46
1 22
0
0
1 59
0
2 51 42
1 71
0
1 57
1 84
1 42
1 61
0
3 66 91 21
0
0
1 51
1 31
3 56 76 57
4 60 48 46 61
2 34 67
1 57
1 82
2 42 62
2 61 71
3 97 63 73
3 47 35 3
0
1 68
0
2 50 33
5 70 78 73 36 40
1 58
0
1 35
2 38 95
1 59
3 48 28 35
1 39
1 53
4 55 30 34 34
3 77 48 3
2 10 60
1 51
2 96 41
1 59
2 6 55
4 26 63 33 34
2 47 50
0
1 46
1 48
3 53 42 38
3 68 30 51
0
0
1 67
3 54 60 18
1 56
2 39 42
0
2 29 53
3 35 48 37
0
3 48 34 51
1 59
1 32
0
1 58
1 71
1 48
1 21
1 41
5 34 29 81 58 50
1 37
1 11
0
0
4 69 67 60 43
1 38
2 65 46
0
2 35 55
4 39 45 59 40
1 39
1 57
0
3 5 45 67
0
1 33
2 72 10
1 45
5 35 28 50 66 58
1 73
5 44 52 70 64 38
3 2 54 65
0
3 62 54 32
1 36
1 64
1 41
0
2 47 72
2 52 29
1 54
2 58 79
3 31 22 31
4 84 84 59 83
2 43 33
0
1 21
1 42
1 51
1 45
2 55 37
1 59
1 23
0
1 75
1 21
0
0
4 51 76 8 77
0
0
1 39
4 82 30 20 35
2 42 16
3 59 32 70
2 31 78
4 64 43 40 64
0
2 51 26
1 66
4 59 72 40 44
1 78
2 54 46
1 53
3 46 39 75
3 62 44 51
2 37 23
0
0
0
3 52 11 46
4 65 47 45 79
1 80
1 34
1 43
2 22 43
0
0
2 86 81
2 64 46
4 79 63 38 50
3 94 69 57
1 68
3 35 68 36
2 36 58
3 60 62 51
0
3 23 51 10
0
3 62 57 70
2 41 58
2 98 64
4 35 6 29 66
3 73 57 68
2 85 34
2 32 83
2 61 54
0
2 42 36
4 73 47 63 92
2 30 95
2 67 7
0
1 70
1 64
1 47
0
1 54
0
0
1 69
1 55
3 52 57 93
4 59 26 63 38
5 57 97 59 81 62
1 41
2 60 27
2 57 34
1 32
4 54 60 37 39
3 55 35 60
1 72
3 71 35 31
1 3
3 45 52 17
3 70 68 68
2 91 69
1 21
1 69
3 86 53 68
3 76 34 52
2 39 74
2 34 57
1 76
3 45 79 46
0
0
2 36 29
5 54 49 92 42 33
1 57
1 7
0
3 75 62 39
3 77 18 68
1 56
3 50 80 70
0
2 24 53
2 49 62
0
2 37 54
2 66 29
3 59 71 89
4 32 59 64 30
2 67 44
1 58
3 61 43 1
0
1 36
3 50 36 33
2 57 60
2 51 24
2 89 43
1 43
2 58 28
2 69 26
3 22 33 32
2 23 44
4 82 44 25 62
4 67 37 68 50
0
1 73
0
2 88 36
3 53 39 65
4 63 59 54 38
2 58 46
1 48
1 65
1 43
1 19
1 12
2 48 46
0
3 22 55 60
1 52
4 47 31 50 37
2 47 24
1 69
1 75
3 27 53 22
1 69
1 38
1 61
3 56 25 26
0
2 55 70
3 59 59 55
0
1 48
1 52
1 39
4 57 26 81 26
2 54 64
1 32
3 27 65 49
1 59
2 54 34
3 73 41 50
0
3 59 99 60
4 75 43 66 38
1 66
1 38
3 38 75 23
2 38 48
4 48 60 55 37
0
3 51 48 61
1 76
2 62 39
2 45 30
2 95 70
2 5 47
4 13 12 36 57
5 24 61 63 87 36
1 49
0
2 12 49
1 35
3 63 61 58
1 21
0
4 43 69 54 62
1 96
3 75 28 79
2 33 37
2 35 43
3 50 47 63
2 62 64
1 63
1 53
4 63 58 52 15
1 78
1 25
2 28 42
3 43 78 43
2 57 41
2 49 57
2 33 99
2 67 46
0
2 61 60
0
1 45
3 52 33 31
4 39 72 37 27
3 70 15 79
0
2 46 21
1 15
1 59
0
1 77
2 33 48
1 50
1 55
4 69 43 40 66
5 84 62 58 62 59
2 36 40
3 41 46 81
1 68
2 46 65
2 37 53
1 15
0
3 24 39 72
2 56 28
0
7 58 16 49 44 56 86 51
2 67 55
0
1 51
6 71 32 44 85 76 42
4 68 14 65 56
4 48 77 51 74
5 39 24 48 37 17
3 47 73 38
0
3 45 41 48
2 81 82
2 76 71
2 54 33
1 50
1 60
3 35 61 65
1 37
0
2 75 63
2 37 74
2 57 25
2 72 77
2 75 66
1 43
2 38 69
2 74 43
2 86 83
2 86 58
2 63 68
4 38 67 13 40
1 26
1 45
4 39 54 52 47
5 48 32 60 71 30
1 52
4 66 49 66 64
1 58
2 61 47
1 29
2 54 34
2 82 18
3 66 44 43
4 50 71 65 45
2 32 58
1 88
2 58 13
0
1 47
2 65 50
2 62 45
3 40 39 36
0
1 52
1 60
0
2 60 21
1 61
1 87
3 94 62 34
4 41 56 13 44
1 54
3 43 61 43
3 98 75 36
4 59 82 28 23
0
5 42 54 46 14 47
1 56
1 70
3 61 26 71
2 55 80
1 31
3 86 35 15
2 53 25
3 44 50 21
2 41 57
4 61 49 59 49
0
2 57 41
1 44
2 78 33
6 90 69 62 40 65 92
3 41 33 60
3 46 62 49
6 60 77 39 37 42 54
3 80 50 48
2 45 18
3 42 20 37
1 57
1 25
2 51 54
1 24
1 62
1 58
4 52 62 80 83
1 85
2 47 41
5 25 46 60 29 80
4 50 67 66 44
3 48 67 40
4 49 55 59 47
2 49 66
0
2 15 65
2 32 29
2 52 53
0
1 29
3 55 53 52
2 61 64
1 62
0
2 54 84
4 86 84 22 34
4 21 68 46 47
2 41 35
2 59 36
2 22 31
2 82 7
3 5 80 67
0
5 16 78 79 54 38
1 62
0
0
3 45 58 42
0
2 48 26
2 66 55
2 31 40
2 48 46
3 41 47 68
1 78
1 72
1 56
3 50 43 78
5 67 44 80 59 28
2 49 28
0
1 71
4 42 65 39 58
0
0
2 49 57
6 46 33 31 41 70 45
3 53 74 25
2 54 50
3 5 63 73
2 62 84
2 64 76
4 52 37 41 74
2 33 79
2 58 39
1 67
2 67 45
2 61 27
1 47
2 45 29
5 28 35 20 64 25
8 57 56 29 33 31 69 46 25
2 53 40
3 47 30 28
4 46 70 42 51
2 69 50
2 70 45
1 56
5 47 66 47 27 60
1 55
3 54 77 88
4 25 38 30 47
2 81 42
2 8 73
0
4 64 66 21 67
2 61 84
1 67
1 63
2 72 30
0
4 66 47 74 26
4 43 45 20 65
2 47 71
3 36 30 37
1 66
0
1 70
0
2 59 39
3 12 0 40
7 50 49 39 74 94 23 41
2 30 27
3 60 58 36
3 59 33 82
2 56 58
3 39 66 41
3 67 57 22
1 45
4 45 47 5 46
4 38 39 26 60
2 39 45
0
3 51 57 68
4 79 73 36 74
1 50
5 48 78 65 57 48
3 70 85 23
1 61
1 40
1 23
3 55 79 42
2 36 29
3 36 64 65
4 6 67 40 37
2 61 36
3 27 49 58
2 63 71
0
1 43
1 17
3 47 77 68
0
5 43 9 64 58 18
4 81 52 45 72
6 50 66 36 55 13 26
1 66
1 43
0
3 59 61 51
2 24 87
2 56 82
1 62
3 4 38 62
5 77 61 46 78 72
3 20 75 33
1 62
3 30 52 62
4 35 27 47 35
1 23
1 48
3 36 16 90
1 77
2 47 36
2 62 24
0
2 57 21
3 74 54 61
2 25 61
5 53 65 46 58 41
2 70 32
2 37 64
3 68 49 80
2 68 28
0
0
4 18 49 87 75
3 51 69 54
4 44 62 40 34
2 42 47
2 72 76
3 67 31 59
2 46 37
4 32 59 40 39
1 56
3 31 60 48
1 50
2 88 50
2 64 67
2 51 32
2 44 29
3 96 27 52
4 1 13 74 35
3 38 39 70
5 90 43 62 74 53
5 36 59 43 61 36
2 21 59
1 34
2 59 33
3 52 24 86
1 36
6 39 25 18 31 40 32
4 29 47 23 31
1 41
0
2 66 42
1 75
2 47 61
3 42 60 20
1 68
1 27
5 37 46 53 49 29
0
5 51 54 67 83 32
4 60 68 60 88
0
1 37
1 65
1 46
4 38 4 23 20
1 63
0
2 51 58
3 41 5 37
3 73 47 76
1 45
4 43 66 24 63
2 19 75
0
3 13 22 81
0
1 35
5 15 49 31 18 18
1 48
4 59 10 23 73
3 39 54 38
1 43
2 41 49
2 62 17
3 45 37 68
4 92 26 47 71
4 52 50 65 59
7 80 50 62 46 59 53 53
2 59 35
6 51 16 81 42 5 59
0
3 48 12 54
1 60
0
2 65 64
1 67
1 35
5 56 34 82 67 50
2 69 27
1 47
0
2 1 46
2 53 34
0
2 24 48
1 35
2 51 29
2 88 36
3 51 58 36
4 26 65 21 86
4 44 49 57 35
4 65 55 26 55
3 42 69 47
0
3 39 49 7
3 82 80 56
2 62 25
1 46
6 27 23 31 70 68 39
4 32 65 38 40
2 85 53
1 45
4 11 57 63 35
3 39 46 71
5 21 47 31 70 55
3 38 80 65
4 48 45 49 63
4 87 45 36 34
6 85 53 70 8 78 38
3 53 83 68
2 31 39
2 12 67
2 25 20
1 21
3 15 82 30
2 31 49
5 74 35 71 22 77
0
2 27 74
0
1 39
4 43 51 54 40
4 49 39 72 35
5 54 47 69 26 40
3 45 87 44
3 53 75 30
3 30 71 22
0
2 37 38
1 69
4 99 58 57 91
4 62 4 59 40
0
0
4 55 44 36 62
1 40
1 63
4 50 60 79 44
0
2 58 70
3 25 65 59
2 40 1
5 48 83 61 73 49
3 47 62 57
1 41
2 12 43
6 81 51 52 9 51 55
1 28
4 63 46 28 55
1 45
3 48 30 67
2 67 41
1 35
1 31
4 64 58 31 40
2 47 67
4 45 73 30 16
2 75 50
2 55 54
2 41 86
0
4 38 35 56 71
0
3 29 49 59
1 66
1 37
0
5 45 19 57 72 53
2 41 40
2 41 56
3 44 25 73
2 50 53
3 41 46 61
4 42 74 72 30
4 46 65 47 45
2 63 56
2 55 58
1 44
4 60 28 31 37
2 42 99
2 31 17
2 29 6
1 61
0
5 55 54 41 42 61
0
6 73 53 25 40 61 92
3 64 38 43
2 77 68
5 6 94 58 56 36
4 26 38 68 38
3 24 39 60
4 9 55 46 58
2 22 72
1 84
5 53 56 29 59 52
5 41 44 53 20 24
4 56 46 47 57
3 30 44 65
3 15 47 75
4 33 33 64 55
1 77
1 56
3 73 44 39
0
4 41 53 64 70
1 58
3 61 51 76
4 61 56 70 51
3 79 41 52
2 29 29
2 43 38
2 96 39
3 72 42 48
1 39
5 30 41 90 72 44
0
2 90 38
1 36
2 37 65
2 58 32
2 41 22
5 38 47 42 49 24
2 43 37
2 69 77
2 33 38
3 81 23 88
5 25 63 45 41 74
2 91 40
0
2 37 64
0
3 44 68 24
0
3 59 66 39
1 45
2 55 59
2 82 83
0
1 67
3 38 53 35
1 33
1 66
6 50 75 29 49 62 92
5 57 46 53 43 30
4 20 45 40 53
2 48 19
5 44 62 51 65 83
3 74 12 45
0
3 27 58 80
0
3 77 70 41
5 55 69 53 23 0
1 54
2 74 18
4 33 92 36 50
3 44 39 45
1 61
2 55 82
1 44
0
4 72 41 33 77
2 25 65
1 4
4 56 75 43 50
1 35
6 44 58 12 53 78 66
5 12 42 61 31 29
3 51 36 25
4 54 39 22 28
3 57 42 46
4 70 34 32 45
6 34 47 29 34 42 61
3 47 54 47
2 5 48
2 54 11
0
3 29 28 73
2 43 56
2 22 45
5 52 33 27 73 79
2 33 38
3 50 33 15
3 69 46 65
3 52 40 10
2 39 50
0
1 54
3 54 27 54
0
6 46 52 50 44 41 65
0
4 37 74 42 57
3 63 61 50
5 53 53 78 55 68
2 33 73
3 14 21 36
2 45 28
4 30 22 57 91
1 69
3 16 43 10
2 32 51
3 33 57 96
1 15
3 31 67 34
1 50
1 43
1 81
4 69 67 43 41
2 38 12
3 65 22 31
2 50 84
3 63 87 42
2 65 20
6 96 86 71 45 74 33
1 29
3 69 39 74
0
3 63 21 49
9 47 57 63 75 38 39 65 42 60
2 58 31
1 69
1 51
3 52 41 52
1 14
3 77 41 46
2 25 56
2 99 65
2 31 42
3 67 38 51
3 46 48 38
3 46 53 22
1 57
0
4 69 43 27 30
4 80 56 9 51
1 44
3 29 56 27
1 58
7 26 85 83 72 61 61 34
3 54 93 27
1 42
1 50
1 65
4 45 40 21 6
2 44 69
2 79 65
1 57
2 67 68
1 60
0
1 35
6 60 43 54 63 4 71
1 41
5 66 47 43 92 29
4 51 56 49 29
2 45 26
4 19 23 77 62
3 57 36 38
3 54 65 47
2 10 36
2 39 63
1 38
1 52
5 47 38 41 40 48
2 58 63
0
4 49 49 39 49
4 55 64 56 52
1 77
4 25 51 59 76
2 32 58
2 63 61
8 71 64 59 37 49 26 73 30
3 33 52 59
1 42
3 77 75 19
1 33
3 21 11 65
3 34 49 51
2 38 45
1 53
7 40 35 28 14 68 30 72
0
3 35 68 37
1 41
1 97
1 34
0
4 64 58 56 68
3 71 65 88
2 42 60
2 60 68
5 39 47 20 84 41
4 38 63 46 50
4 57 68 62 24
4 46 47 42 43
4 9 79 51 77
1 84
0
3 52 53 42
3 53 84 34
1 67
2 36 47
5 45 47 63 65 56
5 43 54 44 48 13
3 50 38 58
1 47
2 28 47
3 41 50 76
4 48 35 66 77
4 14 28 85 31
1 67
1 61
2 33 41
2 61 43
2 46 83
1 65
1 34
4 80 71 14 54
3 53 41 53
0
2 35 13
3 60 93 54
0
7 37 53 81 49 17 11 13
2 33 40
2 25 18
3 47 49 54
3 62 41 47
0
2 84 70
0
2 58 69
2 60 42
3 36 36 54
1 49
0
2 50 41
1 73
1 58
2 44 22
0
5 28 63 66 65 43
4 29 79 89 46
0
4 33 17 72 50
2 69 66
9 57 45 37 71 63 79 38 13 48
2 46 43
4 48 46 64 59
4 9 33 52 34
2 87 13
2 33 75
1 47
5 30 40 71 55 41
3 49 53 68
5 47 48 16 96 74
2 78 18
4 49 49 16 71
0
4 71 73 11 82
2 35 46
1 71
2 62 47
0
3 52 54 36
8 58 38 34 48 9 63 39 48
3 51 66 26
5 55 52 52 72 60
4 53 49 53 75
1 48
4 66 52 22 43
1 61
7 48 54 68 71 57 59 30
3 59 40 83
2 47 54
1 55
4 35 75 61 37
3 62 47 43
0
1 38
3 63 59 31
3 25 68 57
1 47
2 37 52
2 35 68
1 25
2 39 56
2 76 42
3 81 28 36
2 16 52
3 36 43 35
4 60 63 32 76
3 79 59 42
2 16 41
3 50 53 33
0
1 64
2 45 29
0
2 26 80
5 70 68 63 41 30
1 71
2 68 49
2 51 52
0
2 32 33
3 62 51 40
3 83 14 57
3 55 72 73
1 52
2 99 33
1 69
5 76 33 47 3 42
2 85 17
2 41 64
2 46 31
3 58 32 44
4 16 43 45 32
4 68 30 63 43
1 45
2 46 29
1 94
1 45
2 57 42
2 53 53
1 29
3 67 78 48
5 79 71 40 31 59
3 69 51 42
0
1 69
3 58 58 51
2 45 41
4 58 26 69 83
1 4
3 23 78 39
4 50 40 45 39
0
1 50
4 74 60 39 32
2 64 60
3 55 50 57
3 55 17 37
3 56 56 57
1 35
2 25 74
3 91 57 56
4 51 8 27 63
4 51 75 27 33
3 94 68 69
4 57 31 58 44
0
1 72
2 23 34
3 36 48 42
3 49 50 47
3 9 52 29
6 51 35 48 72 70 20
3 78 50 41
2 51 53
1 61
2 44 64
3 43 38 51
3 59 68 43
2 39 4
2 73 36
5 20 49 66 50 35
3 26 33 36
0
1 35
2 35 71
4 52 71 68 94
3 49 45 53
2 62 31
1 62
2 61 67
2 59 47
3 50 26 45
2 69 46
5 81 46 55 62 20
2 97 45
1 33
1 80
4 40 47 42 44
2 33 7
3 55 54 34
2 57 61
3 78 50 47
1 50
5 33 55 76 50 47
4 54 49 65 78
2 74 43
4 36 58 21 63
1 61
0
1 8
1 47
3 60 42 47
5 42 71 25 70 36
2 33 67
0
1 52
7 18 70 57 77 47 34 52
3 38 52 98
2 42 30
4 45 12 51 57
2 29 54
2 47 66
4 19 51 42 38
2 44 53
3 60 10 28
1 16
2 47 41
1 71
3 55 82 49
0
3 50 51 22
0
1 90
5 16 73 58 36 33
4 7 46 32 60
2 41 30
0
3 17 68 38
1 31
3 59 32 20
7 54 66 61 38 20 53 72
3 56 49 77
1 44
2 54 51
0
4 57 32 89 39
3 55 67 67
6 72 65 46 57 54 80
2 28 40
2 36 65
2 57 55
0
2 45 36
3 60 54 42
2 56 46
2 52 47
4 49 58 47 27
3 35 72 29
3 74 31 50
2 55 50
8 42 61 67 46 49 55 65 19
3 49 70 49
1 41
2 15 47
0
3 62 24 28
0
1 38
1 55
1 40
4 36 89 59 41
3 63 48 41
6 65 40 38 52 67 94
3 50 40 28
3 37 68 73
1 36
2 51 41
2 53 12
5 25 53 42 36 60
0
2 30 61
3 61 83 49
2 44 30
1 57
1 70
2 77 26
4 41 74 60 50
3 65 44 45
4 42 35 52 72
2 46 22
3 69 28 23
0
2 42 58
2 50 37
1 41
0
4 37 40 50 27
2 81 41
3 61 40 61
3 44 49 64
2 45 31
1 46
4 52 53 61 32
1 46
4 35 20 60 30
4 58 95 20 67
1 43
2 71 39
2 42 53
1 48
2 81 19
2 43 80
3 86 70 79
3 50 60 46
1 27
1 11
1 13
2 48 33
1 42
4 61 67 38 41
1 54
2 42 37
2 94 59
2 59 35
5 24 27 85 46 66
1 55
2 43 42
2 11 30
3 58 45 61
2 45 31
2 80 3
1 65
3 46 54 99
0
0
2 57 55
3 73 57 44
2 40 75
5 50 51 53 48 54
1 77
5 64 42 65 51 51
3 20 43 35
3 64 25 64
2 94 8
3 42 37 73
2 85 70
1 53
3 68 52 32
1 46
2 38 21
2 64 40
1 53
3 52 46 49
3 63 79 40
2 21 55
1 49
1 47
1 27
2 19 62
2 92 38
0
5 25 59 70 11 48
3 58 51 46
3 74 90 44
5 68 44 76 56 48
2 27 45
3 49 47 73
3 31 69 48
2 54 78
1 67
2 70 69
2 46 40
4 67 83 14 31
6 33 41 89 27 17 47
3 80 83 32
2 33 65
2 67 83
3 44 38 50
2 9 63
1 44
2 49 35
3 45 41 48
1 64
2 17 66
2 48 51
0
2 50 24
4 50 61 57 41
4 84 32 26 34
1 44
3 26 77 30
2 41 33
4 77 28 66 46
1 43
4 26 61 46 41
4 67 56 49 6
1 89
1 59
2 44 64
5 91 51 49 26 26
0
2 68 40
1 37
2 60 38
1 54
1 55
4 19 94 78 19
2 43 61
0
5 40 76 55 43 61
1 23
3 70 69 76
3 55 53 38
2 88 82
3 22 84 7
2 89 72
1 38
2 48 54
2 65 47
2 55 59
3 22 20 28
3 47 20 49
4 46 29 19 33
3 67 52 68
6 81 47 60 64 24 44
3 61 15 55
1 50
2 34 25
2 47 82
4 66 24 45 31
0
3 49 41 77
1 80
2 53 74
1 63
3 52 66 49
1 21
1 85
1 45
2 68 38
2 75 42
2 36 35
2 34 83
1 60
1 24
6 31 38 51 61 52 74
1 28
1 56
5 47 79 49 62 35
1 45
3 76 29 53
2 47 8
3 68 60 44
2 58 27
0
3 60 20 91
1 50
1 55
2 48 44
4 43 48 41 87
0
2 68 27
4 75 35 78 76
1 43
0
1 59
3 75 40 58
3 40 71 67
4 36 84 59 68
0
3 34 53 71
3 27 64 19
1 30
1 51
2 81 50
2 22 59
3 52 70 53
2 46 28
1 48
2 27 51
1 50
1 28
3 43 48 62
0
1 68
3 78 53 61
3 6 63 55
1 18
2 54 61
3 47 57 15
3 49 37 73
6 33 55 74 91 46 49
3 56 30 48
4 31 3 54 38
2 22 48
0
3 23 64 37
2 35 39
6 28 47 38 70 48 91
2 61 20
2 36 25
1 29
3 3 74 48
4 46 79 64 33
4 4 31 67 93
2 60 44
0
0
3 68 27 75
2 49 49
0
2 13 69
1 57
3 22 67 43
4 33 38 50 65
2 51 79
1 62
0
3 37 45 47
4 42 27 21 62
1 43
0
3 77 39 89
2 41 25
1 31
3 46 45 18
0
1 53
1 53
4 68 39 9 51
3 28 16 82
4 50 45 55 69
2 64 48
3 32 74 57
2 65 87
3 44 41 53
1 44
0
1 66
3 53 49 33
0
2 78 39
0
2 31 59
1 43
3 43 60 70
3 77 72 81
0
4 98 13 28 46
4 32 75 76 70
1 36
3 44 54 36
1 43
2 79 61
2 49 26
6 75 35 47 18 92 54
2 26 38
2 37 62
1 73
4 12 66 30 40
1 66
1 56
0
2 49 37
1 51
1 56
1 48
2 34 74
2 49 66
2 38 77
1 68
1 10
2 40 64
2 36 35
2 56 52
5 34 31 60 40 40
3 47 26 52
4 47 62 61 57
1 45
1 61
0
1 47
1 33
3 51 74 66
0
4 22 45 25 59
1 82
3 33 32 56
1 52
4 41 63 23 51
1 30
2 43 72
2 72 68
1 42
0
2 43 31
3 47 35 26
2 50 54
2 25 89
2 45 41
1 60
1 18
1 76
3 47 63 70
1 66
6 25 38 54 50 45 43
1 48
2 46 23
3 75 49 59
3 39 55 50
1 51
2 78 68
3 46 55 59
1 41
2 49 81
2 27 73
4 48 72 27 61
0
1 73
2 48 20
1 53
3 53 47 64
2 44 46
3 42 56 44
3 74 39 66
4 26 45 27 54
3 21 20 64
3 39 35 19
3 66 37 24
0
1 65
1 71
2 33 33
0
3 8 54 70
0
2 53 18
2 52 52
1 37
1 64
0
1 31
0
1 69
1 63
5 49 25 44 56 29
2 63 66
1 36
4 34 52 46 65
1 81
1 67
1 89
0
4 36 42 59 30
3 15 46 41
1 33
2 35 46
5 26 79 57 65 56
0
0
3 36 40 41
2 35 19
1 59
2 53 77
2 38 49
0
0
1 17
2 46 62
2 61 42
5 32 30 13 84 64
2 78 57
3 88 58 47
3 71 58 46
1 65
2 29 72
0
1 94
5 55 19 34 63 22
1 55
2 27 31
1 76
2 63 73
1 83
1 88
3 30 41 67
3 39 57 53
0
3 82 66 11
1 48
2 24 51
3 28 50 39
3 33 64 72
2 45 36
2 39 63
0
1 84
1 73
3 34 56 33
0
0
0
0
1 47
4 29 10 29 95
0
4 6 68 69 69
0
3 73 27 71
2 81 25
1 25
2 61 83
2 24 41
2 45 65
1 76
2 59 27
2 85 44
2 60 48
1 60
1 73
4 36 34 32 25
1 48
2 43 19
2 68 37
1 44
2 51 49
2 42 64
1 35
0
5 38 61 28 63 50
1 68
7 31 53 33 39 51 84 49
0
4 66 70 36 51
0
0
3 48 54 31
2 49 59
0
3 46 58 39
0
1 30
4 44 47 36 24
1 57
3 46 21 8
1 56
3 55 69 56
0
3 70 51 75
3 21 1 68
0
2 66 46
1 37
5 67 25 54 84 34
0
1 42
2 67 46
1 29
0
1 34
3 36 34 62
3 29 86 34
1 64
1 44
0
2 39 38
0
0
1 16
0
1 71
2 46 38
1 53
3 18 80 62
3 43 47 85
3 97 50 66
1 49
3 78 8 40
0
1 56
2 37 54
3 68 67 50
1 43
0
1 59
3 78 44 50
1 57
2 30 37
1 74
1 85
3 47 75 84
0
2 23 68
1 69
3 60 29 55
0
3 34 71 28
1 70
2 92 73
2 24 45
1 32
2 11 86
3 24 24 74
1 64
0
1 64
1 67
5 74 39 63 49 52
1 36
2 20 45
1 49
2 8 55
0
1 63
1 37
1 44
1 69
1 50
1 48
1 37
3 45 88 28
2 62 93
1 7
5 52 44 67 60 34
1 47
3 73 15 64
3 35 58 87
0
3 69 88 55
2 46 7
1 5
3 46 46 74
1 53
1 61
1 83
1 76
2 30 45
2 73 42
2 50 83
2 46 30
1 59
0
3 20 62 67
1 54
0
0
1 40
0
2 49 66
3 71 42 28
0
3 44 49 57
0
2 87 55
0
0
0
0
1 78
0
4 57 32 40 68
1 67
2 57 39
0
2 40 23
0
1 75
1 48
2 67 86
2 51 52
2 53 10
1 37
2 41 23
0
2 57 22
2 42 81
1 29
1 34
3 80 73 48
2 76 31
1 84
1 48
3 35 34 86
0
4 82 75 80 5
0
4 20 57 61 40
0
1 66
0
4 38 58 56 59
0
0
1 50
1 47
1 65
1 30
2 36 14
1 30
1 43
0
1 42
1 28
1 33
3 29 66 53
1 44
3 84 35 52
3 65 23 95
2 73 53
0
3 66 40 42
3 47 58 52
0
2 53 26
1 45
1 33
1 33
2 35 82
1 92
3 18 72 48
2 37 52
0
3 46 32 61
2 48 58
3 21 28 50
1 40
2 64 45
3 74 69 64
0
0
0
2 32 26
1 63
3 57 60 39
1 49
0
1 78
0
0
2 11 52
3 67 19 16
1 44
2 37 40
3 77 55 42
3 57 78 62
1 81
2 53 59
0
1 60
2 60 23
1 55
0
2 63 60
2 22 79
1 36
1 19
1 52
1 48
0
0
2 41 64
1 61
1 77
0
1 38
2 58 55
1 53
3 52 50 47
1 49
0
0
0
0
0
4 25 45 48 69
4 17 81 56 34
1 53
0
0
2 72 70
4 28 62 70 68
3 42 74 89
3 56 40 67
0
2 54 49
2 56 45
0
1 46
1 46
3 25 22 80
0
1 35
0
3 55 20 39
2 50 75
0
2 68 46
2 48 48
1 79
0
1 71
2 53 72
1 40
2 42 45
0
1 38
2 26 55
1 68
0
3 40 48 19
1 39
3 81 32 51
0
2 68 48
0
2 48 36
1 49
0
0
2 56 2
2 59 52
0
0
1 39
0
2 79 31
0
1 50
1 58
1 67
1 65
1 57
2 41 15
1 49
2 51 51
0
1 51
1 35
2 54 46
0
1 53
3 52 57 43
0
0
3 41 29 45
3 62 55 34
1 53
1 81
0
4 53 60 31 78
4 84 24 33 51
1 14
1 67
0
2 77 77
1 78
0
0
0
0
1 59
1 47
1 62
1 21
0
1 62
0
1 18
3 21 49 70
0
0
0
1 67
5 10 29 34 69 68
1 56
2 52 73
1 57
0
0
2 37 56
1 38
1 55
3 29 40 56
1 38
1 54
3 66 69 79
1 72
0
1 58
2 40 60
0
1 7
1 43
0
1 31
1 64
2 49 47
1 33
1 50
0
0
1 43
1 74
0
1 71
1 42
0
0
1 23
1 75
1 65
0
2 45 46
1 72
0
1 40
3 25 69 47
3 26 55 42
1 45
1 55
2 68 25
2 60 48
1 44
4 44 55 68 43
0
2 64 49
0
1 24
3 72 28 49
0
3 18 20 55
1 43
0
0
2 17 82
0
1 48
0
0
1 45
2 66 57
2 60 19
2 30 61
0
1 79
0
2 58 20
2 52 48
2 70 85
1 25
1 50
3 46 37 56
1 41
0
0
0
0
0
0
1 56
1 37
0
0
0
0
2 57 57
1 43
0
1 79
1 50
1 56
1 61
2 51 53
0
1 87
2 28 76
0
1 23
1 84
0
1 51
2 36 28
1 35
2 67 68
0
0
1 69
0
2 42 41
1 51
0
1 64
1 38
3 18 66 55
1 68
0
0
2 80 63
1 44
1 54
1 37
0
1 71
0
1 20
1 27
1 59
3 11 32 31
1 73
3 44 47 3
2 32 33
1 73
0
0
2 83 28
1 76
2 43 16
0
0
0
1 52
1 31
0
0
1 50
0
1 24
2 62 54
1 46
0
2 24 48
0
1 81
1 48
1 64
1 45
1 56
0
2 81 52
1 79
1 27
1 89
1 61
0
0
2 53 59
0
1 62
1 57
1 55
0
0
0
0
1 52
0
1 31
3 33 58 33
0
0
3 51 19 61
0
