3600 4
2 50 58
2 52 41
7 62 79 52 37 87 22 30
3 47 38 49
5 74 72 71 21 55
5 40 84 64 61 38
3 22 63 59
3 65 57 4
5 52 42 33 26 76
5 13 64 46 28 23
3 39 93 53
5 52 33 47 50 61
2 70 84
2 29 53
2 85 20
3 65 30 38
3 58 22 64
1 74
1 68
0
5 65 47 41 34 42
2 66 63
3 84 9 51
0
3 55 23 68
2 8 69
2 50 40
4 74 71 49 30
1 66
4 9 41 81 23
2 47 49
3 57 80 60
3 58 59 65
5 67 37 63 12 26
6 59 60 31 96 50 37
2 32 81
1 45
3 65 40 47
1 45
3 33 32 31
2 79 61
1 36
3 51 43 67
0
4 48 45 29 46
4 31 58 99 64
2 20 73
2 41 17
2 58 39
1 26
1 74
2 44 70
3 22 53 38
0
4 61 60 50 47
2 54 29
1 88
2 48 47
3 90 84 42
1 58
2 33 51
5 51 54 74 28 28
1 74
2 58 68
2 68 46
3 72 21 68
4 11 51 41 42
4 43 45 43 25
2 44 2
4 25 44 89 32
2 66 17
6 65 41 24 58 46 49
3 80 59 54
0
3 38 32 38
3 48 74 47
3 52 16 73
7 80 35 92 60 77 61 30
2 42 31
3 57 70 30
2 17 82
2 41 49
2 94 77
1 51
3 50 14 65
1 52
1 64
4 35 68 77 41
2 82 53
3 11 60 43
5 73 63 5 20 44
1 61
2 95 31
3 21 62 54
0
2 80 39
3 38 56 51
2 36 65
2 21 41
3 46 39 43
3 46 36 59
2 75 49
1 47
3 39 53 21
3 44 27 45
2 39 55
3 76 55 74
1 62
2 77 65
0
2 45 37
2 51 58
3 99 75 49
2 71 29
6 52 59 48 88 28 80
2 60 39
1 76
0
0
3 16 1 29
3 7 48 57
1 47
3 37 44 74
0
1 40
5 34 54 72 87 39
5 64 32 27 30 41
2 64 50
5 40 8 52 36 69
3 55 15 38
1 62
1 37
3 73 61 52
7 42 67 35 66 37 99 45
2 45 40
2 87 48
7 38 46 30 30 33 22 76
1 29
4 41 41 67 69
1 31
2 63 60
3 57 10 51
7 21 55 36 71 70 51 21
3 27 48 51
1 27
2 48 33
1 47
5 84 34 43 41 78
3 55 13 63
1 78
4 44 60 48 52
1 56
3 40 80 38
5 63 43 57 58 38
3 32 43 46
1 70
2 82 47
4 30 27 15 36
1 58
3 56 38 40
1 86
4 76 84 51 47
1 40
1 29
5 27 26 58 55 70
2 3 36
2 40 43
3 49 74 54
1 8
1 69
4 32 37 30 59
0
3 47 22 35
4 18 33 39 22
3 30 25 75
2 52 58
5 45 32 66 30 61
4 24 45 66 29
4 22 69 87 19
1 77
1 29
1 71
2 57 44
2 77 37
5 79 22 33 59 60
4 34 53 55 29
1 59
1 57
2 57 34
4 64 52 45 55
3 72 68 50
5 61 28 72 44 64
0
2 88 48
1 46
1 83
3 50 48 83
2 48 31
4 41 46 77 36
2 79 49
1 19
2 19 75
1 50
5 80 74 67 51 35
2 80 33
3 61 60 27
2 51 24
4 30 53 18 49
2 68 54
3 44 44 43
3 18 74 75
3 54 50 62
3 17 53 53
1 42
2 33 39
3 33 56 53
3 64 61 47
4 30 47 32 62
1 36
0
2 81 56
3 48 79 75
3 31 60 55
4 58 42 40 79
2 57 24
3 53 30 50
0
0
4 51 29 49 56
2 71 90
3 80 82 37
3 22 81 34
2 55 62
3 34 44 58
2 39 38
5 51 42 68 45 15
8 66 30 44 59 35 2 27 44
1 30
1 85
2 41 24
3 27 60 45
4 77 70 52 81
3 43 41 40
3 54 41 68
0
0
2 62 93
3 63 54 49
4 62 27 32 26
1 41
2 28 51
3 38 71 87
5 61 47 6 37 81
3 42 31 49
3 41 51 64
1 54
6 73 33 53 53 80 52
2 96 57
1 91
4 42 74 43 44
1 35
2 77 72
3 29 82 76
1 56
4 38 87 52 34
2 63 75
1 60
2 48 45
5 56 37 53 66 35
0
1 94
3 36 8 69
2 58 27
4 43 39 19 36
1 49
1 61
3 79 73 72
1 37
2 22 45
4 19 8 80 45
0
4 60 31 36 18
4 63 83 41 43
3 75 52 24
0
3 59 75 55
2 24 90
3 55 70 81
1 57
4 3 78 55 13
0
4 77 79 54 18
3 62 38 43
3 46 23 75
5 74 63 3 42 61
1 62
0
4 27 40 61 73
0
1 37
3 85 29 60
2 40 39
2 41 60
4 81 69 41 48
1 49
3 59 55 62
0
2 70 32
0
4 52 68 37 68
6 44 43 21 54 68 72
4 17 43 51 66
3 63 47 52
1 42
5 53 81 50 43 46
1 23
2 47 45
1 54
8 58 54 94 48 57 53 21 43
2 61 56
2 50 34
1 51
2 52 50
0
3 74 65 39
4 51 70 50 58
4 61 66 67 54
3 47 23 67
2 41 62
2 70 71
3 56 74 88
2 59 78
2 53 50
1 27
1 45
2 42 55
1 62
2 35 10
2 60 68
2 72 38
1 26
2 21 17
3 75 45 65
2 34 30
3 61 52 58
4 72 68 32 26
2 35 10
3 26 21 39
1 40
4 72 59 62 49
2 64 31
2 14 65
4 42 57 66 18
2 62 60
5 21 61 67 22 87
5 60 53 35 30 61
4 39 32 51 90
2 66 54
2 23 61
1 57
6 44 35 46 48 43 14
1 28
3 49 68 53
4 53 41 53 72
6 97 52 73 51 28 78
1 43
0
2 83 57
4 94 64 48 36
6 70 80 63 17 39 47
2 44 75
5 33 35 25 37 17
1 50
1 45
3 29 62 51
1 34
3 27 21 36
3 44 44 58
2 64 45
2 61 40
2 44 70
2 8 33
0
1 82
3 84 42 48
1 40
3 58 90 47
3 48 67 34
1 78
3 20 77 52
2 49 68
6 44 70 63 46 13 48
1 32
2 58 58
2 57 63
0
3 37 55 63
5 62 51 36 27 21
2 39 53
0
4 49 44 42 69
2 65 76
3 33 70 79
4 53 69 72 49
0
0
4 39 61 51 67
4 35 44 89 45
4 36 69 21 44
1 46
1 83
2 29 76
1 47
1 42
4 43 33 45 54
0
3 76 61 45
2 33 37
4 65 30 70 22
0
0
3 46 90 69
3 69 75 24
2 29 81
2 41 70
1 17
1 20
2 20 86
2 65 78
1 39
3 83 59 41
1 33
2 73 1
0
2 52 49
3 25 33 57
4 65 41 48 56
3 29 60 60
2 63 33
1 63
7 14 24 28 34 83 18 34
2 71 62
5 67 64 84 43 80
3 53 70 70
3 49 78 63
5 4 82 50 36 56
1 52
4 31 39 48 73
1 32
2 56 60
2 31 93
4 64 77 77 47
3 56 59 34
0
2 60 54
4 34 68 51 65
2 54 34
5 49 25 67 69 34
2 65 34
2 60 12
1 80
2 79 54
3 50 51 28
3 49 74 66
0
5 52 41 32 34 52
2 51 50
3 30 47 55
0
0
3 47 55 39
3 56 51 64
4 73 24 30 25
3 58 75 40
1 43
3 51 38 39
2 27 47
2 44 66
2 63 56
4 45 54 49 47
1 65
1 83
1 37
3 22 70 39
2 39 59
4 40 41 57 22
0
6 40 39 58 59 21 59
3 48 42 64
3 93 80 48
1 41
5 51 56 52 50 76
1 53
0
0
1 77
1 23
3 40 61 79
4 69 38 62 33
0
3 41 17 83
1 31
3 56 72 61
3 27 75 72
2 56 40
1 49
3 83 60 38
1 70
3 61 56 87
1 25
2 32 57
3 66 30 19
1 70
2 51 58
3 58 70 74
2 49 20
2 45 23
1 36
5 43 18 19 41 30
3 58 76 57
3 28 38 46
3 61 59 51
1 60
1 15
2 34 45
5 87 61 66 77 73
5 81 85 42 34 12
0
1 56
1 58
3 99 45 36
1 57
3 37 60 6
1 8
4 23 69 37 63
3 67 61 58
1 33
2 69 78
3 83 55 19
1 41
0
2 57 29
2 42 71
6 60 59 24 55 60 57
1 52
2 22 24
1 47
1 46
1 41
1 33
2 62 18
2 58 45
4 58 47 47 42
5 41 54 10 71 1
2 42 56
4 44 79 44 68
3 33 64 58
3 71 44 31
1 69
4 84 82 75 45
2 69 62
3 65 64 50
2 50 87
1 50
4 14 63 84 95
1 48
1 39
0
3 61 58 38
2 22 43
5 38 74 7 15 43
1 74
4 44 37 43 56
2 48 28
3 33 18 73
2 46 44
3 75 28 51
2 70 68
4 35 57 43 66
3 75 57 49
0
1 38
0
2 77 87
4 39 48 44 62
1 59
4 48 62 22 47
3 42 38 36
3 58 53 45
1 66
1 42
0
2 51 55
0
3 52 79 29
3 57 58 45
2 32 42
2 71 59
0
0
3 44 43 43
4 79 40 19 34
0
1 52
4 63 41 8 52
2 42 37
1 36
4 54 53 53 23
0
4 50 55 39 60
1 31
2 64 49
4 57 28 99 19
2 90 77
4 73 50 56 56
5 21 47 79 58 56
3 77 75 56
3 57 38 40
3 73 50 12
1 63
0
0
3 95 64 61
1 45
3 61 57 71
3 65 85 41
2 16 60
1 84
2 92 75
2 73 68
2 81 35
3 61 49 78
2 27 13
1 57
2 64 76
1 17
1 33
2 39 39
2 40 69
3 53 60 31
1 67
3 31 60 86
2 25 31
3 40 74 53
1 60
1 63
2 27 63
2 67 16
2 16 45
3 71 49 58
3 38 75 88
2 63 27
0
0
8 84 26 70 60 50 81 63 50
3 41 39 29
0
3 30 51 36
6 21 55 62 44 36 45
1 81
1 84
5 64 56 29 80 72
2 9 63
8 26 27 70 65 75 51 43 45
1 21
0
2 72 12
2 73 56
1 90
1 43
1 80
1 25
3 60 54 28
2 2 76
6 32 37 31 64 71 56
1 63
3 55 25 54
2 27 56
2 58 15
0
0
2 83 57
2 84 86
3 65 11 47
2 70 10
5 74 29 45 85 71
1 63
1 44
2 39 52
2 41 40
4 42 59 37 61
2 27 28
2 52 63
0
1 36
2 60 86
2 62 58
5 36 54 37 41 41
1 84
4 68 80 65 65
2 12 42
1 68
2 41 39
2 49 46
6 61 75 25 50 55 61
2 38 31
0
1 73
1 0
0
4 55 33 23 69
2 57 58
1 35
1 69
0
2 59 85
4 52 76 68 71
0
1 73
1 51
3 80 67 52
2 36 58
2 55 90
1 66
4 57 26 33 45
1 20
4 56 56 24 40
0
3 49 41 66
2 85 65
1 13
2 35 75
0
2 58 79
1 49
1 43
0
1 37
4 39 54 45 32
1 59
2 30 65
2 70 79
0
1 30
1 59
2 56 52
2 37 63
2 75 17
2 60 50
4 49 66 40 44
3 82 52 45
1 61
2 61 31
2 56 36
0
3 24 66 42
2 61 54
3 64 88 32
2 63 33
1 55
2 42 64
2 50 65
1 42
1 86
2 51 34
4 32 44 66 69
4 61 39 29 59
2 69 39
4 45 35 25 46
3 58 71 81
5 71 34 40 45 41
3 67 62 30
4 21 30 77 25
2 56 70
4 51 82 60 80
0
0
1 30
0
1 42
0
3 17 12 85
1 71
1 65
0
1 33
1 39
2 44 26
2 60 48
2 48 57
0
3 27 51 34
4 68 34 31 54
3 42 67 53
2 66 75
2 51 54
2 60 65
2 69 76
2 16 44
2 50 62
4 57 86 57 56
1 31
2 30 23
4 65 68 59 43
1 9
1 78
3 66 91 75
1 44
3 55 35 40
2 46 50
0
4 28 30 16 61
0
2 59 34
1 44
1 80
2 57 49
1 69
2 72 58
3 59 46 41
2 43 61
1 56
1 25
1 57
1 52
1 67
3 51 42 23
0
3 55 58 32
2 67 76
0
2 89 73
3 43 35 72
2 35 21
4 44 68 14 46
2 24 57
0
3 58 16 54
1 28
0
3 64 50 58
2 36 49
0
4 37 18 41 91
1 60
3 61 39 51
3 93 41 50
1 28
1 76
0
2 46 51
0
1 29
2 37 26
1 44
1 69
4 48 60 51 43
1 44
2 63 40
2 55 80
1 86
1 26
4 47 49 15 33
3 41 97 30
2 40 40
2 66 49
3 37 60 78
1 59
2 31 22
1 59
2 53 41
2 76 24
2 39 64
1 65
1 52
2 52 61
2 9 65
2 16 41
3 35 75 56
0
1 72
2 59 32
0
0
1 24
2 12 61
5 68 56 64 47 75
2 31 52
5 61 60 87 48 48
3 36 24 55
0
0
3 52 87 48
2 58 70
0
2 69 52
2 88 100
1 62
0
2 48 60
1 55
6 45 78 65 40 55 48
2 52 54
0
2 73 52
1 39
5 11 37 68 46 45
2 44 46
1 48
4 67 44 95 30
2 51 40
1 50
0
1 75
0
1 39
5 55 32 52 48 39
0
0
0
2 91 24
3 60 33 42
3 50 71 59
1 34
0
1 31
3 73 88 43
2 78 43
1 71
0
1 29
1 27
1 50
3 36 55 55
1 33
0
1 51
2 38 33
2 42 40
1 37
1 53
5 51 65 42 42 73
2 43 12
1 71
1 54
3 71 45 52
1 52
1 68
1 41
3 51 47 50
0
1 50
0
2 56 56
2 19 43
3 70 53 48
0
2 39 28
1 35
4 56 63 76 87
0
4 12 23 45 59
1 69
0
2 40 75
4 38 79 68 86
2 51 32
1 27
0
2 35 59
5 71 35 41 34 52
0
2 61 50
1 74
2 66 57
4 49 45 68 60
2 79 17
1 51
0
1 55
1 30
2 63 88
2 36 83
0
2 45 66
3 37 33 29
0
2 33 44
2 55 28
2 59 29
0
2 55 94
5 55 64 52 57 67
1 64
1 17
2 70 49
0
0
2 89 32
1 49
1 50
3 63 36 36
1 54
1 52
2 47 1
1 20
3 67 60 53
1 66
2 49 67
2 41 40
4 61 59 60 50
5 58 39 31 62 29
1 81
1 71
0
0
1 31
1 62
1 80
1 10
0
1 74
1 69
3 85 66 36
1 53
1 57
2 41 44
1 63
1 35
1 34
3 56 29 50
2 40 22
0
0
1 63
4 71 49 35 42
1 55
2 40 73
1 65
1 61
0
1 48
3 74 36 42
2 59 50
0
2 53 67
1 50
1 72
3 22 29 34
2 81 32
0
2 61 70
1 54
2 64 45
1 86
1 33
2 64 41
0
4 70 32 42 74
0
1 45
1 76
2 55 66
3 53 55 44
0
0
2 32 38
4 43 55 75 60
1 47
0
2 41 53
0
0
0
2 36 50
1 32
3 37 46 42
0
1 25
0
1 64
5 28 81 75 37 72
1 21
1 59
0
3 48 22 72
0
0
1 27
1 19
2 65 30
4 70 27 60 91
0
4 55 81 58 63
1 23
1 54
1 83
2 67 44
2 33 52
2 85 39
3 23 79 72
2 48 95
2 51 67
1 33
0
0
3 87 49 73
0
2 65 41
2 40 64
0
4 75 51 73 42
0
1 61
1 21
0
3 31 35 80
0
2 76 64
1 65
2 12 31
0
0
1 80
0
2 42 61
3 17 35 33
0
2 45 40
0
2 21 77
2 55 34
1 21
1 46
0
3 18 25 9
1 77
2 96 60
0
3 69 32 70
2 45 62
2 27 27
1 68
1 53
2 54 86
0
0
0
1 17
1 51
3 56 46 78
2 63 54
1 45
1 48
3 51 43 53
3 13 57 72
0
1 45
0
3 22 88 20
0
0
2 70 58
1 32
0
0
1 33
0
1 70
1 33
1 53
2 38 76
1 45
2 32 63
1 47
2 44 39
0
0
1 55
2 52 60
0
1 32
0
1 41
2 32 38
2 40 32
0
1 73
2 74 32
3 41 38 24
1 88
1 16
1 41
1 77
3 42 18 35
0
1 19
0
1 43
0
1 64
2 37 38
0
0
2 28 64
2 41 56
2 44 68
3 19 29 72
1 45
0
1 93
2 28 57
0
4 69 23 86 88
0
2 38 87
2 40 67
0
0
2 80 49
0
1 43
1 48
1 56
1 62
0
1 34
4 58 66 35 27
1 62
1 71
0
1 67
0
0
0
2 70 63
2 31 40
1 33
2 61 73
0
2 53 43
1 88
0
0
2 68 49
2 67 59
2 55 25
3 73 90 42
2 48 16
2 68 53
4 16 35 14 52
1 50
0
1 49
1 23
1 45
2 8 72
0
0
1 55
1 15
0
0
0
1 61
0
4 38 31 51 44
0
4 61 71 63 58
0
0
1 60
1 41
1 50
2 46 16
1 51
1 59
0
2 49 51
1 54
1 47
0
0
1 34
2 71 82
2 46 67
1 41
1 42
1 53
2 49 50
2 34 66
1 68
3 36 52 28
1 83
2 15 75
3 54 80 92
0
0
2 59 21
1 70
1 56
0
1 73
2 49 21
1 47
1 66
1 43
1 37
0
0
0
0
1 68
0
2 67 14
1 44
0
2 58 42
0
1 35
0
0
2 38 12
0
0
2 72 67
2 58 36
0
1 33
0
1 81
0
0
2 43 16
1 57
1 40
0
1 65
2 60 57
1 63
0
2 72 56
0
0
2 80 52
1 24
1 84
1 92
0
2 55 41
0
1 44
0
1 15
3 46 65 60
0
1 41
2 57 61
0
0
0
0
2 17 43
0
2 44 21
1 51
0
3 53 33 44
1 81
1 50
0
2 29 48
1 80
2 51 83
2 25 47
1 82
1 45
3 34 65 45
1 47
0
2 33 21
1 55
0
0
3 41 81 60
1 46
0
1 65
1 38
2 61 36
3 88 44 53
1 62
0
0
0
1 16
0
1 50
1 34
0
1 52
0
0
0
0
0
0
0
1 66
0
2 73 17
1 60
0
0
1 17
1 38
1 67
1 64
0
3 38 49 49
1 54
0
3 61 40 37
1 68
0
1 35
1 55
1 59
0
0
0
1 41
3 29 48 37
0
0
3 57 59 32
1 66
1 65
2 56 49
0
1 60
0
3 56 57 39
0
1 72
0
0
0
1 60
1 22
0
1 56
1 44
1 22
0
2 31 38
0
1 37
1 14
0
0
1 29
2 77 62
2 67 56
1 61
2 45 61
2 54 27
0
1 57
0
0
2 64 32
0
1 25
0
2 54 60
1 92
0
0
1 45
2 43 53
0
0
0
0
0
1 63
0
0
1 48
2 40 63
1 50
2 15 82
1 29
0
1 42
1 68
1 43
1 26
1 64
1 44
0
0
2 55 42
2 59 64
0
0
1 11
0
1 46
1 58
0
0
2 62 77
0
0
1 54
0
1 13
0
0
0
0
2 52 43
1 70
0
0
0
0
2 58 37
1 49
0
0
1 29
0
1 78
0
0
0
1 71
0
2 75 22
1 25
2 75 48
1 52
0
1 33
2 35 2
2 45 75
1 26
2 59 51
1 64
0
0
2 38 25
0
0
0
1 49
2 76 36
1 57
2 12 58
1 51
0
0
0
0
1 78
0
1 51
0
0
1 56
0
1 57
0
1 52
1 42
2 58 85
0
1 79
0
1 30
0
2 50 68
2 42 27
1 64
0
0
0
0
1 73
0
1 78
1 45
1 35
0
0
1 64
0
3 68 56 35
1 63
1 63
2 65 56
0
0
1 42
0
0
1 59
1 52
0
0
1 46
0
1 39
0
0
1 52
2 31 56
1 72
2 56 71
0
0
1 38
0
0
1 68
1 75
1 17
0
2 52 62
0
2 28 45
0
0
0
0
0
1 33
0
0
0
0
1 65
0
0
1 38
2 3 46
0
0
0
1 41
3 46 25 57
1 67
1 91
1 55
2 48 38
0
0
0
1 50
1 43
1 83
3 52 57 60
1 39
1 49
1 58
0
0
0
0
1 44
1 30
0
2 20 9
0
0
0
0
0
0
0
0
0
1 24
0
2 19 48
1 29
1 61
0
0
0
0
0
1 38
0
0
0
0
1 37
0
3 66 83 67
1 62
0
0
1 66
1 93
0
0
0
2 46 65
0
0
0
1 60
1 57
1 57
2 43 55
0
1 66
0
1 53
2 43 50
0
0
0
0
1 64
0
1 26
0
0
1 83
1 46
0
0
0
0
0
0
1 53
0
2 16 38
0
1 33
0
1 54
0
0
0
0
0
0
1 63
0
0
2 73 92
0
0
0
2 64 42
0
0
1 47
0
0
2 62 71
0
1 59
1 20
1 68
1 57
1 100
0
1 51
1 59
3 23 31 78
0
1 63
1 44
0
1 99
1 43
0
0
0
1 67
1 62
1 22
0
0
0
1 62
1 67
0
1 41
0
0
0
0
0
0
1 58
0
2 59 62
0
0
0
1 51
2 63 20
1 39
0
0
1 27
0
1 100
0
1 46
0
1 68
0
0
0
0
0
1 45
1 53
1 70
0
1 49
0
2 39 35
0
0
1 80
0
0
0
0
2 59 46
2 63 39
0
0
0
0
2 73 59
0
0
1 33
1 12
0
0
1 72
1 46
0
0
0
3 47 85 22
1 51
1 49
1 57
0
1 52
0
1 40
0
2 36 64
0
1 78
0
0
1 47
0
0
0
0
1 50
0
0
0
0
1 96
2 51 41
0
0
0
1 73
0
0
0
0
0
0
1 34
0
2 49 29
1 58
0
0
0
1 31
0
0
0
0
1 12
1 32
0
0
0
2 42 47
1 54
1 74
0
0
0
0
0
1 62
0
1 68
1 79
0
2 70 52
1 30
0
0
3 72 32 56
0
0
3 52 56 81
0
0
2 40 39
1 67
0
1 30
0
1 35
0
1 48
0
0
0
1 64
0
0
0
0
1 64
0
1 55
0
0
1 88
0
0
0
2 65 33
0
0
0
0
1 64
0
0
1 44
0
1 99
2 38 11
0
1 50
0
0
0
0
2 49 44
0
2 76 63
1 57
1 64
2 82 82
0
0
2 71 2
1 37
0
0
0
0
0
0
0
0
0
1 25
0
2 35 33
0
0
0
0
0
0
0
2 31 80
0
0
0
1 40
0
0
0
1 35
0
0
3 78 74 60
0
2 56 18
1 25
0
0
0
0
1 53
1 77
3 68 73 54
0
1 68
0
2 54 44
1 51
0
0
2 51 43
1 55
0
0
0
1 56
0
1 66
0
0
1 6
0
1 69
0
1 35
2 44 95
1 55
0
0
0
0
0
0
1 49
0
0
1 27
0
1 18
1 45
0
0
0
1 58
1 48
1 62
0
0
1 88
0
1 32
0
1 58
1 97
2 85 55
0
0
1 59
0
4 45 40 79 37
0
0
1 79
0
0
1 68
1 58
0
0
1 49
0
1 64
1 62
0
0
3 69 51 36
1 72
0
0
1 56
0
0
3 27 56 51
0
1 47
0
1 45
1 45
0
0
0
1 17
0
1 67
0
1 73
1 26
0
0
0
1 45
1 61
0
1 34
0
2 27 29
0
0
1 48
2 44 34
1 32
0
0
0
1 51
0
0
0
0
1 63
0
1 86
0
0
2 56 34
0
1 50
0
0
2 8 49
2 53 23
0
0
2 10 49
1 78
0
0
0
2 52 73
1 64
0
0
1 73
0
1 44
0
1 46
0
0
0
2 53 19
0
1 34
0
1 63
0
1 51
0
0
1 88
2 44 31
1 38
0
2 37 50
0
0
2 45 66
0
1 81
1 40
0
1 50
0
1 67
0
1 44
2 40 62
1 50
1 84
0
0
0
1 64
0
0
0
0
5 21 3 35 51 80
1 68
0
0
0
0
0
0
2 36 52
0
0
0
0
1 19
0
1 92
0
1 26
1 53
1 46
0
1 70
1 46
1 46
0
0
0
1 65
3 31 48 29
1 33
2 40 58
2 83 50
1 70
0
0
1 73
3 62 100 50
0
2 55 90
2 78 90
0
0
0
1 43
1 59
0
0
2 51 71
0
1 74
0
0
1 46
0
0
1 31
0
0
3 35 62 64
1 49
1 77
0
1 64
1 90
0
1 23
1 81
0
1 48
1 59
0
1 26
0
0
0
2 50 42
0
3 37 55 40
1 64
0
0
1 15
0
0
1 15
2 71 78
0
1 66
1 56
0
0
0
1 82
2 39 6
0
0
1 79
1 65
0
0
0
0
1 63
1 49
2 44 39
2 51 42
2 44 60
2 99 31
0
0
0
0
3 36 72 58
1 47
0
0
1 28
1 47
0
0
1 58
0
2 49 28
0
0
1 44
1 64
3 59 61 42
1 55
1 61
2 52 45
0
2 62 65
0
0
0
3 52 72 44
1 89
0
2 70 71
1 71
2 35 64
0
0
0
2 34 81
0
0
0
1 60
1 47
0
3 69 13 40
1 76
2 14 83
1 66
0
1 50
1 85
0
0
0
2 82 86
0
0
0
0
0
0
0
1 73
1 31
1 52
1 32
2 20 39
1 13
0
2 53 70
0
1 22
2 31 59
0
0
1 30
1 64
1 51
0
1 60
1 51
0
0
0
3 81 39 75
2 79 88
0
0
0
0
0
2 29 41
0
1 65
1 64
0
1 65
1 47
1 68
0
4 31 66 64 56
1 60
5 40 51 75 3 52
4 36 54 48 51
0
0
0
3 65 50 75
0
1 63
4 32 74 68 39
0
2 60 60
0
0
1 26
1 57
1 38
2 24 59
0
0
0
3 48 51 53
0
1 21
2 35 42
0
1 59
2 58 46
0
0
0
0
0
0
3 48 71 31
1 37
0
0
0
1 80
3 29 76 90
2 43 63
0
4 61 40 39 67
2 33 71
0
1 34
2 77 34
0
0
3 68 63 33
0
0
0
0
0
1 57
1 46
0
1 39
1 15
1 90
0
1 58
2 68 30
1 80
1 28
2 69 67
1 61
3 79 28 63
1 55
0
0
2 55 50
0
0
2 54 55
0
1 53
3 60 81 90
1 83
1 78
3 25 49 64
1 0
1 38
1 41
0
0
1 21
2 52 24
0
3 44 54 17
2 61 25
0
0
0
0
0
1 74
0
1 64
0
3 52 45 28
1 17
2 55 44
0
0
2 44 32
0
0
1 69
1 44
2 48 55
2 34 82
0
1 22
1 66
1 38
0
2 43 39
2 49 59
1 4
0
1 62
2 63 76
0
2 65 80
2 38 54
2 69 31
2 32 54
0
0
1 75
1 65
0
3 42 59 66
0
2 41 37
1 66
2 52 62
1 57
0
1 44
1 24
0
1 48
0
1 86
0
0
1 17
0
4 72 61 56 21
2 37 8
1 43
1 55
2 50 95
3 37 23 45
2 32 48
0
1 50
2 63 86
1 47
2 70 80
1 30
0
1 51
0
2 86 64
1 31
3 50 60 62
0
2 72 49
2 34 33
0
1 61
1 96
4 49 55 38 23
1 77
0
1 83
1 70
1 71
2 45 47
1 61
0
1 91
2 65 49
2 41 45
2 34 24
0
2 16 77
0
1 54
1 40
2 65 55
1 71
0
1 38
2 43 49
0
1 64
2 59 53
1 38
1 51
0
6 31 28 37 55 63 43
1 31
1 47
0
2 43 30
1 30
0
0
1 63
0
0
2 41 43
1 61
1 46
4 26 50 43 55
1 77
1 39
1 53
2 32 48
0
1 40
0
3 39 53 39
0
1 30
2 29 54
0
0
2 47 34
1 29
1 86
4 22 53 57 72
1 51
2 13 21
3 70 45 42
2 94 51
0
0
3 50 50 79
0
0
1 52
1 24
5 72 40 27 49 20
2 65 79
2 36 71
1 26
1 38
2 60 67
0
3 45 65 16
1 58
1 80
2 24 62
2 34 67
0
3 65 35 81
1 34
1 33
1 23
1 55
0
2 41 58
1 56
0
2 51 49
0
0
3 50 54 39
2 26 74
1 51
2 61 68
0
0
1 40
2 82 20
1 33
0
0
1 56
4 44 51 64 46
1 23
3 34 47 79
0
3 11 58 61
4 74 42 64 40
2 58 29
0
2 57 68
2 52 27
2 28 28
2 23 38
3 27 36 39
0
0
2 57 25
1 56
2 58 45
4 63 83 55 70
2 43 44
3 52 44 46
1 48
1 39
0
2 55 44
0
0
2 13 77
1 44
2 88 48
0
0
0
1 31
2 86 43
4 68 33 10 50
0
2 51 64
0
1 69
3 34 48 22
0
0
1 74
0
1 100
1 23
4 62 80 9 58
1 16
3 33 72 49
4 65 46 77 63
2 78 92
1 38
1 35
1 71
2 55 64
2 67 60
2 58 40
1 41
2 20 50
2 73 26
2 56 38
1 55
1 25
2 66 62
0
2 67 71
1 23
0
2 40 73
0
0
1 61
2 71 92
2 52 25
2 84 48
1 42
3 93 66 76
1 40
2 47 19
2 64 52
1 89
1 30
1 67
2 49 60
1 72
0
4 53 50 54 40
1 37
2 61 74
0
3 51 29 16
0
1 36
1 34
1 82
2 63 71
1 64
1 38
5 42 80 54 47 88
0
1 26
3 57 31 47
2 44 32
0
0
1 77
2 53 91
1 53
1 64
0
2 58 43
0
2 51 15
2 43 84
3 35 66 59
0
4 67 29 22 66
0
3 47 51 64
1 69
0
2 46 75
4 62 59 47 91
1 70
1 55
0
1 23
2 17 82
1 23
4 74 38 76 53
3 40 65 15
2 80 55
1 55
3 66 29 15
2 52 23
1 51
2 41 42
3 28 58 39
3 60 49 39
0
1 54
2 3 67
0
1 41
1 71
3 67 37 45
1 26
1 90
2 33 41
3 70 63 70
1 43
2 41 50
2 43 29
0
1 59
2 66 43
1 32
1 78
0
2 46 61
3 40 21 75
0
5 54 31 35 63 71
3 80 54 49
1 67
1 76
3 34 43 72
4 45 41 40 40
0
2 54 61
3 41 66 67
0
0
0
0
0
1 53
2 81 71
2 65 30
5 35 36 5 55 37
3 82 63 52
1 53
3 53 60 73
1 58
2 31 40
0
1 52
2 24 64
1 21
3 35 67 79
1 37
3 34 29 83
1 51
0
2 44 50
5 48 49 50 78 13
2 83 22
2 31 39
0
3 21 60 18
0
1 2
1 56
1 49
1 21
3 41 40 59
3 45 44 71
1 73
1 57
1 48
2 58 61
6 47 44 44 73 58 32
2 45 71
1 30
0
2 22 46
2 64 44
2 32 37
0
2 55 43
2 70 43
2 23 37
1 43
0
3 59 50 28
0
1 61
0
1 76
1 49
4 52 68 65 50
1 45
2 71 47
2 57 58
2 66 57
1 29
1 69
2 41 61
5 44 39 49 43 37
2 64 37
2 29 68
0
3 56 73 47
2 57 82
1 38
1 44
2 37 64
0
1 27
3 51 34 49
3 45 43 69
3 19 50 51
2 45 66
1 64
1 42
3 44 59 80
1 13
2 78 38
1 58
2 65 45
2 55 64
4 75 37 46 75
2 49 57
4 46 75 28 83
1 34
3 7 46 64
2 31 47
1 68
0
4 35 43 42 59
2 32 70
1 42
1 70
0
1 73
3 67 43 40
1 52
2 49 77
2 53 65
1 48
0
0
1 60
0
4 64 68 64 88
3 36 25 57
3 50 66 29
3 53 51 71
1 67
2 69 53
4 27 50 48 49
1 44
0
4 46 83 70 21
1 65
2 43 97
0
2 51 70
1 39
1 31
6 88 45 39 53 26 21
1 61
1 78
4 62 22 56 40
3 75 41 59
0
1 27
1 39
1 37
0
2 68 60
2 60 75
0
2 39 82
1 20
2 29 50
2 42 38
0
5 31 46 55 83 20
4 85 35 34 52
3 45 51 48
0
1 61
1 62
5 36 32 75 91 43
2 70 68
1 21
3 45 63 31
0
3 76 45 61
2 61 78
4 29 66 77 29
4 16 58 48 51
0
0
5 65 39 61 38 23
2 39 25
5 59 69 21 24 7
3 35 38 49
4 52 64 23 87
4 27 50 12 49
3 48 35 48
1 55
0
3 52 44 33
0
0
4 24 58 55 57
2 69 24
0
0
3 60 59 53
0
4 55 66 69 40
3 36 30 49
1 68
2 31 59
0
3 72 15 40
3 64 36 56
3 58 47 44
1 56
0
4 69 46 40 55
3 47 36 28
3 60 60 70
2 30 47
1 75
4 33 51 29 89
1 70
3 62 41 54
1 64
1 47
3 53 54 19
1 51
1 79
0
3 59 61 34
2 85 33
2 34 53
1 29
3 47 18 24
1 37
1 73
3 53 32 57
3 47 45 4
0
3 56 48 15
1 50
6 58 34 42 58 49 32
1 23
4 46 68 67 57
1 35
3 26 29 44
6 53 29 69 54 65 46
3 40 47 49
1 44
0
2 28 74
2 54 36
3 57 62 23
0
0
4 47 77 32 29
1 81
2 53 32
0
2 53 13
3 61 12 66
1 55
5 43 14 58 55 74
1 66
1 50
2 63 30
1 53
1 56
1 33
4 47 35 81 42
0
2 10 76
0
3 38 66 47
2 43 36
0
0
1 59
1 76
4 51 54 74 73
1 72
3 51 57 70
2 36 54
3 59 54 60
3 60 43 42
4 25 52 45 39
3 42 82 46
3 23 62 28
4 57 29 38 64
2 59 67
1 13
4 50 41 68 52
2 63 25
2 29 46
1 62
4 24 58 38 50
2 64 55
4 55 57 47 37
3 60 22 57
2 85 64
2 46 35
2 81 39
2 48 56
0
1 49
1 36
0
2 40 77
2 25 62
1 26
2 17 74
1 83
2 32 59
2 50 38
5 42 64 51 70 10
0
7 59 36 55 29 61 40 32
2 91 14
0
1 1
3 60 47 63
1 66
1 54
4 53 20 61 28
4 49 53 66 78
6 83 53 81 53 68 59
3 37 46 89
0
1 76
4 49 57 26 45
1 49
2 59 70
3 62 54 55
2 23 67
2 46 63
3 68 26 51
1 65
2 40 52
2 29 49
2 31 26
2 77 19
1 61
3 46 66 46
2 10 59
1 62
1 64
4 34 45 64 71
3 47 94 22
0
3 14 49 31
3 43 79 50
0
1 94
3 60 26 61
1 52
5 65 45 35 58 46
1 39
3 48 23 22
2 51 65
2 55 26
0
3 14 34 92
2 26 43
3 49 85 24
4 60 45 40 61
3 16 21 60
4 57 65 56 31
2 65 33
1 7
1 21
3 76 74 65
4 46 14 91 41
3 38 30 72
2 20 78
2 47 32
1 11
1 20
0
1 63
4 36 61 55 53
4 30 30 79 43
3 78 34 36
1 77
2 74 44
1 8
3 26 40 33
4 36 18 48 49
2 21 48
5 33 21 86 73 67
1 49
0
0
3 24 65 65
3 28 57 19
2 35 61
0
2 48 19
1 45
2 51 86
0
2 51 52
6 38 56 16 68 71 75
1 13
1 62
2 21 28
2 11 82
4 57 61 47 40
1 33
2 60 38
0
3 25 37 56
1 44
5 40 48 56 15 49
2 91 70
2 49 79
2 54 33
0
3 28 65 30
1 0
7 44 70 50 71 61 41 3
2 58 33
3 38 62 59
3 43 59 20
6 34 38 65 56 39 82
2 68 41
3 70 62 44
2 37 29
4 25 36 63 46
2 43 53
5 65 31 16 44 51
0
1 51
0
2 67 61
2 85 44
1 43
4 65 92 47 33
2 53 76
2 9 85
1 45
2 60 66
3 49 82 56
4 26 56 61 55
3 6 35 52
5 34 70 2 55 39
2 63 13
1 52
2 74 47
2 45 28
3 58 13 47
2 38 85
2 74 56
3 42 65 82
0
3 26 73 66
3 61 65 46
2 77 74
0
1 66
3 49 25 72
1 29
2 55 35
5 74 68 32 72 31
2 39 61
3 61 42 58
0
3 39 50 42
2 58 19
2 51 75
3 29 60 50
4 50 55 50 75
2 59 85
4 71 38 6 75
2 47 78
1 58
2 54 77
6 62 61 42 39 46 57
2 21 44
2 59 69
2 54 36
3 42 55 68
3 51 69 47
0
1 43
1 56
5 79 45 58 41 75
4 55 58 54 89
2 40 41
3 62 65 83
1 75
4 52 75 20 33
1 46
4 52 62 51 23
1 47
2 57 54
2 39 56
1 50
3 61 21 69
3 39 18 24
2 34 54
4 68 59 66 32
4 53 24 28 44
2 65 68
3 82 60 58
2 47 39
1 34
0
1 39
2 34 56
3 50 41 65
1 56
2 79 36
4 78 49 88 39
1 40
4 47 46 81 28
2 89 62
3 62 84 29
2 38 58
1 23
2 70 88
1 48
0
3 50 30 80
4 42 28 54 24
3 43 64 52
3 14 60 68
0
1 56
3 72 54 37
5 67 85 33 31 57
4 34 73 27 11
3 68 43 1
3 83 72 16
2 44 51
0
1 52
4 67 37 35 54
1 73
0
1 36
1 49
4 49 7 50 41
1 72
2 61 34
2 62 79
4 65 46 49 40
2 44 55
7 54 73 59 41 78 56 82
3 74 26 79
3 35 55 92
2 43 61
0
4 55 29 35 61
1 61
2 50 79
2 44 62
1 43
4 86 57 59 58
1 37
1 71
2 40 39
1 51
3 75 50 28
1 39
3 52 60 42
1 31
2 21 52
3 91 28 25
1 65
4 32 46 57 15
2 36 13
2 40 62
0
5 28 46 39 47 65
1 7
4 21 35 41 40
5 51 60 42 30 54
1 69
4 26 71 11 42
2 84 69
1 47
1 58
2 48 49
0
4 36 76 38 28
5 33 56 58 33 47
2 59 46
1 68
4 33 66 47 21
2 52 29
3 67 50 84
3 46 45 68
5 59 45 38 53 43
2 53 21
4 55 46 23 29
4 94 60 22 79
4 70 7 17 55
3 53 65 66
2 28 65
2 76 59
4 30 60 22 74
3 71 71 80
2 28 24
1 56
1 57
2 36 48
4 76 54 38 92
0
1 30
5 44 72 69 59 35
3 34 83 15
4 48 67 35 45
1 7
1 59
4 65 26 44 37
2 43 25
1 26
2 25 24
2 48 50
1 100
2 17 21
1 44
3 55 59 76
3 34 67 46
3 51 85 68
3 47 86 64
5 36 36 71 58 74
0
3 88 33 44
8 37 40 82 22 64 44 77 49
2 63 76
0
4 52 44 38 85
0
3 65 73 58
2 30 53
2 37 64
4 67 51 63 21
9 30 55 52 71 75 31 21 56 50
2 28 37
1 66
0
1 44
4 40 65 59 22
1 18
2 38 30
5 66 40 43 46 42
5 48 77 65 51 46
0
3 35 19 64
1 7
2 41 50
4 41 55 40 47
0
8 89 89 29 28 80 53 48 34
3 46 35 53
2 47 56
2 75 81
2 30 40
2 34 24
1 42
4 75 56 27 51
1 42
3 58 20 39
2 61 76
0
4 60 47 66 32
1 59
2 37 62
2 36 49
3 25 70 53
3 70 78 51
2 47 37
2 43 37
3 49 54 60
3 44 55 52
2 41 50
3 79 36 60
1 52
2 78 56
4 49 38 72 46
1 46
3 29 56 67
2 62 45
2 27 59
4 60 54 23 65
1 51
4 26 31 40 34
4 54 34 46 20
6 61 71 64 33 57 71
2 48 57
4 29 60 88 73
2 26 42
1 66
0
3 27 65 38
2 55 70
3 52 68 31
3 42 24 40
6 28 51 70 69 58 8
0
2 33 48
1 35
1 2
1 16
2 36 70
1 46
3 48 26 23
5 38 65 49 61 53
1 78
1 14
4 57 55 68 31
2 24 94
0
1 27
5 44 32 83 42 46
3 58 56 58
0
1 9
2 79 67
3 53 53 51
3 47 31 61
3 49 69 58
0
1 36
5 41 41 46 76 40
0
0
2 50 55
4 62 50 30 92
3 70 21 53
4 85 63 37 72
3 69 13 56
2 93 61
3 27 27 32
3 37 81 65
2 76 20
5 81 73 64 40 28
1 35
1 12
0
1 12
0
1 55
