3600 4
4 30 22 29 52
3 52 56 35
2 40 53
3 60 57 59
3 30 60 54
3 59 78 67
0
3 56 49 67
2 39 19
1 66
3 54 33 17
2 61 42
2 9 55
2 31 58
3 49 53 46
0
1 44
1 47
1 71
2 39 65
0
3 18 61 15
4 61 91 49 74
4 37 69 31 75
4 24 23 67 42
6 27 58 46 18 33 19
2 52 59
1 38
0
4 70 73 53 40
3 26 26 44
0
6 73 69 60 54 62 34
3 61 30 26
2 80 30
3 36 75 75
2 34 72
0
1 44
3 37 79 49
1 37
0
2 49 40
1 77
2 62 47
4 59 36 31 39
0
2 55 38
6 69 31 47 47 54 12
5 95 37 62 60 48
2 40 72
5 63 58 81 24 78
4 39 59 49 57
5 26 5 50 59 38
3 87 41 49
6 33 44 34 47 34 74
0
3 49 52 44
3 61 37 35
2 52 44
3 46 51 56
0
4 12 37 61 55
1 31
2 44 36
1 58
2 59 62
3 100 46 55
5 41 28 52 43 53
2 43 88
4 51 30 33 38
0
2 15 64
4 75 68 57 58
4 79 50 52 46
3 42 52 31
2 68 85
1 48
5 38 70 96 46 65
0
2 72 63
6 50 67 12 72 52 33
2 85 60
3 85 72 52
2 59 47
3 40 34 18
3 48 57 46
4 48 28 2 74
4 51 70 30 56
2 70 37
1 37
4 61 51 48 71
3 37 50 71
1 54
2 87 72
1 89
2 61 63
2 64 41
2 18 75
4 65 59 89 70
3 48 30 26
0
3 61 47 11
3 45 46 77
2 60 55
1 36
1 33
2 96 43
0
3 31 49 66
1 61
1 69
3 66 92 75
3 10 49 34
4 49 45 86 24
5 52 86 33 24 53
3 73 80 86
4 34 30 44 90
3 44 25 60
4 66 55 16 25
2 33 59
1 18
5 93 32 59 79 69
4 48 43 83 32
4 61 32 13 45
2 93 42
1 33
3 58 86 51
3 45 56 47
1 33
2 53 55
3 54 29 63
1 37
2 41 30
3 46 54 33
5 31 61 49 50 30
1 33
4 62 67 94 17
1 79
1 51
0
4 93 58 49 59
2 61 55
3 64 7 72
1 35
4 22 38 84 38
0
4 29 36 19 41
3 48 57 53
2 95 59
4 43 15 69 64
2 53 35
4 37 46 41 65
1 50
4 55 21 43 58
2 48 35
0
5 69 68 75 42 51
0
3 58 43 77
5 69 37 51 31 18
1 54
0
1 55
4 89 32 47 33
1 84
5 44 57 33 34 57
2 48 44
6 46 72 30 45 76 63
4 51 73 24 38
2 54 33
4 63 38 87 40
3 51 46 44
4 32 33 46 53
2 46 58
3 42 67 65
2 23 54
3 55 65 58
2 44 58
4 77 54 71 37
2 63 64
3 76 69 81
1 69
0
0
4 43 52 67 69
5 30 71 33 45 64
2 80 40
0
1 43
1 81
2 79 30
1 64
1 63
0
2 95 38
2 38 42
1 58
1 28
3 76 42 67
4 52 61 32 40
2 52 2
2 39 22
4 55 39 32 58
2 44 37
2 17 50
2 20 4
0
3 45 57 33
4 73 50 62 44
2 36 86
2 75 73
3 67 69 85
4 59 57 21 28
3 46 60 37
7 26 42 69 87 77 14 56
0
2 57 38
0
3 53 47 57
5 42 40 81 46 63
4 49 49 37 47
5 43 0 67 45 37
3 47 78 91
2 51 78
5 24 42 61 49 29
2 90 64
6 83 75 47 38 70 75
3 50 85 78
2 54 70
4 15 27 56 30
1 13
2 62 66
4 77 43 61 58
0
1 42
2 49 60
3 43 66 54
2 49 46
1 44
2 62 61
1 44
6 35 80 62 21 36 13
2 81 60
1 60
3 44 63 90
2 27 74
3 76 69 57
6 59 24 25 40 20 63
3 46 46 41
1 12
2 64 75
3 11 8 61
6 32 86 19 45 57 78
3 52 62 31
0
1 22
2 37 48
2 37 78
2 52 52
3 52 26 53
6 14 37 33 68 33 100
3 24 55 30
4 40 53 55 74
3 44 48 26
2 38 66
2 51 40
4 42 48 63 59
0
2 17 23
3 85 56 45
1 54
3 18 11 63
1 52
1 56
1 85
0
0
4 63 50 51 48
6 76 52 64 98 75 31
1 82
3 27 63 54
4 93 48 66 52
4 36 70 42 35
1 38
3 60 83 76
1 45
6 67 53 26 59 59 15
5 63 49 88 41 42
0
1 51
1 60
2 39 37
2 51 61
2 32 50
2 34 67
2 79 11
2 47 75
2 54 75
2 85 56
1 37
3 39 39 12
3 52 24 65
1 60
4 43 36 14 43
3 14 62 23
2 47 58
0
1 44
0
1 65
3 61 66 82
1 72
1 50
2 52 22
3 52 51 46
2 100 66
1 69
6 60 25 30 30 50 30
2 57 56
4 35 43 67 48
3 49 19 56
6 41 65 12 30 37 60
0
3 63 58 47
1 72
6 30 60 78 63 15 21
3 38 58 69
4 83 28 35 85
3 70 40 27
0
1 49
3 35 58 60
0
3 43 14 82
2 70 73
3 46 79 21
2 39 41
1 56
3 32 35 46
2 50 45
2 56 60
0
1 73
3 56 36 42
2 74 39
5 20 67 65 58 47
3 58 32 53
3 50 73 43
2 70 28
5 64 72 31 70 53
5 25 35 46 66 13
4 60 44 51 68
3 35 61 26
1 7
2 40 63
2 79 42
0
3 53 39 65
5 45 31 7 53 47
2 17 35
5 36 38 70 67 58
4 61 9 67 18
2 46 24
2 21 51
3 32 52 57
3 75 48 42
3 65 66 43
5 71 65 55 45 17
1 91
0
1 60
3 43 77 50
1 65
2 39 36
1 73
1 76
2 36 78
3 33 50 9
2 39 25
2 43 42
4 65 63 51 64
1 57
1 17
5 63 26 92 35 58
1 50
2 47 36
4 45 35 63 29
2 15 50
4 46 30 58 58
0
3 58 42 43
1 47
1 17
3 53 72 62
1 32
0
4 50 47 62 58
1 92
3 58 33 37
3 65 61 51
3 15 72 39
3 65 88 79
5 45 23 37 56 31
1 61
3 75 62 7
2 48 37
0
2 70 47
2 44 53
1 39
6 62 23 74 80 21 25
5 53 55 89 43 51
0
2 43 72
2 48 80
1 26
2 66 40
4 40 15 65 72
2 59 37
5 58 20 37 57 77
6 43 44 66 82 34 41
2 39 15
3 65 56 70
1 50
4 52 71 61 54
2 69 43
2 82 74
3 59 51 39
2 70 66
2 59 63
1 83
2 40 36
3 47 89 60
3 40 74 36
5 41 57 54 23 62
2 75 34
1 32
0
2 35 72
1 58
4 34 27 75 55
2 59 26
3 50 38 64
1 56
1 52
1 4
4 57 63 55 10
3 71 52 41
1 24
1 41
2 53 47
3 37 59 65
1 11
4 33 46 60 69
1 80
2 54 46
1 94
2 59 44
3 47 67 58
1 34
3 38 46 11
2 76 28
2 54 71
2 44 43
1 50
3 28 75 65
3 46 91 45
1 64
4 64 43 32 56
1 23
1 6
2 85 41
2 43 37
3 90 32 52
3 54 41 39
2 31 52
1 64
3 74 84 37
1 13
1 42
4 52 37 57 68
1 60
0
3 48 37 40
1 35
3 39 30 42
0
4 58 50 16 31
4 57 64 51 42
2 60 66
3 59 26 79
4 4 16 25 69
3 37 40 55
4 92 52 88 37
1 71
1 76
6 36 46 51 38 27 57
4 45 51 64 16
2 78 60
2 96 92
1 13
2 42 34
2 48 21
2 53 37
1 11
3 76 83 25
2 70 95
5 20 68 59 27 39
2 24 14
0
5 57 38 62 59 56
1 49
4 82 21 45 42
3 24 64 34
1 0
4 58 54 46 53
2 39 94
3 56 70 71
2 64 26
1 61
3 33 69 27
1 72
1 35
0
2 51 86
2 65 34
1 66
3 48 29 62
1 36
0
1 26
0
2 36 92
2 94 93
3 20 39 35
1 64
3 62 95 33
2 47 59
4 46 50 80 47
3 67 26 62
2 32 50
2 79 35
4 67 28 50 53
2 73 36
2 44 48
3 73 58 15
1 39
1 42
4 26 64 57 78
5 54 36 30 55 70
3 69 54 47
3 29 32 61
1 47
2 57 55
2 49 82
2 63 95
1 49
1 23
2 36 63
1 35
3 34 80 71
2 63 69
1 50
3 91 26 55
3 72 24 47
2 69 67
4 57 69 64 35
1 47
2 85 36
1 36
1 47
2 49 58
2 34 55
2 32 34
0
4 38 44 68 40
1 81
1 36
1 42
2 68 56
5 62 76 56 67 45
3 23 68 36
3 45 31 41
2 51 42
1 47
4 51 36 63 35
1 87
1 68
3 64 19 25
4 61 40 75 70
5 60 78 66 58 83
1 33
3 63 34 72
3 55 63 76
2 28 46
4 64 67 93 63
4 58 55 56 58
0
2 15 68
3 44 46 39
3 34 0 72
1 33
0
2 57 35
2 64 63
4 44 35 26 61
2 79 49
3 67 22 11
0
4 55 24 33 34
3 76 60 66
2 60 56
2 46 14
1 47
0
1 45
0
4 18 31 65 18
0
4 53 30 23 13
3 51 59 46
0
1 45
2 14 28
1 47
1 30
2 40 43
2 38 55
3 34 43 33
4 55 62 27 70
1 31
0
2 59 30
2 49 58
1 38
1 39
3 75 41 22
4 53 45 12 48
4 51 28 46 61
4 19 54 36 55
3 55 20 65
1 87
2 30 42
1 27
1 40
0
1 62
1 67
1 43
2 30 55
1 60
3 62 52 41
1 62
6 70 66 50 65 30 48
2 65 76
4 65 38 46 63
1 50
0
1 97
1 79
2 61 53
1 44
1 82
5 36 69 9 61 16
2 42 74
2 22 86
1 78
0
4 40 81 37 30
1 37
6 58 55 42 19 44 77
2 62 20
1 67
2 60 64
2 34 30
2 51 48
0
3 37 33 46
1 33
1 49
0
2 64 29
3 62 31 57
1 9
1 51
1 52
2 33 15
2 74 34
6 37 49 41 58 47 25
1 54
1 33
0
4 46 2 66 84
2 59 65
1 57
2 49 40
2 77 98
4 69 61 37 74
0
5 52 68 82 74 57
6 63 21 64 88 65 23
2 27 63
1 34
3 28 73 19
2 28 49
3 45 39 38
2 91 40
1 66
3 20 59 53
4 46 37 63 61
2 73 36
2 57 87
4 47 13 21 30
2 48 50
2 50 34
0
3 69 64 37
2 46 50
2 29 49
1 36
1 34
2 38 57
3 41 36 41
0
4 43 60 18 66
1 43
1 50
1 32
0
2 52 46
3 45 86 63
0
1 53
1 61
3 31 81 40
1 27
2 50 18
1 37
0
1 62
1 23
1 90
2 86 39
0
2 95 48
2 49 51
3 29 34 20
3 24 39 65
4 34 54 21 33
5 52 49 58 73 67
1 57
2 47 43
2 64 60
3 88 46 94
0
6 40 32 73 60 64 73
1 58
2 56 44
2 54 30
1 4
0
3 68 78 14
2 42 28
2 71 50
1 71
3 58 53 34
1 47
1 66
3 41 54 51
2 76 59
0
5 70 71 72 46 86
0
2 76 57
1 46
1 39
2 35 79
3 19 58 39
2 63 71
1 86
3 37 77 38
3 62 59 33
3 36 42 58
0
1 65
3 47 54 12
1 56
2 46 46
1 26
3 66 23 52
3 42 42 45
1 61
1 6
2 42 36
1 38
2 12 65
0
3 56 15 60
1 51
1 65
1 62
1 64
2 56 72
4 31 49 72 20
3 63 54 36
4 30 39 50 40
3 84 54 92
1 51
2 21 28
5 15 40 42 8 22
0
2 57 95
3 27 46 23
3 43 79 48
2 49 50
5 63 65 55 53 56
1 78
2 87 57
1 57
3 57 64 82
2 45 30
1 59
0
1 65
2 54 60
0
0
1 39
2 70 30
2 58 77
1 54
1 21
0
1 39
3 27 28 86
0
1 23
1 58
2 44 3
1 43
0
2 39 40
3 93 26 33
4 67 100 14 83
0
0
0
3 67 31 97
2 92 40
1 54
0
2 47 28
2 32 76
2 72 82
2 67 63
7 74 21 45 39 36 50 66
3 30 72 64
2 35 42
1 93
3 41 77 54
2 49 82
0
4 51 34 76 25
0
1 68
0
1 41
2 75 44
2 52 55
3 73 90 74
0
2 53 61
2 43 62
2 28 48
1 41
4 73 51 41 2
1 79
2 48 57
2 86 76
3 51 65 26
1 54
1 13
1 49
2 45 44
2 45 50
2 10 26
2 48 39
0
3 55 3 43
1 17
1 63
1 77
1 68
2 29 69
0
1 37
1 41
1 22
1 95
0
4 44 56 69 32
2 84 48
1 50
1 69
0
4 21 42 20 40
2 72 87
3 53 72 54
2 54 46
0
0
2 62 17
2 8 58
5 9 64 50 64 75
2 49 33
1 84
4 37 48 24 48
1 77
1 64
1 50
1 33
2 53 55
2 61 22
0
2 37 83
1 81
1 38
2 65 80
0
0
3 45 26 35
0
3 61 40 35
2 38 47
5 35 28 48 24 37
1 72
0
3 71 58 70
1 42
0
1 53
1 38
2 45 35
2 68 40
1 43
1 52
1 39
1 60
0
0
3 8 72 48
1 17
1 30
1 33
3 43 38 71
3 34 57 87
2 27 50
1 47
0
2 24 32
2 77 52
1 63
1 34
3 48 70 86
0
2 47 63
2 61 44
0
1 47
2 54 72
1 66
1 44
2 40 39
1 59
1 53
1 49
1 33
0
3 48 69 25
2 33 70
2 47 37
2 13 84
2 56 45
1 64
2 33 29
2 47 38
0
1 65
1 25
0
3 88 83 83
1 35
1 64
2 79 29
3 48 40 68
2 55 77
1 62
3 16 33 16
1 91
0
3 59 21 34
1 39
2 51 59
4 63 47 15 79
0
3 72 17 63
0
1 50
5 45 70 29 21 61
1 66
0
4 53 63 27 71
1 56
0
0
1 76
1 38
1 35
4 65 55 94 72
0
4 51 60 30 76
0
1 61
0
1 53
1 53
0
2 30 54
2 51 21
3 51 43 31
0
2 31 74
1 51
1 61
0
1 38
1 93
2 45 49
0
3 30 64 39
3 35 68 63
2 65 83
2 42 86
0
1 13
1 47
3 56 71 62
0
1 55
1 27
2 19 43
3 59 51 47
2 47 16
3 59 59 42
2 22 48
1 64
2 54 61
1 68
1 68
0
0
1 47
0
2 10 61
0
0
1 61
0
1 52
2 44 20
0
0
0
2 43 36
3 62 47 78
1 62
0
2 17 49
0
2 65 62
2 70 74
3 45 11 72
2 59 23
2 20 89
0
1 21
1 50
0
2 56 32
2 25 40
2 71 63
0
0
0
0
2 51 35
3 63 77 47
1 42
1 56
1 45
2 67 36
2 59 29
0
5 79 49 19 34 70
0
2 35 34
2 63 53
5 57 25 57 79 9
1 22
0
2 67 43
1 35
0
1 66
1 32
0
1 77
1 55
1 35
1 38
1 82
2 72 35
3 45 79 49
2 60 48
0
5 70 68 84 35 52
0
1 57
1 57
1 62
0
1 72
3 8 24 47
1 69
0
0
0
2 31 76
0
1 66
1 28
1 75
1 42
2 43 45
2 68 40
2 51 37
1 36
1 43
1 34
0
0
1 85
0
1 67
1 10
3 51 45 37
3 35 70 20
1 22
1 49
2 42 43
0
1 55
2 69 69
1 81
3 36 58 71
2 65 47
0
0
2 39 72
0
2 36 48
1 71
0
1 27
2 71 28
3 43 20 54
2 67 94
0
1 60
1 49
0
1 41
0
0
2 66 75
3 57 67 19
1 36
1 53
0
0
0
1 59
1 67
1 51
2 25 88
0
2 79 51
2 58 30
1 39
1 64
1 24
1 59
0
2 44 30
1 79
2 77 72
0
1 70
0
3 54 41 87
1 28
0
1 30
0
0
1 0
2 69 34
4 52 50 54 43
1 53
0
0
0
4 58 50 41 60
4 49 29 65 50
0
0
0
3 51 34 35
0
2 15 58
3 40 47 56
1 95
1 62
0
2 41 27
0
1 38
0
1 61
1 59
1 45
0
1 53
0
1 85
1 57
0
1 73
0
0
1 80
1 20
3 73 41 86
0
3 27 76 13
1 46
2 32 51
0
0
1 69
1 44
1 28
2 41 87
1 17
0
1 35
3 12 48 41
0
1 33
2 51 60
1 38
2 86 71
1 35
0
3 48 37 81
2 53 10
1 60
0
1 4
0
1 37
2 87 45
0
2 82 20
0
2 38 23
0
1 24
1 38
2 56 46
2 40 43
2 55 71
0
0
0
0
1 49
1 82
0
0
0
1 75
0
0
1 65
1 40
0
2 76 23
1 81
0
2 51 35
1 45
0
3 51 58 57
0
1 87
0
0
4 62 61 49 59
0
1 11
1 47
0
2 40 36
3 62 49 76
1 37
0
2 43 36
3 56 40 69
0
0
0
1 82
0
1 69
0
0
2 22 63
1 64
0
1 46
3 56 45 38
1 80
0
1 39
2 31 71
1 70
2 59 48
0
1 44
1 38
2 58 56
0
1 44
0
1 15
1 68
1 50
1 37
0
1 65
1 58
0
1 47
0
0
3 77 56 30
1 14
3 66 48 72
0
0
1 62
2 45 39
0
1 40
0
1 53
1 25
0
1 67
0
0
1 69
1 21
0
1 44
0
1 60
0
2 8 28
0
0
1 82
0
0
0
1 37
2 64 72
3 65 78 43
0
1 35
1 56
0
0
0
1 54
1 66
2 76 69
1 53
0
0
2 18 16
0
2 21 57
0
0
0
0
1 41
0
1 45
2 43 38
1 71
2 54 72
1 55
0
0
2 49 64
0
1 50
1 74
0
2 43 52
0
0
0
0
2 28 31
1 39
0
2 43 64
1 24
0
1 57
1 82
0
1 69
1 39
2 40 63
1 38
1 32
0
0
0
1 56
1 22
1 75
0
0
2 49 68
0
0
0
1 65
0
0
1 39
0
1 45
1 53
0
0
1 69
1 42
1 62
1 81
0
1 80
1 34
2 38 65
3 73 47 10
1 55
0
1 43
1 61
1 56
0
2 89 55
1 58
0
0
0
0
0
0
1 13
0
1 62
1 36
2 38 34
1 66
1 16
1 28
1 32
2 30 69
0
2 49 60
1 88
1 64
0
0
1 61
0
0
1 54
0
0
0
0
1 49
1 36
2 96 18
2 74 65
0
1 38
1 63
0
1 14
1 47
0
0
1 77
1 11
1 46
1 30
0
0
2 37 37
0
0
0
0
0
1 48
0
1 22
0
1 56
0
1 49
0
3 60 79 47
0
2 49 71
0
0
1 42
0
2 69 69
1 27
0
1 50
0
0
0
1 17
1 13
1 9
0
2 74 39
1 62
0
2 83 42
2 47 58
0
2 31 54
0
0
0
3 40 47 42
1 46
0
0
0
1 59
0
0
2 45 48
0
0
0
1 46
0
1 91
0
2 64 44
0
1 32
0
2 38 31
0
0
0
0
0
0
1 62
1 63
2 55 40
0
1 63
0
0
0
0
0
3 28 62 42
1 86
0
0
1 57
1 59
1 40
1 68
0
1 66
1 58
0
1 83
0
1 63
0
1 28
0
2 45 46
0
1 44
0
1 60
1 19
0
1 66
1 62
0
0
1 46
0
0
1 32
0
0
0
0
2 76 53
0
1 60
1 40
0
0
2 24 38
0
0
1 64
0
0
0
0
2 48 58
0
1 49
1 69
1 76
1 79
1 48
0
0
1 92
1 41
1 26
1 35
1 48
0
2 77 48
1 56
0
0
0
0
1 32
0
0
1 34
0
1 17
0
1 52
0
0
1 49
1 26
0
0
1 26
0
0
0
0
0
1 53
1 23
0
1 44
2 63 59
0
0
1 61
0
0
1 56
0
1 57
1 75
0
2 7 69
1 21
1 68
1 65
1 40
0
0
2 23 80
2 72 80
1 40
0
1 32
1 44
0
0
0
1 52
0
0
0
0
1 42
0
1 25
0
0
0
1 8
0
1 3
1 53
1 61
0
0
0
1 68
0
1 68
0
0
0
0
3 23 60 40
0
1 46
0
1 38
0
1 35
0
0
0
1 31
0
0
0
1 24
0
0
1 44
2 66 56
1 55
1 57
0
2 25 45
0
0
0
0
0
2 24 39
0
1 59
1 81
1 32
0
1 38
0
1 69
1 23
1 41
0
0
1 51
0
0
1 88
0
1 34
0
0
0
1 47
0
1 21
1 79
1 52
0
0
2 81 40
0
0
0
0
0
0
0
2 66 43
1 40
0
1 36
2 49 73
0
0
1 28
0
0
2 10 65
1 52
0
0
0
1 47
0
2 30 73
1 60
1 41
0
0
1 64
0
0
0
0
0
0
1 43
0
0
1 46
1 58
0
2 56 53
0
0
0
0
0
1 42
0
0
1 70
1 58
0
1 46
0
0
0
0
0
0
1 61
1 29
1 77
1 33
0
0
2 58 54
1 89
1 23
0
0
0
0
0
3 55 67 17
0
1 54
0
0
1 35
0
0
0
0
0
1 61
3 56 26 26
1 30
1 75
0
0
1 29
1 41
0
0
1 61
0
1 69
0
0
0
0
0
1 62
0
1 37
2 37 40
1 31
0
1 65
0
0
1 30
1 83
0
0
0
2 53 34
0
0
0
1 13
0
0
0
1 15
1 32
1 37
1 11
0
1 78
0
2 20 51
0
1 86
0
1 47
2 34 29
0
0
2 69 64
0
0
0
0
1 71
1 40
0
1 14
0
0
1 77
0
0
1 62
1 100
1 9
2 36 77
0
3 75 44 82
0
2 45 46
0
2 21 24
0
0
0
1 45
0
0
0
0
0
0
1 43
0
0
0
1 59
1 78
1 69
0
1 70
1 17
0
0
0
0
0
0
1 46
0
1 65
0
0
1 55
1 91
0
0
1 73
1 33
1 32
1 74
1 40
0
0
2 30 75
2 51 62
0
0
0
0
1 78
0
0
1 42
1 56
0
0
1 50
0
1 73
0
0
0
0
0
2 34 35
0
0
0
1 74
0
0
2 70 30
0
2 62 48
1 59
1 10
1 74
1 18
0
0
3 58 41 13
0
1 48
0
3 48 67 58
0
0
0
0
0
1 43
1 76
1 30
1 30
0
1 21
0
0
1 98
0
0
0
0
1 18
0
1 49
1 38
0
1 38
0
1 56
0
1 37
0
1 26
0
0
0
1 84
0
1 37
0
0
0
2 48 73
2 67 37
0
0
2 40 57
1 54
2 64 80
1 51
0
3 64 58 46
0
1 35
0
0
0
0
0
0
0
0
0
1 25
0
3 81 53 52
1 63
2 38 43
0
1 82
0
1 60
0
0
0
1 80
0
3 21 75 30
1 48
2 82 53
1 50
1 30
0
1 88
0
1 43
0
0
0
0
1 68
0
0
1 53
1 38
0
2 29 88
0
0
1 44
1 47
1 48
1 46
0
0
2 63 14
0
0
4 93 48 51 68
0
0
1 39
1 44
0
1 62
1 69
0
2 71 44
2 32 55
2 79 72
0
0
0
1 0
0
0
0
0
2 44 31
2 56 82
0
0
0
0
2 54 81
1 52
0
0
0
2 48 92
0
1 52
1 74
0
0
1 37
0
1 45
1 57
0
1 59
2 40 32
0
0
0
2 74 7
1 41
1 52
0
1 26
1 76
0
0
2 74 20
0
2 79 50
0
0
1 55
1 43
0
1 49
2 64 54
2 16 68
1 37
0
0
2 73 15
1 55
0
0
1 96
0
1 58
0
0
1 63
2 66 71
1 30
1 56
1 51
0
0
2 17 14
1 46
1 34
0
0
1 67
1 50
0
0
0
1 64
1 21
1 51
0
0
2 59 78
2 32 52
1 55
0
0
0
1 51
0
2 83 55
1 44
0
0
0
0
1 17
0
1 69
0
0
2 7 37
2 27 71
1 72
1 28
1 58
0
1 56
1 52
2 28 17
0
0
1 26
1 75
1 53
1 66
3 39 18 47
3 59 41 1
3 93 45 43
1 66
1 40
0
0
0
1 58
0
0
0
1 89
2 64 53
2 52 58
0
0
2 33 42
1 71
2 24 57
1 52
1 72
0
1 48
0
0
1 94
0
1 63
1 49
0
4 25 48 52 56
1 52
1 42
3 48 74 66
0
1 17
0
1 52
0
1 66
2 29 83
1 40
0
0
1 67
0
0
1 69
0
1 25
2 14 66
1 33
0
0
0
0
2 77 40
0
1 70
2 91 72
0
1 77
1 60
1 46
2 61 43
1 27
1 44
0
1 44
1 68
1 4
0
1 23
0
1 21
1 60
2 53 28
0
1 90
3 67 60 56
2 77 28
3 58 69 63
2 55 42
1 74
0
0
1 26
0
0
1 66
0
2 67 49
2 8 70
0
1 40
0
1 44
0
2 57 39
2 69 46
2 43 87
0
0
1 57
2 56 99
1 74
1 44
1 37
2 66 70
0
3 77 41 47
0
4 14 55 46 46
0
1 49
0
2 53 59
0
1 41
3 44 61 8
0
3 91 25 67
0
0
1 29
0
1 17
1 49
0
1 25
0
2 31 64
0
1 17
1 52
1 50
1 70
0
0
0
1 55
1 47
1 78
0
3 92 80 45
0
1 57
1 70
1 54
1 26
2 58 11
0
1 67
0
1 67
2 43 40
1 83
0
2 31 99
1 72
2 53 47
2 35 37
1 60
1 34
0
1 46
2 52 34
0
0
1 47
2 89 33
1 29
2 54 62
2 66 1
0
2 43 18
1 49
0
2 77 32
1 36
0
0
1 36
0
2 32 56
1 57
1 42
0
1 54
2 50 53
2 44 31
2 47 31
2 41 74
2 31 48
1 46
1 47
3 63 92 87
0
1 27
1 54
0
1 57
1 37
1 48
1 45
0
1 33
1 48
3 40 44 22
1 28
2 24 29
1 20
0
2 80 70
0
0
0
0
2 61 31
0
3 72 46 51
1 96
1 61
1 67
1 40
0
0
3 60 42 50
2 46 15
1 44
2 13 52
0
0
0
0
1 50
2 38 41
0
3 37 17 55
0
2 60 39
1 74
0
2 33 42
3 55 48 56
3 38 73 35
2 55 41
0
0
0
3 70 25 36
2 43 52
1 80
1 58
1 75
6 69 59 15 54 73 42
0
1 52
0
1 43
1 65
1 66
1 34
1 54
1 44
0
2 44 54
1 29
0
0
1 48
1 29
2 46 85
1 81
3 13 50 31
0
1 35
1 57
1 91
1 71
1 60
1 54
1 62
1 29
0
2 32 46
1 66
3 23 60 42
1 51
2 53 52
0
3 66 51 39
0
2 46 39
0
2 29 70
2 38 55
1 92
0
2 52 96
2 8 48
3 66 23 65
1 35
0
1 67
1 59
2 48 56
1 62
1 68
2 48 41
2 48 68
0
2 42 51
0
1 36
4 45 58 50 45
0
1 6
1 53
1 46
1 68
0
1 52
0
1 54
4 33 49 60 47
1 35
3 52 72 46
3 61 62 39
1 45
0
2 69 64
1 42
1 29
0
2 8 63
2 29 54
1 42
1 54
1 83
3 59 35 64
0
1 36
1 26
1 52
2 37 60
1 52
1 54
1 81
1 28
1 72
2 17 66
2 42 46
1 52
2 68 55
1 56
2 56 75
3 66 16 62
1 45
1 55
0
1 9
1 47
2 68 47
1 19
4 76 25 47 54
1 57
1 32
1 42
1 65
2 35 45
0
0
3 14 78 73
2 53 37
2 29 73
0
3 54 46 54
0
0
3 47 27 55
2 53 82
1 98
2 68 57
1 33
2 18 39
1 45
0
2 46 60
4 41 84 75 27
3 74 30 80
1 70
2 25 35
0
3 85 47 70
3 66 33 14
0
1 70
1 61
0
2 63 48
2 63 31
1 65
1 65
1 61
1 37
4 32 18 85 47
1 89
1 34
0
0
2 79 49
3 58 62 39
0
4 15 74 65 56
1 62
1 37
0
2 89 36
1 60
2 73 57
2 40 81
0
1 80
2 45 60
3 24 41 62
0
1 60
1 77
4 33 77 62 44
1 62
2 58 44
0
1 41
0
0
0
3 52 34 57
0
1 71
1 59
3 46 64 72
1 39
1 45
1 60
2 50 38
2 28 62
1 42
2 38 36
2 49 45
3 51 80 55
3 61 61 33
0
1 42
1 32
4 62 48 69 66
1 48
4 34 50 42 54
2 26 72
2 50 16
2 70 67
3 30 45 51
1 22
1 42
1 61
2 48 15
2 56 63
3 46 66 25
1 54
0
1 54
1 54
1 41
5 30 45 36 66 51
2 59 61
1 31
3 28 46 52
1 44
2 70 59
3 49 17 53
0
3 59 54 78
2 39 48
2 62 19
1 37
2 44 30
2 55 51
4 50 31 16 58
1 41
1 41
1 87
1 26
0
4 52 68 84 47
0
0
0
1 74
1 57
1 42
2 46 25
1 33
2 53 60
3 45 35 59
1 80
0
2 42 33
4 90 49 32 41
2 52 26
1 50
2 29 35
2 72 49
1 42
2 58 53
0
1 79
1 50
2 43 42
1 28
0
0
3 66 83 45
7 39 77 24 49 41 63 22
2 18 53
1 56
0
3 50 43 49
2 52 58
1 33
0
2 32 96
0
4 78 73 71 15
0
0
1 6
1 74
3 41 67 36
0
4 63 40 58 76
3 33 54 46
0
1 60
2 42 70
0
1 53
4 27 68 61 67
0
2 42 58
0
3 18 66 31
2 63 50
3 59 48 48
2 67 77
2 60 33
2 48 38
3 59 36 73
2 32 65
1 56
1 47
2 69 58
2 22 53
4 38 94 84 60
3 62 90 61
2 60 43
1 43
2 15 86
2 52 33
0
2 50 44
2 65 25
2 50 39
0
1 27
1 23
2 61 50
1 24
2 36 63
1 55
2 49 70
0
1 95
2 44 43
1 73
2 60 31
1 51
2 73 22
4 58 45 57 55
2 44 48
1 58
1 48
0
3 76 80 71
0
1 29
3 43 47 52
2 72 65
1 76
0
1 71
3 72 35 24
1 43
5 59 48 77 39 75
3 43 49 18
0
4 29 53 37 38
5 37 54 64 77 55
3 53 46 60
1 31
4 22 38 42 59
3 65 87 49
3 23 64 48
1 39
3 85 23 28
2 71 70
4 77 47 49 57
2 39 76
0
3 56 65 43
1 40
0
2 44 30
1 79
1 58
2 76 55
0
2 88 77
1 43
2 46 52
2 34 36
0
1 28
4 38 75 61 49
1 59
1 30
2 28 51
0
2 72 51
1 57
4 61 21 25 28
2 31 64
2 41 48
1 48
4 44 35 15 38
0
3 40 45 73
2 47 47
1 37
4 54 17 56 37
3 37 78 35
3 42 42 37
2 16 53
1 56
1 58
0
4 58 75 37 55
5 73 33 46 55 44
2 69 33
1 36
1 82
4 60 39 78 18
1 35
1 57
1 33
3 33 62 28
3 38 23 38
0
1 37
2 57 52
0
4 71 68 21 50
0
1 41
1 48
2 75 34
3 43 38 50
1 74
1 64
1 21
1 53
2 38 60
1 18
1 84
2 49 75
1 80
1 41
1 80
2 52 44
2 52 34
0
3 53 44 55
2 14 17
6 52 3 56 37 89 66
1 37
2 24 79
2 21 32
2 38 32
2 34 45
3 6 57 36
0
2 60 42
5 42 44 48 55 12
1 32
5 55 56 31 63 71
1 43
3 16 41 85
4 26 82 31 64
4 44 73 32 42
2 64 67
3 60 53 76
2 72 37
0
1 38
2 59 69
0
3 59 58 12
3 57 69 27
0
0
1 55
5 59 67 41 23 74
1 44
1 71
4 64 55 29 60
1 27
2 40 47
2 74 59
0
2 69 35
2 39 71
2 64 38
6 43 28 14 44 60 27
2 18 38
4 54 64 27 28
1 70
2 32 74
2 39 49
1 41
2 32 76
1 77
3 74 78 43
1 32
2 41 47
4 33 53 58 32
2 35 66
2 50 48
1 89
2 53 46
2 44 60
3 46 41 54
2 34 62
0
1 22
3 59 59 55
2 39 18
1 5
2 20 80
1 42
2 46 46
1 53
3 45 62 71
5 32 47 67 33 14
2 57 60
1 31
2 65 26
1 47
5 22 61 22 67 68
1 21
1 68
3 54 56 45
3 45 36 47
2 28 63
1 68
0
2 69 53
4 82 77 0 66
1 38
4 79 56 44 62
0
0
3 54 59 63
1 26
4 43 45 39 50
4 46 49 52 32
2 80 10
2 26 73
2 25 73
0
1 53
8 34 58 61 58 71 68 65 21
1 37
7 23 20 33 64 40 48 60
2 93 71
1 32
0
2 30 57
3 34 17 67
3 31 67 56
4 57 37 57 0
1 63
2 37 56
0
2 28 67
2 59 46
2 97 63
3 69 58 79
0
3 45 38 43
1 50
3 56 44 76
2 40 40
3 52 39 71
0
3 69 16 52
4 72 49 28 40
1 44
0
3 41 33 41
1 24
1 82
2 54 58
1 21
1 50
3 68 55 43
0
2 53 43
3 49 46 59
4 76 56 98 41
5 83 22 58 38 52
2 44 50
2 58 48
2 75 52
2 16 54
1 53
3 35 46 48
3 66 73 46
1 39
3 66 35 61
4 31 47 45 26
0
2 47 67
4 12 50 30 51
1 46
3 96 59 36
1 42
3 18 67 55
2 65 60
1 57
1 35
2 48 66
2 67 8
2 41 21
0
2 72 24
2 35 44
4 57 52 57 47
1 60
3 48 48 48
1 57
1 59
2 37 44
2 44 70
3 50 44 61
4 65 70 3 47
4 26 66 20 62
1 72
1 53
2 70 49
6 51 52 40 58 47 61
2 38 30
1 24
1 56
0
3 63 57 47
5 70 44 86 66 54
3 47 44 33
5 69 52 50 22 70
1 66
2 53 40
3 39 61 62
0
5 77 70 37 18 39
1 80
4 65 31 49 66
2 51 59
1 44
3 50 28 56
3 44 93 61
2 59 60
0
3 49 22 57
0
0
4 47 26 51 60
2 56 27
2 60 65
6 35 39 55 30 32 76
2 43 60
0
5 65 31 69 35 26
2 54 73
1 67
2 76 58
3 47 34 83
2 29 59
3 39 26 40
1 30
2 12 40
4 76 37 68 56
0
2 40 32
3 48 34 29
1 55
1 85
4 68 39 70 60
1 43
1 22
1 41
1 40
1 44
2 65 54
2 54 28
3 37 48 50
3 44 67 99
2 50 70
1 44
1 63
2 22 67
4 30 46 64 85
1 20
3 44 3 52
1 44
1 57
4 73 16 49 60
5 41 45 61 58 76
2 53 63
4 66 22 37 43
2 56 49
3 12 78 71
1 73
2 30 82
3 55 90 50
3 50 23 71
3 60 71 57
0
3 58 48 26
0
3 40 60 36
6 29 38 51 79 80 36
2 58 43
2 90 63
2 67 51
3 23 47 43
3 38 65 39
2 50 53
1 59
2 43 81
1 36
2 59 73
9 37 69 50 40 55 23 61 62 43
0
0
4 63 50 84 51
1 11
2 58 39
3 67 63 44
2 48 84
2 38 69
4 48 37 56 21
1 46
3 30 76 35
4 72 60 54 50
2 45 59
1 67
0
1 89
4 55 33 39 59
3 69 45 70
3 50 44 46
3 54 64 21
4 78 78 49 70
3 69 63 19
1 28
2 79 56
2 45 71
2 44 41
2 57 25
3 45 27 74
3 59 68 33
3 71 64 41
2 49 47
4 48 44 25 66
4 25 57 49 25
3 37 36 14
0
1 31
0
3 53 93 56
1 65
2 76 45
1 4
4 10 22 27 68
2 62 6
2 76 54
3 43 39 45
2 34 45
1 55
1 30
2 65 51
2 70 25
4 44 43 59 71
5 13 30 33 61 30
1 39
0
3 26 51 8
2 49 60
2 29 40
2 40 56
0
2 10 27
4 70 46 34 51
3 71 47 27
3 56 43 62
3 35 21 75
2 49 70
2 62 52
1 30
7 89 70 33 29 70 32 63
1 53
4 51 76 42 66
4 31 51 45 57
5 62 61 24 69 51
4 46 57 28 14
0
2 26 59
1 44
3 51 75 48
3 59 52 75
2 65 65
0
2 67 50
1 44
3 94 38 57
2 62 77
1 26
0
3 13 45 77
1 65
1 48
4 34 56 56 36
3 67 48 45
2 82 55
2 24 71
5 60 62 48 20 63
3 55 31 82
1 78
2 45 69
1 57
3 54 55 54
3 40 60 59
1 34
3 46 54 50
4 36 82 64 47
1 67
1 36
3 39 64 57
2 11 53
4 65 45 42 47
2 41 3
4 64 50 51 51
2 26 57
0
1 63
6 43 26 16 64 31 40
2 80 41
4 84 56 58 32
1 69
3 47 57 39
0
1 64
4 60 76 61 40
6 37 63 79 31 43 43
3 38 86 46
3 34 35 62
3 42 81 60
1 58
2 59 64
1 73
0
3 57 63 67
3 23 43 58
3 58 21 50
2 55 42
4 48 25 45 36
4 67 55 56 41
4 54 38 41 75
2 36 62
1 19
4 29 5 51 28
5 44 69 67 57 40
2 62 46
2 35 81
3 69 61 44
2 50 5
1 33
3 54 82 89
4 28 55 45 42
1 46
0
2 59 64
2 43 23
3 39 57 74
3 70 87 37
4 32 31 86 55
3 30 33 24
0
0
4 29 86 68 54
5 68 11 52 33 66
2 64 59
4 49 72 68 75
1 54
1 70
2 41 30
2 23 54
1 55
5 44 82 34 45 49
1 77
5 36 36 50 100 7
2 41 33
3 35 83 39
3 37 30 43
4 75 19 78 58
1 45
2 29 42
1 43
0
4 33 77 56 42
1 31
2 29 41
3 31 30 50
1 47
5 74 79 11 32 42
2 26 60
0
4 57 45 49 22
2 43 60
2 43 91
3 43 57 88
2 16 45
1 54
5 51 34 36 54 48
1 46
4 52 34 40 64
3 30 79 77
1 1
3 40 50 43
2 40 57
3 45 40 81
3 35 83 48
1 51
4 67 65 30 63
3 57 40 20
3 10 51 80
3 44 57 60
4 48 80 56 61
0
2 76 27
2 41 16
1 2
2 37 11
5 71 69 66 46 22
4 59 53 50 66
1 26
4 53 59 32 68
4 70 34 57 41
0
4 38 59 63 78
3 23 52 50
0
6 53 66 42 62 75 88
2 61 42
2 3 76
1 27
3 40 80 62
4 76 42 15 57
3 58 41 52
1 49
5 52 80 81 82 100
4 30 47 39 66
3 33 43 44
1 65
0
2 41 24
6 16 33 27 49 25 49
0
4 24 19 42 62
4 68 38 57 40
2 91 68
2 97 24
5 96 46 42 16 81
0
1 36
4 51 9 53 56
2 38 21
2 16 58
0
3 31 24 63
3 35 74 70
0
3 47 83 68
2 53 42
1 76
5 25 51 3 98 34
2 27 37
0
3 96 41 39
4 39 56 35 81
4 21 56 41 56
2 47 74
1 75
2 68 75
7 29 49 84 50 30 67 76
0
3 53 60 54
0
3 43 86 63
0
2 43 44
3 59 40 23
2 49 38
1 73
7 49 65 58 38 80 45 63
3 63 57 38
4 71 64 78 82
3 38 26 83
0
5 32 66 15 48 37
2 64 43
6 82 55 79 13 8 46
4 46 81 68 38
2 56 30
2 37 36
2 54 40
2 75 57
2 63 33
2 75 58
2 44 62
2 46 72
5 58 62 57 75 82
2 11 48
2 53 72
2 48 24
2 32 52
1 20
2 33 23
2 76 39
4 77 77 71 42
2 52 21
3 57 6 36
1 58
2 48 76
3 57 35 56
1 83
1 70
6 66 56 41 65 63 88
4 37 16 51 32
2 83 59
3 31 56 41
1 63
3 19 56 46
3 72 78 29
2 54 49
3 29 41 64
3 51 67 60
4 34 60 63 29
2 72 89
3 48 52 24
2 48 44
2 68 85
2 47 67
1 74
6 47 73 21 49 77 45
0
3 42 52 64
3 51 70 41
0
