3600 4
3 50 55 51
2 61 44
0
1 42
1 21
0
0
1 35
0
1 52
0
0
0
1 17
1 61
0
2 28 53
0
1 64
2 61 55
0
1 50
2 58 92
2 58 79
1 37
0
2 16 60
0
1 56
1 67
0
2 79 54
1 79
1 21
3 45 69 58
2 21 71
0
0
0
0
0
0
0
0
0
1 62
3 4 70 68
0
1 51
0
1 86
0
1 52
0
2 64 55
0
0
2 84 16
1 31
0
0
1 30
1 37
1 35
0
0
2 60 54
1 74
1 63
1 61
0
4 34 71 48 38
1 42
0
3 64 44 45
1 42
0
1 55
1 59
0
0
1 44
2 57 41
2 11 64
0
0
1 25
1 48
1 36
1 33
2 45 51
0
2 36 51
0
3 75 62 88
0
1 69
0
0
1 65
0
1 43
0
1 83
0
1 27
0
2 36 31
1 42
0
1 13
0
1 63
4 63 65 41 40
0
2 59 50
0
0
2 26 48
0
1 77
0
0
0
0
1 45
0
0
0
1 36
4 54 54 56 24
0
1 33
1 41
0
3 42 42 68
1 67
1 46
1 23
1 41
1 58
0
1 45
1 88
2 38 58
1 39
1 73
0
1 50
2 19 41
0
1 45
1 49
0
1 48
1 31
0
0
2 38 47
1 52
1 75
3 73 69 26
1 52
2 90 36
0
0
1 24
3 80 76 43
1 73
1 60
2 38 80
1 61
0
1 54
1 80
0
1 30
0
1 78
3 42 45 47
2 53 53
1 30
2 7 36
4 71 58 27 21
0
0
1 42
0
1 61
0
0
1 32
1 56
0
1 58
0
0
1 16
1 27
2 71 57
1 65
1 60
0
2 54 18
0
2 91 54
1 46
3 89 69 28
0
1 53
0
1 77
0
1 52
0
1 31
3 27 40 27
1 31
0
0
1 54
1 64
0
1 38
1 51
1 66
1 48
1 65
1 2
1 59
3 28 38 47
0
2 59 44
1 72
0
0
2 23 33
0
2 70 10
2 73 59
2 24 57
1 53
0
3 54 74 61
1 52
2 15 78
3 47 45 31
1 91
1 56
1 56
0
1 44
0
2 69 63
2 18 47
1 53
0
0
1 37
1 52
1 43
2 59 55
1 40
1 55
3 74 31 56
1 54
0
0
1 67
3 26 31 44
0
0
1 32
1 82
2 42 51
0
3 51 54 20
3 54 33 30
1 53
0
1 78
1 67
1 61
2 13 9
0
0
3 60 39 64
2 44 48
1 48
2 40 22
0
1 42
2 36 47
1 63
1 79
2 89 31
0
1 29
1 49
2 54 38
0
1 31
0
0
4 56 64 29 49
2 11 36
0
0
1 58
1 37
3 62 72 71
0
1 48
1 67
0
1 63
2 60 20
1 86
0
3 36 49 43
1 50
2 52 59
1 61
4 21 52 31 50
3 43 50 13
3 7 68 35
1 63
0
0
0
1 54
0
0
1 61
2 49 32
0
2 34 63
2 47 18
1 51
1 38
1 51
3 100 38 46
1 63
0
2 78 31
3 70 54 55
1 82
0
1 67
2 75 16
1 51
0
1 44
1 31
0
2 68 51
1 92
2 48 25
1 70
3 63 47 34
1 53
1 60
0
2 27 38
2 54 28
2 56 50
0
6 59 56 34 59 16 54
2 13 59
0
1 24
2 73 43
1 62
0
0
1 44
3 52 59 61
2 18 63
2 88 78
1 83
1 25
0
0
2 65 60
1 62
1 39
3 53 25 28
2 93 57
3 31 38 32
0
1 74
0
1 89
2 45 54
1 30
0
2 75 31
3 80 36 36
0
0
2 90 47
1 61
2 47 39
3 54 35 67
1 98
2 70 31
2 44 45
1 50
1 23
1 71
2 46 77
0
2 59 59
0
4 44 80 45 66
0
1 34
0
2 73 42
1 98
1 59
2 57 58
1 87
1 78
0
2 47 60
2 53 59
2 85 63
0
1 77
2 71 64
2 65 81
2 41 38
1 44
2 31 27
1 18
2 31 57
3 42 54 37
1 58
2 33 67
1 51
3 42 72 66
2 37 44
0
1 52
0
0
2 41 55
4 48 83 72 35
2 45 53
1 84
1 38
2 71 63
1 47
1 31
0
4 76 42 51 69
1 36
1 28
2 61 21
1 47
0
2 45 37
0
1 73
2 70 59
1 54
2 19 57
1 78
1 62
2 41 61
5 67 45 44 59 76
1 72
0
0
0
1 3
1 37
1 29
3 78 41 29
2 73 64
1 38
2 69 21
1 57
3 31 59 43
2 62 45
1 43
3 40 26 26
2 65 91
0
3 27 37 36
0
2 64 35
0
1 83
0
1 58
2 22 53
3 60 67 44
2 21 39
1 63
3 66 68 79
0
1 33
4 31 29 72 33
2 57 40
2 54 57
1 43
2 48 41
1 45
1 30
1 49
3 32 56 47
0
0
1 16
0
3 40 61 62
4 44 45 39 31
0
1 56
0
0
1 5
0
3 48 64 20
2 19 78
0
2 51 38
1 63
5 39 54 46 64 51
2 67 32
2 54 44
0
5 37 42 81 34 66
2 35 48
2 60 49
2 38 67
2 34 0
0
2 68 43
2 72 50
2 34 15
0
3 55 84 51
1 28
1 49
0
2 38 93
2 59 34
3 59 41 44
4 84 46 10 3
1 33
1 82
1 41
1 60
2 80 100
3 67 30 63
2 64 60
0
1 47
2 54 52
3 59 78 58
0
0
0
3 45 62 25
3 32 63 54
1 43
1 56
1 77
2 45 35
1 46
1 52
1 82
1 90
0
4 41 25 35 53
2 27 64
1 42
1 45
1 34
2 22 60
2 24 88
6 43 56 31 42 59 37
1 35
1 43
1 34
0
3 50 0 49
3 33 65 40
2 82 22
1 57
4 77 44 43 33
1 24
2 74 68
3 83 50 77
3 53 71 34
0
0
1 55
1 57
4 50 53 92 23
1 70
3 55 42 16
1 69
4 23 29 30 36
0
2 70 23
1 19
1 40
1 33
0
2 55 64
0
0
4 75 22 45 48
0
0
1 58
3 49 54 55
0
2 71 55
3 65 50 66
1 63
1 48
2 35 40
3 67 84 65
3 61 57 52
2 70 33
2 40 21
2 54 46
2 13 17
1 48
1 66
2 46 32
4 90 32 7 64
1 82
3 56 19 50
0
2 70 56
4 21 46 79 47
4 56 87 43 56
1 43
1 38
2 60 74
2 28 39
2 4 47
1 31
2 74 53
2 39 40
2 78 53
1 46
1 25
2 63 58
4 36 65 31 69
2 48 62
3 63 33 31
1 69
2 28 41
2 30 43
2 23 59
4 26 9 18 66
0
1 53
0
0
2 36 49
1 16
4 24 41 54 44
2 35 38
1 35
3 53 47 61
2 87 78
2 49 86
4 72 51 60 38
0
2 49 61
3 51 32 45
1 21
4 88 48 60 27
2 48 49
2 32 46
0
6 5 50 25 26 61 78
0
1 66
2 19 33
0
0
2 62 49
2 63 81
3 54 64 12
4 60 38 50 37
3 49 57 49
3 83 63 36
1 10
1 38
1 67
1 59
0
0
2 39 73
2 51 42
1 42
1 61
1 51
0
2 45 55
1 84
3 26 64 45
1 66
2 42 30
1 52
2 43 35
2 55 29
2 41 79
1 47
2 55 86
0
1 57
3 58 29 57
2 30 55
2 55 69
5 44 52 59 57 70
3 74 46 57
4 65 51 75 66
2 57 42
1 59
2 68 43
2 72 24
3 39 65 63
4 69 62 46 85
3 48 52 49
3 17 37 27
0
4 49 51 69 56
3 68 48 44
1 27
3 33 72 51
1 59
0
3 42 44 55
2 42 71
1 47
3 43 51 87
1 32
1 25
2 59 28
2 68 40
2 14 41
2 45 37
3 55 62 61
1 64
1 92
3 54 59 22
1 67
1 65
1 61
3 21 66 94
4 68 21 41 64
1 57
2 45 11
2 48 24
0
2 42 35
2 47 47
2 80 41
1 62
4 52 58 42 51
0
1 86
5 43 40 78 45 42
0
4 48 84 47 69
3 30 50 55
2 72 60
3 62 84 52
0
1 27
3 35 64 48
2 56 73
3 38 62 96
4 25 69 54 77
3 68 52 43
1 46
2 43 19
5 49 32 59 70 29
0
2 45 35
1 50
2 47 50
1 50
1 22
1 58
0
1 95
3 62 60 52
0
1 35
1 50
2 62 49
3 53 56 49
2 66 23
2 29 73
2 30 68
1 60
5 40 6 53 56 17
4 59 49 42 80
2 32 34
2 62 52
1 48
0
3 56 17 67
7 42 39 22 45 56 61 18
2 58 17
3 88 6 44
1 18
1 52
1 8
1 35
0
3 54 74 43
3 69 34 37
3 36 10 58
0
2 51 69
1 47
3 12 69 64
1 56
1 15
3 46 33 60
6 42 70 21 95 71 91
1 57
1 59
0
3 45 38 33
1 26
7 17 50 71 38 4 41 68
3 64 94 65
6 73 19 25 62 28 32
5 34 13 23 54 38
1 87
5 31 53 37 36 14
2 36 38
1 36
1 50
0
1 37
1 58
1 49
3 69 45 79
2 49 40
3 49 39 57
1 62
2 32 68
0
2 65 45
2 52 31
1 73
1 35
3 62 31 64
1 51
1 50
3 27 57 74
2 59 44
2 26 7
2 53 56
2 46 53
4 43 51 71 79
1 63
2 46 34
3 21 47 31
2 28 51
3 30 95 63
1 71
4 31 69 56 33
2 25 34
2 25 53
5 25 49 43 81 56
2 94 38
1 25
1 27
5 52 55 59 44 50
2 28 26
0
4 93 39 46 37
1 39
1 62
0
2 71 70
1 51
2 49 52
2 64 40
3 5 58 35
2 54 62
3 48 57 45
4 56 49 19 78
1 58
1 64
4 82 45 37 19
0
1 25
2 86 58
5 26 30 31 72 54
1 64
0
4 66 50 24 55
1 82
2 35 60
0
4 60 47 18 41
1 88
4 65 90 49 42
2 28 49
3 35 46 78
3 69 56 34
0
1 34
3 48 65 74
4 61 39 7 63
6 29 44 28 41 10 59
2 67 44
2 60 62
2 86 25
2 66 4
3 67 63 67
2 66 50
4 49 53 50 45
3 66 69 57
1 70
2 77 44
5 22 38 52 27 56
3 32 90 17
0
1 54
2 54 79
1 41
0
2 37 55
4 13 81 13 65
0
2 53 49
0
1 95
3 65 96 40
3 44 50 30
1 25
1 40
2 65 22
3 75 33 40
1 26
3 45 47 70
1 47
1 57
3 50 62 25
5 46 53 49 82 34
2 36 51
3 56 73 56
5 31 59 59 52 61
1 67
3 29 47 49
2 57 51
0
3 58 74 27
2 74 33
0
1 45
2 65 59
2 27 9
4 87 74 36 52
0
3 69 79 21
2 9 65
1 56
4 4 53 57 71
1 38
5 60 20 66 57 45
2 27 64
3 71 48 58
2 62 53
2 70 21
2 56 40
2 60 56
3 61 37 52
4 37 37 41 66
2 49 42
4 12 38 56 53
2 81 24
2 27 41
3 19 63 18
1 41
2 71 53
2 73 61
2 41 63
4 50 53 61 21
3 63 47 72
4 70 64 56 18
1 9
3 53 21 15
1 43
3 53 45 17
4 15 31 23 43
2 46 33
1 80
4 36 45 60 56
1 39
2 38 64
4 52 34 40 77
1 46
3 25 18 68
2 20 32
7 70 44 16 54 32 50 79
3 95 32 21
1 45
2 29 56
6 77 52 22 65 60 34
1 33
1 58
1 31
2 55 48
0
3 38 24 42
1 61
2 55 62
2 21 61
0
2 67 72
0
1 34
5 66 43 12 57 53
1 41
5 19 23 53 46 52
4 68 78 56 41
3 39 41 73
2 71 10
1 39
2 92 50
0
2 65 18
1 27
3 34 39 39
1 81
4 40 50 40 37
4 53 41 38 61
1 41
3 95 42 55
4 72 39 74 78
2 81 48
0
2 42 76
1 41
2 35 34
5 66 41 43 41 56
6 64 38 52 38 89 68
3 32 84 50
1 58
2 49 38
2 37 45
0
0
1 23
4 52 25 55 39
3 37 37 80
4 62 74 65 29
0
1 43
5 55 38 38 58 45
5 21 48 89 28 64
2 43 31
1 24
3 81 18 54
1 49
3 35 43 24
2 37 81
3 35 82 49
3 82 44 51
1 58
2 36 19
4 47 59 47 41
0
6 20 50 59 42 47 32
1 27
2 29 29
3 51 33 37
3 8 56 25
2 43 41
1 46
1 52
0
5 23 57 42 75 62
3 55 54 3
4 58 69 51 24
6 27 21 44 54 64 87
1 20
3 40 26 67
1 69
1 52
2 78 57
3 71 88 62
3 52 32 64
2 12 54
2 72 42
1 37
3 55 8 51
1 34
3 82 23 71
0
1 66
2 54 18
3 33 49 25
1 64
4 22 86 11 32
2 21 54
1 61
4 34 64 33 18
3 71 39 20
2 36 63
6 36 59 38 50 31 85
3 58 38 70
3 38 60 56
4 43 48 45 21
0
4 61 46 75 53
1 77
3 54 55 68
5 42 49 39 35 42
4 42 29 23 83
5 42 50 85 19 65
3 54 65 40
3 37 30 53
4 41 55 37 71
5 74 60 41 73 36
3 59 2 60
0
2 76 76
3 58 23 70
2 8 51
7 13 56 76 32 35 58 80
3 15 18 85
0
1 33
2 46 76
2 49 52
1 56
1 63
7 64 73 56 87 21 10 24
2 66 33
0
1 97
2 56 11
4 45 18 61 69
2 43 65
0
1 46
2 49 30
1 58
1 9
4 61 37 50 77
3 51 30 67
3 83 47 48
0
3 41 13 35
1 89
3 33 60 74
2 68 25
2 60 33
1 26
0
1 34
0
2 75 71
4 26 59 61 54
4 69 50 35 36
2 56 34
5 42 37 89 43 62
2 72 69
3 58 40 65
4 45 42 44 30
6 67 34 62 28 81 61
4 36 66 22 64
3 48 21 44
1 59
1 46
3 36 69 63
3 43 64 40
1 37
2 41 32
1 27
4 88 20 35 57
2 69 79
5 36 40 9 33 74
2 70 38
3 29 42 29
4 56 43 64 82
3 42 51 68
1 26
3 85 60 38
2 39 51
3 78 69 11
1 64
2 60 40
0
6 39 32 43 71 65 83
2 61 47
4 12 47 33 56
1 61
4 53 78 34 53
1 60
3 46 16 73
3 55 68 98
4 51 45 24 55
3 65 91 71
1 28
5 62 54 46 66 87
1 22
2 87 64
5 52 31 40 66 38
4 47 45 61 90
3 44 53 56
5 93 26 41 37 45
1 49
1 76
2 40 64
2 58 75
0
0
1 13
4 48 61 44 51
0
3 58 80 99
1 33
0
3 50 29 57
1 38
3 28 24 69
2 49 46
3 69 70 46
6 20 51 59 72 83 75
2 66 51
1 62
1 28
1 34
1 90
1 48
3 66 41 81
1 73
4 33 46 47 54
1 73
3 72 53 60
5 52 70 39 69 70
2 91 46
2 40 76
5 39 40 78 39 56
0
3 47 23 35
1 25
3 61 16 47
2 62 78
2 59 48
3 20 67 58
8 49 57 48 34 99 48 56 81
3 46 58 43
3 53 68 57
1 38
3 38 80 55
2 34 49
4 45 56 37 73
2 44 36
3 38 47 88
1 7
3 47 36 32
6 34 2 36 14 38 54
2 55 25
2 52 29
1 18
2 30 17
3 78 38 38
3 18 46 96
2 41 53
2 25 60
3 49 14 64
4 32 67 59 42
3 27 45 68
5 46 63 69 57 60
1 86
4 51 58 71 54
2 52 53
3 52 39 47
4 80 75 61 62
2 76 48
3 63 33 51
4 62 14 65 47
3 20 84 69
3 37 36 81
1 75
1 32
1 43
0
2 34 41
4 56 28 44 12
2 25 46
1 38
4 87 64 56 24
0
2 47 59
0
2 64 69
2 23 2
4 21 49 70 47
1 72
3 76 24 39
2 35 86
2 68 41
4 40 81 62 93
0
2 44 55
1 52
4 45 45 38 56
5 38 32 36 60 45
1 63
2 69 50
3 37 70 37
4 59 64 27 25
3 46 89 8
3 56 82 46
0
5 81 41 31 91 26
1 64
1 22
1 80
4 53 60 56 44
2 17 67
4 45 41 59 13
4 8 74 39 42
2 36 28
6 66 33 60 61 34 60
2 76 71
0
3 10 51 32
3 19 39 41
1 43
1 55
3 24 68 63
2 93 83
2 29 14
1 44
1 73
3 27 46 36
2 39 50
3 46 63 87
4 64 65 70 88
3 30 39 33
1 58
3 16 78 41
5 58 51 92 20 50
3 26 30 60
0
3 63 69 100
4 48 69 68 66
2 48 100
1 8
4 54 52 64 70
5 38 55 49 53 59
1 53
1 20
3 49 73 42
1 38
2 27 65
2 27 57
5 41 42 60 27 7
2 52 36
6 41 68 46 64 36 69
4 53 52 40 42
2 26 30
2 59 64
6 55 50 49 49 76 42
2 84 53
2 62 26
4 84 80 76 48
2 25 12
3 44 66 78
3 83 48 22
1 46
1 47
1 51
3 34 71 9
3 57 32 66
3 49 34 50
3 80 47 88
5 21 20 30 25 51
5 50 54 61 59 31
2 41 16
2 92 37
0
3 44 47 27
1 51
6 42 65 74 33 34 51
1 54
2 31 65
2 85 41
0
2 49 65
3 54 35 86
4 82 80 35 47
3 54 39 31
3 67 62 76
6 91 60 34 9 52 58
3 46 82 53
3 43 81 44
2 54 63
3 55 43 21
4 61 82 39 79
0
1 48
2 27 41
2 65 48
3 54 27 69
2 69 44
2 53 48
2 29 5
2 4 53
2 42 35
4 56 45 57 10
3 60 54 62
1 33
1 73
3 51 47 29
3 37 67 72
1 67
2 59 38
3 29 51 16
3 52 82 27
1 57
2 42 61
2 71 52
0
5 51 58 68 63 38
2 26 31
2 54 45
7 70 52 33 50 56 61 45
1 55
2 56 53
1 58
2 29 44
4 61 38 30 37
1 85
2 29 42
5 46 65 53 57 72
4 5 47 40 46
3 38 63 51
1 54
1 47
4 28 54 42 53
2 40 61
2 64 60
2 24 72
2 49 46
1 39
3 98 45 53
5 40 66 41 79 47
2 14 30
4 77 64 39 38
0
1 53
1 55
1 41
4 41 50 38 96
5 71 47 55 50 56
4 4 49 75 80
2 28 62
4 83 65 68 47
1 54
3 38 37 46
3 38 12 47
5 64 34 58 86 78
4 77 61 48 39
4 21 65 31 51
2 9 95
1 34
2 35 58
2 78 67
1 19
0
1 38
1 60
4 60 31 39 70
2 23 52
2 0 47
5 56 17 33 37 58
3 70 21 45
4 38 61 59 52
1 41
3 46 15 52
3 0 62 76
2 47 72
1 51
2 47 66
3 35 60 36
3 19 44 68
2 12 47
2 9 21
2 62 58
1 40
3 32 55 46
3 17 63 45
2 87 48
1 41
3 35 53 54
4 24 36 32 70
3 39 24 71
2 49 45
3 52 57 45
2 71 48
2 65 48
4 57 83 31 55
5 44 59 53 68 49
1 55
4 56 56 11 34
5 41 48 92 69 82
3 83 30 64
3 38 35 89
4 42 64 54 58
3 32 25 9
2 36 19
3 84 42 28
1 61
2 31 64
3 25 50 47
3 95 40 48
2 29 57
3 71 58 55
3 48 74 52
1 57
3 50 20 43
3 41 16 40
1 64
3 71 46 80
2 43 53
0
3 38 50 40
2 91 53
2 38 58
2 65 37
1 55
4 39 39 75 20
2 66 55
3 51 38 63
4 27 28 57 76
5 36 54 33 31 66
3 23 56 6
1 49
2 41 39
2 40 57
1 66
4 24 32 43 36
0
1 57
2 20 42
1 46
3 85 27 49
3 40 58 49
3 72 43 58
4 65 44 70 68
1 23
4 44 28 46 74
2 48 65
1 36
3 46 23 38
2 65 81
4 44 67 61 79
3 45 41 64
5 56 53 22 43 32
1 54
3 73 75 43
2 44 53
0
4 87 88 71 55
2 36 59
3 54 82 53
4 33 42 31 77
2 17 72
1 53
1 66
2 45 30
1 79
1 33
6 56 5 67 57 24 87
1 31
1 44
2 60 81
7 42 41 50 76 16 53 91
0
2 68 38
4 43 79 97 46
6 55 79 82 6 23 54
0
2 61 82
1 75
2 67 72
2 62 61
2 86 86
2 43 35
5 28 45 63 38 23
1 40
6 44 62 50 59 20 88
2 45 39
4 95 45 50 32
0
1 22
5 16 6 67 39 19
2 66 73
0
3 44 61 78
3 47 40 27
3 40 86 45
3 39 83 54
1 31
1 51
3 52 84 55
1 61
1 52
3 47 26 52
5 54 66 56 39 59
2 34 16
4 45 34 68 69
0
3 11 74 42
3 51 52 64
0
3 35 71 24
1 92
7 74 52 58 58 63 67 44
3 30 51 14
0
2 89 64
2 32 41
6 79 57 79 81 29 60
2 30 47
2 46 11
1 42
1 68
2 64 38
1 61
1 59
6 52 57 53 39 58 62
2 61 27
2 42 42
0
2 51 59
2 89 27
0
3 58 60 60
6 82 32 45 38 37 65
1 79
6 38 15 49 34 47 59
1 35
1 61
1 25
2 43 33
2 72 46
0
5 67 19 57 54 34
2 45 42
2 8 74
4 77 57 20 70
4 61 22 37 66
5 58 54 66 49 42
2 61 61
1 48
4 50 23 61 52
3 58 35 46
1 79
3 48 44 59
1 87
5 42 70 71 27 45
0
1 59
1 29
4 28 53 58 29
3 15 28 46
4 35 53 44 66
3 61 48 51
5 23 63 52 68 63
1 18
1 59
4 59 42 38 52
0
4 76 25 73 24
1 47
2 40 54
2 50 16
1 59
1 52
4 27 39 16 14
0
1 25
2 54 26
3 29 60 61
1 94
7 29 48 58 30 57 36 76
3 66 58 86
3 76 90 58
0
2 58 54
2 60 16
6 73 51 47 69 17 41
2 52 76
7 69 59 36 43 24 33 47
2 18 47
5 31 57 47 69 59
1 47
1 56
2 62 66
1 9
5 25 31 71 30 71
0
0
0
3 29 45 69
4 60 54 31 55
4 63 21 27 84
4 18 57 71 40
3 60 96 51
1 50
1 45
2 50 61
3 76 28 55
6 13 25 66 58 57 93
4 50 33 65 6
3 87 26 48
2 57 90
0
1 54
0
4 16 45 39 63
3 62 36 16
3 64 77 56
0
2 57 78
3 22 76 67
1 80
1 28
1 44
3 55 47 17
5 56 25 81 83 32
1 48
3 32 78 45
1 51
2 40 43
3 41 74 90
4 56 25 65 73
3 65 50 67
1 79
2 23 37
2 54 76
3 45 29 24
2 63 50
4 32 69 56 59
4 16 52 32 45
1 57
0
3 35 56 24
0
4 33 46 60 65
2 67 80
1 52
3 32 58 37
4 37 57 32 64
0
4 58 34 54 73
3 41 55 31
2 61 53
1 17
4 80 51 47 23
3 95 65 38
1 52
4 82 46 38 11
4 36 28 3 42
4 18 28 11 18
2 41 41
4 53 24 43 85
1 39
6 42 62 47 32 63 66
5 49 51 39 46 59
0
2 59 14
2 28 47
1 26
1 36
2 43 28
1 37
1 57
6 48 54 52 45 42 57
0
3 37 42 45
2 24 63
2 47 46
2 64 73
3 60 61 31
0
0
2 15 52
1 89
4 26 84 51 55
5 75 56 70 56 43
4 84 37 48 65
3 47 20 20
1 63
2 83 19
0
5 72 66 63 52 42
2 65 52
1 46
4 31 37 24 62
5 43 11 96 48 21
2 51 49
2 73 62
2 66 37
2 48 29
4 46 39 19 49
3 64 77 59
3 21 41 21
2 62 53
1 53
2 24 38
2 36 49
1 39
0
1 79
2 74 32
2 40 67
2 44 36
1 51
1 61
2 30 54
1 31
0
1 43
1 46
1 67
7 46 34 49 75 27 53 26
5 42 39 71 48 32
2 53 58
2 62 33
1 55
1 12
3 24 60 49
1 47
2 60 51
0
3 58 72 57
2 77 44
3 66 16 51
5 77 44 77 31 48
4 45 42 60 64
1 46
4 41 78 66 46
3 66 63 58
4 73 92 72 44
0
3 44 76 28
2 15 30
0
3 38 62 35
5 51 58 29 69 40
2 70 69
0
1 73
0
2 63 56
1 50
3 50 4 52
2 54 49
4 68 79 50 57
1 51
4 55 31 38 27
1 72
2 0 60
1 31
3 47 41 11
4 53 36 61 62
2 45 19
3 57 25 41
4 80 57 51 60
1 47
1 17
4 55 47 73 60
2 38 21
2 56 49
0
3 30 41 41
1 50
1 36
2 48 45
1 54
2 32 66
3 71 34 50
0
3 48 20 28
4 61 14 42 3
2 56 40
1 40
2 25 56
2 49 23
1 22
1 98
1 57
2 49 83
0
1 64
3 63 24 57
6 57 27 50 41 70 46
2 35 30
5 34 77 31 71 76
2 20 37
1 69
6 60 44 13 53 47 40
3 86 30 60
2 65 75
2 49 61
3 17 52 41
4 47 48 62 63
0
2 77 60
3 47 52 42
2 47 60
1 83
0
1 57
0
1 74
3 57 74 58
4 63 93 37 54
2 50 47
2 69 55
4 44 54 64 75
1 51
3 35 35 40
2 63 54
2 38 20
1 55
1 70
2 61 18
4 51 52 78 31
4 74 36 89 77
1 0
1 17
2 79 18
1 48
4 41 72 41 94
3 69 43 32
1 43
0
3 58 60 34
1 58
3 35 47 63
3 63 29 34
0
3 71 68 42
4 59 92 68 40
2 64 8
3 46 44 25
3 34 57 69
1 11
3 34 84 67
2 29 97
4 56 67 53 50
2 40 70
0
3 43 81 47
3 35 35 19
1 53
2 60 54
2 24 17
3 55 64 52
0
1 88
0
0
2 20 45
0
3 38 54 62
2 79 27
5 44 25 18 43 56
0
1 42
1 52
2 60 73
0
2 58 20
2 50 71
0
1 41
2 56 50
0
5 47 29 74 19 82
3 32 24 29
2 50 61
1 47
0
4 72 72 33 77
2 42 65
3 47 56 56
1 54
3 42 70 31
1 34
3 63 52 20
3 79 34 57
0
2 20 23
0
7 90 77 23 36 22 45 79
3 49 70 29
3 21 45 24
5 52 60 84 88 66
2 64 62
3 12 18 98
1 61
3 66 28 56
2 49 38
1 38
2 47 30
5 39 15 85 35 45
2 6 39
3 50 55 50
1 35
2 67 8
0
5 71 100 63 54 41
2 8 61
3 59 34 49
3 50 72 75
0
3 41 70 63
3 84 58 27
1 28
0
2 4 48
2 37 28
2 44 46
2 62 38
2 41 84
4 69 18 49 45
3 70 43 29
1 32
3 56 70 28
1 20
2 38 43
1 42
0
1 53
0
1 47
1 59
3 37 61 71
1 56
3 58 42 34
1 58
1 21
2 67 42
6 49 42 39 69 41 46
1 21
2 54 30
1 87
4 52 68 47 54
1 45
1 53
3 71 52 100
2 42 35
1 46
0
1 45
2 46 89
0
1 42
1 58
1 46
4 84 41 43 33
2 67 41
0
3 53 54 26
2 87 18
1 68
2 85 49
4 60 53 62 60
3 57 71 53
2 54 58
2 25 32
3 52 31 11
3 56 48 76
2 45 38
0
2 74 73
1 51
3 28 51 36
1 37
1 65
2 69 41
1 52
3 21 51 38
1 73
6 91 34 63 42 5 1
3 38 26 45
1 50
0
1 40
2 2 47
1 64
1 14
2 60 46
1 41
0
2 37 47
0
1 44
2 26 44
1 34
6 40 34 85 66 75 65
1 47
6 71 18 44 43 31 41
2 49 60
0
4 31 48 89 54
0
1 49
2 57 34
2 24 98
2 27 41
0
0
1 51
3 36 24 27
0
3 44 19 81
2 77 42
4 39 55 40 41
0
2 55 38
1 40
2 75 59
2 43 30
2 30 57
1 52
2 32 51
3 63 28 43
5 74 51 60 24 32
1 47
3 35 27 51
0
3 11 53 43
3 63 42 41
2 80 50
3 45 45 44
0
0
0
0
2 48 44
0
1 33
0
2 14 38
2 85 65
4 54 52 65 88
2 25 64
1 84
1 46
1 12
0
1 52
5 57 72 37 11 15
6 37 79 32 39 42 42
3 67 37 43
1 25
0
1 44
2 44 86
1 41
4 18 66 52 54
0
2 43 34
2 73 23
2 40 33
1 68
4 90 34 40 35
2 29 70
3 57 56 17
1 27
3 61 61 37
0
4 71 36 53 60
0
5 37 17 45 63 42
2 69 34
2 45 30
1 65
0
1 84
4 70 37 37 64
0
2 63 17
0
2 48 54
1 45
0
2 6 51
0
1 41
2 57 65
0
2 80 57
4 41 40 42 50
1 31
1 61
1 66
5 21 29 68 37 65
2 41 45
1 55
3 59 36 8
1 71
1 76
5 89 4 92 61 60
0
3 42 71 69
3 55 52 1
1 39
3 72 56 48
2 31 72
2 18 36
1 47
1 38
4 18 74 61 48
1 55
0
1 65
2 51 40
1 52
1 61
0
1 74
1 46
2 9 60
2 85 36
0
1 42
1 54
3 49 84 48
2 69 64
0
1 54
2 38 64
1 47
1 68
0
2 50 59
0
0
2 41 69
2 17 66
6 48 62 51 52 48 25
2 24 65
2 51 29
1 28
0
2 88 66
0
3 58 57 30
0
4 63 30 42 45
0
0
1 31
0
3 85 51 57
1 49
1 86
1 62
2 58 65
3 53 23 68
2 46 77
0
3 54 51 61
3 57 18 32
2 53 100
2 59 47
0
3 44 44 52
1 71
1 52
1 50
1 60
2 25 44
3 83 53 62
0
0
1 35
0
0
5 45 36 35 55 72
2 61 46
0
5 23 30 60 66 59
3 46 30 16
2 35 70
1 51
3 73 60 68
1 48
0
1 27
0
2 72 64
0
2 31 72
2 13 57
0
1 81
1 46
2 75 71
1 54
3 24 63 8
2 20 35
2 18 36
2 69 38
1 61
1 91
2 73 38
2 50 36
1 32
0
1 63
2 20 28
1 40
2 57 53
1 37
0
4 21 59 6 50
1 80
2 35 37
2 23 36
0
1 37
1 39
0
0
3 41 41 11
3 29 55 24
1 39
0
1 42
3 46 20 41
0
2 50 51
0
1 54
4 53 57 33 50
1 38
1 36
1 75
1 76
2 48 64
0
1 59
1 23
2 34 45
4 41 71 36 53
3 19 33 72
0
0
3 68 17 59
0
2 45 39
3 40 43 45
1 24
4 50 20 58 51
2 45 59
0
0
0
1 46
0
2 34 47
1 34
0
2 36 63
2 73 33
1 45
1 42
5 65 36 33 56 45
1 80
2 77 75
1 42
0
2 61 57
0
0
1 36
3 58 60 37
1 59
2 50 68
0
0
1 44
2 43 97
0
1 54
2 54 69
0
3 50 77 71
0
1 58
0
2 74 48
3 72 30 20
2 48 49
1 51
3 69 45 35
2 12 38
0
1 38
2 13 50
2 85 64
0
3 64 49 20
1 54
2 70 94
1 54
1 99
1 47
2 58 53
2 61 54
1 69
3 37 21 58
1 50
0
2 57 63
0
1 34
1 50
0
0
0
2 63 38
1 48
3 42 73 22
1 42
0
1 5
0
4 47 45 64 18
5 44 24 23 52 38
0
2 83 75
1 78
1 76
3 41 61 57
1 57
2 45 53
2 42 73
1 62
1 88
3 60 44 70
1 49
1 24
1 29
1 68
0
2 46 53
2 57 59
0
0
0
0
1 60
1 11
2 44 37
1 63
2 37 39
1 28
3 47 47 76
0
0
1 56
0
0
1 69
1 58
3 34 26 55
2 42 56
1 44
2 33 75
0
3 43 10 47
0
1 40
2 48 33
1 22
0
1 59
2 23 33
1 55
0
2 47 93
0
0
3 26 45 49
3 48 49 18
0
1 56
1 46
2 41 10
1 47
1 65
1 38
0
0
1 50
3 29 56 25
2 51 67
1 13
1 57
1 54
3 17 89 38
1 21
0
3 30 49 55
0
1 66
1 45
1 17
1 34
2 39 46
2 51 73
1 65
1 40
1 46
1 43
1 51
1 70
0
3 68 8 63
0
1 50
1 77
2 49 48
0
0
1 66
1 84
1 77
0
0
2 43 86
0
1 42
1 69
0
2 44 53
3 4 88 52
1 35
0
0
3 77 23 61
1 44
2 30 42
1 29
0
1 47
2 27 35
1 69
2 44 42
2 67 32
0
1 64
1 38
3 43 69 37
0
0
0
1 65
3 48 38 12
1 66
0
0
1 64
0
2 38 48
1 17
0
1 98
1 57
0
2 35 73
2 61 47
1 92
1 35
1 62
3 49 62 45
1 30
1 34
1 52
2 51 55
0
0
1 79
0
0
1 79
1 49
2 61 58
2 62 50
0
1 39
1 57
1 56
0
0
1 39
2 56 81
3 24 57 28
0
0
1 56
0
1 51
0
0
2 84 77
0
1 25
2 50 28
0
1 35
1 61
1 72
0
3 62 29 36
0
1 40
0
1 42
1 55
1 45
3 41 78 4
0
0
0
2 78 26
1 36
2 64 91
1 35
1 48
0
1 48
1 28
2 73 28
1 50
1 53
3 30 58 68
2 43 27
0
0
3 44 30 19
0
0
0
0
4 53 79 27 58
2 46 34
0
3 33 22 51
1 60
0
0
1 45
1 66
0
1 51
0
0
0
0
3 72 56 35
2 54 64
1 48
1 62
0
0
2 66 39
1 56
1 79
1 84
1 65
3 47 77 27
0
1 47
0
1 63
2 66 29
2 55 59
1 46
0
0
5 79 52 25 31 29
1 69
0
0
1 61
1 42
0
0
1 42
0
0
0
0
1 7
0
1 25
1 59
1 59
0
0
1 53
2 24 63
1 44
2 40 54
1 62
1 60
1 74
0
0
0
0
1 42
1 85
1 45
2 42 24
1 40
0
0
0
1 39
1 31
1 30
1 62
0
1 47
1 35
0
1 62
0
2 83 61
1 63
2 54 28
0
0
0
1 8
1 31
2 38 60
0
1 36
0
4 77 59 40 76
0
1 69
0
1 84
2 11 79
1 47
1 56
0
1 16
1 26
0
0
0
3 1 49 47
0
2 55 76
0
0
0
0
1 39
0
0
3 41 49 40
0
2 63 71
0
0
1 34
0
0
0
0
2 40 78
0
1 46
0
0
1 31
0
0
1 10
0
1 80
1 35
2 52 69
0
1 55
3 53 52 50
1 33
0
0
0
2 27 39
2 52 89
0
0
1 91
1 21
2 66 63
1 79
1 29
2 99 34
0
0
0
1 48
0
1 1
0
0
0
2 39 38
1 52
3 33 38 36
0
1 64
0
0
0
0
0
2 18 28
2 63 60
0
3 66 67 6
2 53 43
0
0
0
2 35 29
2 34 16
0
0
0
1 56
0
0
1 64
1 49
0
3 42 76 50
0
2 51 37
0
2 52 53
0
0
0
1 50
0
0
3 53 78 44
0
0
1 27
0
0
0
0
1 50
0
1 67
1 19
0
0
0
1 20
0
1 57
2 59 36
0
1 83
1 77
2 46 85
0
0
0
1 28
1 42
1 62
1 74
0
0
1 64
0
0
1 43
0
0
0
0
0
2 64 51
0
2 72 55
1 33
1 98
1 79
0
1 46
1 10
0
1 48
0
0
0
2 60 37
0
2 68 54
0
0
0
1 34
2 62 49
1 48
1 47
0
1 70
1 74
0
0
0
0
1 43
1 83
1 53
0
0
0
1 29
2 37 22
2 38 32
0
1 45
0
1 65
0
0
0
0
0
1 14
0
0
0
0
1 63
0
0
0
1 29
1 44
0
0
1 83
0
0
1 43
0
2 47 63
0
0
2 32 32
0
1 50
0
1 1
2 50 42
1 63
2 60 42
1 57
0
0
0
0
0
1 56
1 39
1 21
2 44 60
0
1 26
0
0
1 40
0
0
1 58
0
1 40
0
0
0
1 84
2 53 81
0
0
0
0
3 66 65 91
1 70
0
0
1 82
0
0
0
1 45
0
2 44 65
1 48
1 50
0
0
0
0
0
0
0
1 39
0
0
1 82
0
1 13
1 19
2 23 48
0
1 68
0
1 40
1 56
2 39 31
0
0
0
1 60
0
0
3 47 18 24
0
0
1 19
0
0
1 63
1 73
0
1 45
0
0
0
0
2 40 83
0
1 42
1 28
1 49
0
0
0
1 76
2 27 74
0
0
0
0
0
1 60
0
0
1 27
0
0
1 49
1 90
1 65
0
0
0
0
1 37
1 32
1 62
2 62 44
1 68
1 29
2 51 61
1 75
0
0
0
0
0
0
0
0
0
1 38
0
1 41
0
1 60
0
0
1 91
0
0
0
1 35
1 38
1 40
0
0
0
1 40
1 65
1 7
0
2 46 41
1 34
0
1 90
0
0
1 70
0
0
1 43
0
0
1 60
0
0
1 54
1 37
0
0
0
2 73 38
3 61 91 68
0
0
0
0
0
1 69
3 37 53 71
0
0
0
0
0
1 73
0
0
0
1 81
0
1 61
1 44
3 56 47 23
0
0
2 93 33
0
1 64
0
0
0
1 32
0
0
1 54
0
0
0
0
0
1 51
0
0
0
0
1 50
1 37
2 35 48
1 34
0
1 29
1 70
1 67
0
2 22 37
0
1 74
0
0
0
0
1 47
0
1 58
0
0
1 56
0
1 77
1 65
0
1 51
2 41 45
1 83
0
1 39
0
1 61
0
0
1 49
0
0
1 40
0
0
0
0
0
2 45 52
0
1 38
0
0
1 64
1 56
1 85
0
1 27
1 56
1 25
1 46
0
1 21
0
0
2 46 57
0
1 36
2 47 50
0
0
3 35 73 70
0
0
1 44
0
1 42
0
2 53 33
0
0
0
0
1 23
0
1 33
0
0
1 66
1 32
0
2 26 74
0
1 66
0
0
1 53
0
0
0
0
1 59
1 55
0
0
0
2 73 78
0
0
1 40
0
0
2 48 19
1 88
2 58 74
0
0
1 33
0
0
1 32
0
0
1 49
0
0
0
0
1 20
0
0
0
0
0
0
0
0
0
0
1 82
1 44
1 56
1 44
2 57 86
0
0
2 35 41
0
1 56
1 23
0
0
0
0
1 37
1 52
1 36
0
0
1 82
1 54
1 35
1 48
0
1 72
0
1 74
0
3 41 41 27
0
1 35
0
1 85
1 37
0
1 36
1 92
0
0
0
1 13
0
1 65
0
2 54 35
1 66
0
0
1 83
0
0
0
0
0
1 41
0
0
1 44
0
1 55
0
0
0
0
1 34
1 29
1 63
0
0
0
3 30 39 74
0
1 47
1 58
0
2 52 51
0
0
0
0
0
1 66
1 27
2 35 50
1 81
2 57 68
1 42
1 55
3 22 84 71
0
1 40
0
1 70
1 44
1 40
0
0
1 49
0
0
0
1 65
0
0
2 90 56
1 56
1 18
0
0
0
0
0
0
1 22
0
1 64
3 85 28 64
1 21
1 64
0
2 74 35
0
1 63
1 74
1 65
0
0
0
0
2 54 64
0
1 32
1 54
0
0
1 49
0
0
0
2 38 43
2 38 57
0
0
1 30
0
2 60 40
0
0
0
1 46
0
2 76 87
2 72 55
1 21
0
0
0
0
0
1 64
1 40
0
0
3 48 71 43
0
0
0
0
1 40
1 53
1 41
0
1 76
2 40 69
0
0
1 36
1 67
1 61
0
0
0
0
1 61
1 15
0
0
1 19
0
0
2 73 10
0
0
2 79 63
2 49 58
0
0
0
1 52
0
0
0
1 66
0
3 48 51 73
0
2 76 41
0
1 44
0
0
0
2 38 88
0
1 77
0
2 54 29
0
1 30
1 50
0
0
3 48 47 82
2 47 57
1 59
1 66
0
3 57 20 83
1 30
0
2 38 28
1 58
0
0
1 53
0
0
0
0
0
1 40
1 50
0
1 42
1 67
0
1 66
1 25
1 48
2 38 37
1 44
0
1 43
1 36
