3600 4
0
0
0
0
0
0
1 18
3 47 65 61
1 48
0
0
0
0
2 32 83
1 61
0
0
1 46
0
1 9
0
0
1 66
1 35
0
0
0
1 37
0
1 84
2 13 39
1 40
2 86 90
0
0
0
0
0
0
0
2 30 40
2 64 25
0
0
0
0
0
1 40
1 64
1 48
1 53
0
1 88
1 49
0
0
0
1 32
0
0
0
0
0
0
0
0
2 52 52
0
1 52
1 82
0
0
0
1 40
1 36
0
0
1 25
1 32
0
1 22
0
0
3 94 46 51
1 45
1 91
1 63
1 21
0
1 49
0
0
2 93 18
0
0
1 35
0
0
0
0
1 52
0
0
0
1 47
1 48
0
0
0
0
0
0
0
0
0
1 84
1 60
2 96 36
2 80 42
0
1 5
0
2 3 27
0
0
0
1 81
0
1 52
1 46
0
2 48 24
0
1 42
0
0
0
0
0
0
0
0
0
0
1 4
1 48
1 66
1 25
3 45 54 60
1 51
0
0
0
1 89
1 72
2 44 70
1 62
0
0
0
1 65
0
0
1 74
0
0
0
1 26
1 37
2 15 79
2 74 28
0
0
1 68
1 56
2 31 45
0
1 77
0
0
0
1 87
1 82
1 28
0
1 18
0
2 73 61
0
0
0
0
1 52
0
0
0
1 34
0
1 82
0
0
1 55
1 73
0
0
0
0
1 45
1 52
0
2 42 15
2 38 72
0
1 42
0
0
0
0
1 55
1 37
2 53 31
0
0
0
0
1 75
1 28
1 71
2 45 57
0
1 32
2 58 74
1 55
0
1 27
0
1 60
1 27
1 43
0
0
0
0
1 65
0
0
0
1 35
0
0
0
1 75
0
1 76
2 54 85
1 56
2 35 63
0
2 34 65
0
0
2 30 24
2 69 84
0
0
0
0
0
2 54 48
0
0
1 60
0
0
2 46 72
1 44
2 19 56
0
0
1 42
1 28
0
2 6 22
1 47
1 54
0
1 51
0
1 62
0
0
0
2 64 45
0
0
1 53
0
1 77
2 83 81
1 69
0
0
1 49
2 54 50
1 77
1 39
1 65
0
0
0
0
2 49 57
0
1 68
0
0
1 59
0
2 76 45
3 45 55 64
2 40 70
0
0
0
1 61
0
0
0
0
0
2 69 63
1 68
2 94 36
0
1 78
0
0
1 17
0
0
0
0
0
1 40
1 28
1 70
1 38
2 48 49
1 46
0
1 96
0
2 86 27
2 42 49
0
1 62
2 16 67
2 58 43
2 80 32
0
0
0
1 52
1 58
1 50
0
1 40
1 40
1 31
1 31
0
0
2 53 62
0
1 69
1 53
0
0
0
1 40
2 21 46
0
0
0
1 58
0
0
0
0
2 40 43
1 68
0
0
0
1 34
1 33
1 44
1 34
0
1 18
1 39
1 60
1 23
1 69
1 43
0
0
0
0
1 26
1 85
2 39 67
3 77 18 49
0
2 39 44
3 51 55 69
1 60
1 4
1 33
1 27
0
1 44
0
1 62
1 50
0
1 37
3 51 41 84
1 35
0
1 43
2 78 32
0
0
0
0
0
3 23 69 24
0
0
1 46
0
0
2 28 23
0
0
0
0
1 50
1 62
3 66 45 89
0
0
2 35 47
0
2 32 37
0
0
0
0
0
1 73
1 56
0
1 27
1 15
0
2 72 39
1 61
1 73
2 31 71
2 77 77
1 65
1 45
1 57
0
1 35
1 74
1 74
1 61
0
1 49
1 54
1 58
4 46 28 15 12
1 35
0
0
0
0
1 71
0
1 55
3 63 20 52
0
1 33
0
0
1 68
0
0
1 61
1 50
2 41 64
0
4 45 53 14 79
0
0
0
1 28
1 65
0
1 25
0
0
1 43
3 54 19 56
1 59
2 49 49
0
1 52
0
0
5 25 39 71 62 65
2 55 44
0
1 33
0
1 29
1 58
0
1 33
0
1 75
0
2 8 70
2 37 78
1 70
0
1 52
0
0
1 63
5 47 15 66 16 93
0
1 74
0
3 45 13 61
1 67
0
1 63
1 59
1 22
1 40
2 70 32
1 53
0
1 45
0
1 42
1 48
2 45 50
1 29
1 47
3 62 79 47
0
0
0
0
2 87 73
0
2 20 82
2 69 34
0
0
0
1 23
1 23
0
1 21
2 31 50
4 87 65 80 61
0
1 25
1 42
0
0
1 71
1 79
1 29
1 31
1 59
2 41 53
0
3 90 51 38
4 36 70 76 45
0
1 11
0
0
1 19
2 88 72
1 66
2 57 51
0
2 86 51
2 51 77
0
1 51
0
1 47
0
4 45 53 75 71
1 48
0
2 41 51
1 53
0
0
0
1 51
0
0
1 55
1 70
1 47
0
3 29 37 50
0
4 33 57 41 30
0
0
1 53
2 34 36
0
1 22
0
2 58 69
0
1 60
0
2 77 30
1 37
2 29 14
0
1 43
2 49 47
1 73
0
1 46
2 91 63
3 28 68 58
2 49 59
1 39
2 70 41
1 29
2 70 91
1 63
0
2 45 44
1 40
0
1 78
2 58 39
0
4 51 57 37 71
0
0
1 43
1 39
1 42
0
0
3 56 82 30
1 64
1 66
0
1 50
3 43 52 29
1 55
1 67
3 42 76 20
3 35 60 67
4 49 68 74 59
1 37
0
0
1 59
1 50
1 47
2 79 58
2 99 72
4 70 12 60 66
0
1 76
0
3 67 46 67
1 57
0
0
1 86
2 31 17
1 30
0
0
0
1 80
1 60
2 44 34
2 37 30
1 82
1 59
1 74
1 37
2 86 90
1 38
2 39 66
5 63 33 51 18 26
0
0
0
3 59 39 26
2 60 57
1 64
1 12
1 66
1 54
2 31 68
0
2 54 61
0
0
1 66
2 39 70
0
0
0
2 15 89
2 55 46
0
0
1 39
0
1 45
2 37 43
0
0
1 10
2 99 52
2 56 47
2 53 17
2 42 61
2 34 55
1 72
0
3 48 54 71
1 38
2 18 25
4 33 63 57 55
2 55 42
4 47 48 35 84
1 82
1 38
2 63 21
1 27
2 46 65
1 60
3 46 58 42
1 10
2 15 28
0
0
1 54
1 80
1 89
1 92
2 60 29
1 84
2 23 72
0
0
2 30 41
1 55
1 20
3 69 37 48
2 28 58
0
1 21
0
0
2 36 61
0
2 72 33
0
2 37 35
3 62 69 62
3 69 53 66
2 37 26
4 56 64 39 89
2 60 29
2 31 49
2 57 46
0
1 29
2 62 66
3 25 63 67
1 53
2 31 65
2 50 56
0
1 20
0
1 55
2 50 49
2 20 53
0
2 28 48
0
0
0
3 66 70 74
0
0
2 22 31
1 60
1 59
1 78
2 51 52
0
7 35 100 45 47 58 7 64
3 69 36 54
0
2 18 54
1 57
0
4 36 25 59 12
2 66 81
0
1 47
2 50 44
1 59
4 30 51 60 59
0
3 47 46 60
1 43
4 42 77 38 47
0
1 80
0
3 35 76 55
1 30
0
1 50
3 32 15 92
0
2 33 72
2 45 23
1 47
1 12
0
1 25
1 65
1 54
0
1 44
1 66
2 54 57
0
1 58
1 50
2 67 66
3 59 32 71
0
0
1 12
2 34 81
3 39 44 26
3 75 18 63
2 54 68
0
4 20 36 47 80
1 59
0
2 54 43
3 38 66 42
0
1 28
0
0
2 49 45
2 67 33
0
0
3 85 29 19
2 53 27
1 46
1 68
1 44
2 26 25
1 57
0
4 73 39 51 83
3 65 58 76
4 44 69 72 44
2 50 46
1 15
1 23
2 34 82
2 15 45
1 46
1 10
3 68 81 27
1 63
0
1 59
0
3 15 57 46
2 54 68
1 41
1 44
2 46 7
1 97
1 61
1 34
0
4 54 75 66 23
1 73
1 51
3 82 10 50
1 36
0
5 25 90 68 68 42
1 65
3 40 72 37
2 73 32
0
0
5 50 53 54 19 83
0
1 29
1 42
2 54 77
3 30 42 81
1 70
1 54
2 32 90
5 27 33 47 90 29
3 40 32 45
2 43 48
2 23 19
2 55 75
2 39 49
1 55
3 82 53 22
2 12 19
1 58
0
0
0
3 54 46 39
2 70 29
1 22
3 25 25 59
3 38 67 41
0
0
4 52 54 53 72
3 57 21 55
1 55
2 41 10
0
2 69 60
3 40 32 95
0
0
1 45
1 61
3 28 48 46
0
2 42 37
2 37 57
2 59 51
1 34
2 75 46
0
2 73 39
2 77 98
3 65 29 34
2 50 39
0
4 43 20 78 57
2 69 8
3 38 39 64
1 63
3 69 36 52
2 53 82
3 55 88 61
3 81 57 12
1 48
2 13 25
0
0
3 46 42 42
2 32 39
5 6 41 67 49 52
2 41 92
2 57 42
0
1 65
2 32 6
4 30 49 80 35
0
2 63 34
3 72 88 58
1 40
0
0
2 57 36
0
0
1 33
5 95 53 2 30 65
1 89
1 63
3 72 39 86
1 35
5 28 59 36 21 57
2 78 62
3 45 44 36
1 69
3 51 27 47
1 40
2 64 76
2 54 71
0
1 62
2 53 72
1 64
1 48
4 45 62 36 49
0
1 53
2 56 91
0
4 59 60 57 49
0
1 66
2 69 44
2 48 34
2 57 19
4 32 35 69 56
1 65
0
0
2 23 50
2 56 15
2 36 53
1 40
2 67 40
2 50 46
2 42 30
0
0
4 41 78 53 60
1 34
3 20 26 40
3 67 47 59
3 70 50 35
1 46
3 60 25 86
0
1 51
1 57
4 57 65 52 57
3 25 51 63
2 19 55
2 56 53
5 39 10 33 27 54
0
0
1 68
2 51 30
4 93 49 54 70
0
2 33 66
1 48
1 43
1 35
5 57 24 42 55 71
0
1 64
2 51 55
2 23 26
4 60 66 34 80
1 51
4 78 43 48 22
3 48 61 73
2 37 29
3 63 48 77
1 45
2 44 12
1 47
1 36
4 45 91 43 92
0
2 38 50
1 64
3 48 30 57
1 48
3 60 71 64
3 53 78 51
0
1 49
3 32 53 21
2 77 51
3 79 40 42
1 2
3 62 67 40
2 46 62
0
3 61 27 46
1 48
2 22 36
1 51
1 3
0
1 37
3 86 68 49
2 61 38
5 53 45 70 54 46
1 63
1 43
2 56 49
2 43 97
2 37 75
3 66 47 49
2 20 62
2 54 49
0
3 15 28 36
2 44 45
2 55 46
2 57 35
1 75
2 65 59
1 57
2 84 51
3 44 33 29
0
4 46 55 46 61
3 98 22 50
3 52 56 30
1 38
2 51 39
1 39
1 18
0
5 60 28 55 64 41
1 53
2 26 74
3 82 56 20
3 49 42 34
2 54 34
3 40 23 33
0
2 66 43
1 71
5 33 51 57 37 79
3 77 31 57
0
1 41
1 31
1 4
2 76 54
6 27 47 46 46 30 31
2 18 32
2 47 23
0
1 67
2 82 42
2 48 32
1 39
0
1 27
1 37
1 71
1 72
2 35 49
1 55
2 46 57
1 52
4 64 38 41 74
2 65 46
3 60 34 43
1 60
4 27 51 58 49
2 59 25
3 70 28 8
4 53 58 39 37
3 22 30 32
3 57 45 8
4 52 57 64 15
2 32 45
1 32
4 50 63 64 22
3 22 91 38
3 72 43 49
1 64
1 55
1 62
1 16
2 42 40
0
5 31 72 29 50 64
3 42 25 33
2 45 87
2 51 68
1 40
1 24
3 81 37 49
2 7 59
1 49
5 92 25 49 52 74
2 69 37
5 28 54 28 79 30
3 53 53 67
0
0
1 52
3 46 16 63
4 44 77 64 60
1 69
2 18 53
4 65 66 42 82
0
4 37 46 19 65
3 69 61 28
1 52
3 68 34 75
2 38 49
3 50 54 60
2 47 56
2 46 51
0
1 21
1 36
0
0
2 60 46
5 83 65 13 52 63
0
2 63 31
5 81 66 41 16 69
1 44
3 37 53 37
3 29 60 75
2 32 63
4 41 13 6 76
2 67 46
2 41 49
1 41
3 76 38 57
2 66 64
3 59 20 39
3 22 80 87
2 72 76
1 63
2 61 45
3 57 88 47
1 36
3 51 44 45
2 68 37
3 49 65 90
2 66 24
2 16 64
1 23
3 31 15 71
1 83
2 42 57
1 64
5 50 57 64 49 69
7 39 28 28 67 47 32 74
0
2 54 44
2 53 76
0
2 14 34
3 68 22 43
1 19
3 55 47 48
3 15 39 55
1 67
3 10 58 20
1 93
2 68 37
2 58 47
2 48 46
2 36 46
3 41 51 60
0
2 34 55
0
2 29 89
1 63
1 47
1 35
5 94 17 63 68 75
1 53
5 26 22 94 51 57
1 55
4 92 74 71 58
3 70 37 62
0
3 52 61 71
1 41
3 11 38 28
2 91 51
2 78 34
6 67 23 41 39 43 64
1 79
2 43 19
0
2 62 90
1 28
2 50 32
4 52 45 43 17
2 31 41
2 44 16
6 65 41 56 30 80 52
1 59
2 54 70
2 66 37
1 44
3 53 39 40
4 26 69 44 70
1 66
1 60
2 58 53
3 60 31 51
1 56
3 23 42 19
1 77
1 52
2 7 44
2 32 12
5 27 20 68 60 71
1 34
2 49 29
5 72 56 20 24 46
3 47 70 49
1 68
4 38 59 38 67
1 88
3 66 84 58
2 55 57
3 48 67 43
1 36
1 35
0
1 58
4 78 61 19 43
1 42
2 47 52
2 42 100
2 61 68
4 33 62 76 82
3 61 25 64
5 46 71 47 43 82
4 2 57 63 57
2 61 69
2 74 50
0
2 58 58
2 49 40
2 63 39
2 19 35
0
3 59 64 73
6 22 58 61 44 59 72
1 75
1 71
4 54 70 67 26
4 63 55 69 75
1 83
5 51 86 99 45 54
1 61
1 75
3 76 54 48
2 63 21
1 61
1 37
4 19 59 82 50
2 65 53
4 88 81 63 81
1 39
1 25
6 9 61 57 44 49 40
3 61 52 60
1 52
3 32 58 79
2 52 42
0
1 73
1 29
4 70 31 77 73
3 56 63 25
4 64 85 17 17
2 68 81
1 57
2 60 55
4 50 62 46 40
4 73 61 47 62
1 42
3 37 53 41
2 25 48
3 36 64 52
3 77 30 44
1 33
5 60 31 27 63 77
1 47
2 45 35
0
2 28 55
3 79 44 41
2 46 66
4 43 68 28 27
4 49 37 35 31
0
1 66
2 69 23
3 50 26 17
2 54 86
3 48 23 63
0
0
6 42 15 55 40 44 57
8 55 90 36 52 54 51 22 64
0
3 35 16 79
1 76
1 66
5 38 27 43 47 33
3 30 82 52
1 64
1 77
0
2 58 19
2 38 53
3 29 44 60
1 61
0
1 5
2 69 60
3 58 55 26
0
2 57 24
1 53
3 85 40 73
1 85
7 47 32 42 54 0 60 13
3 21 59 42
2 57 72
2 56 33
2 46 60
3 53 33 77
1 3
4 74 41 47 29
1 47
2 72 50
1 96
3 53 24 75
2 17 64
3 56 59 44
2 55 29
1 74
3 37 64 26
2 63 56
3 41 82 61
3 16 34 57
5 35 27 49 52 47
3 46 82 40
0
3 35 24 27
4 54 43 67 68
1 73
2 60 69
5 65 89 61 25 67
1 57
0
2 27 62
1 51
3 51 68 40
2 9 48
3 50 40 26
3 72 62 17
4 52 54 36 50
1 64
0
3 39 50 72
2 59 33
5 28 64 58 83 57
4 53 26 57 48
3 29 56 27
3 53 16 65
4 16 65 72 56
1 38
1 41
0
5 66 55 68 93 54
1 37
0
3 55 82 36
2 63 43
1 39
3 41 69 77
4 28 72 82 68
3 41 30 18
4 83 20 57 22
4 93 50 30 41
1 61
2 54 27
5 47 42 71 63 41
1 10
3 56 25 33
1 84
4 66 45 19 56
2 23 60
2 39 35
3 35 51 41
4 63 80 68 51
2 47 47
2 31 89
2 44 38
0
3 69 55 43
3 63 84 32
2 73 49
5 60 75 50 53 36
2 47 75
2 61 55
3 24 60 27
1 64
3 70 50 16
3 55 40 41
4 49 72 67 83
1 92
0
1 63
3 64 62 42
4 61 35 61 33
4 53 66 38 15
2 39 35
0
3 47 46 48
0
1 57
4 32 50 44 32
2 38 39
0
2 11 52
1 68
3 54 47 19
7 38 72 64 88 20 62 57
3 78 51 53
3 62 75 52
1 68
0
3 72 70 57
5 34 48 74 26 51
3 38 62 40
3 64 34 28
2 55 64
4 17 49 54 82
0
3 73 82 43
1 65
2 65 45
1 53
4 70 37 18 23
1 86
2 13 44
2 35 19
4 83 24 11 34
1 40
1 21
5 35 67 78 20 39
6 41 33 73 69 50 43
1 74
3 60 26 32
0
3 41 64 20
1 38
1 86
0
4 72 65 80 69
4 48 39 28 16
1 30
5 10 57 33 55 80
4 52 64 57 60
0
1 48
5 63 56 52 12 13
3 67 88 42
0
3 39 65 54
3 63 63 33
3 67 44 71
3 43 75 22
3 80 60 37
3 60 20 57
4 14 73 44 56
3 49 58 35
2 65 56
4 54 69 65 63
2 86 35
1 37
2 42 65
2 57 50
2 63 41
1 34
3 45 61 43
2 47 65
2 36 37
2 78 68
4 40 80 56 28
4 22 64 63 38
4 13 18 61 28
5 44 48 39 38 33
1 72
4 48 31 65 83
0
2 71 43
2 47 87
4 22 36 46 42
2 45 64
2 74 67
4 46 80 51 63
2 47 91
3 47 60 63
5 41 48 31 48 38
3 19 72 70
3 83 73 42
3 67 36 50
3 48 37 29
3 22 55 65
1 17
2 61 48
0
3 5 54 25
1 36
3 38 66 53
3 56 64 75
3 67 38 55
2 56 45
3 92 8 57
2 37 66
2 69 60
5 50 57 49 12 28
3 55 44 44
1 75
4 51 55 88 74
4 34 64 56 38
2 33 44
2 33 54
1 44
3 61 34 55
1 72
2 64 43
1 43
2 52 49
2 46 42
4 32 35 58 60
2 67 45
5 63 41 68 42 44
1 37
2 71 70
2 44 48
1 69
1 59
3 29 73 64
4 41 53 79 47
3 51 52 56
2 87 5
1 58
1 51
2 54 93
3 47 62 67
5 85 56 59 21 35
4 48 70 61 37
4 46 84 60 66
2 31 45
1 53
2 29 49
3 30 44 59
3 68 64 40
3 72 75 61
0
2 47 58
2 64 71
3 57 43 72
2 51 57
2 55 32
1 46
0
4 30 51 61 25
2 48 48
3 80 47 53
2 45 70
9 69 67 47 53 61 29 28 64 61
2 61 36
4 42 38 31 58
1 44
1 63
2 54 47
2 47 77
1 57
2 38 51
2 69 35
4 24 48 98 64
2 19 61
2 35 83
1 69
1 55
2 41 100
2 66 59
5 36 53 66 25 65
6 81 16 87 42 29 43
5 21 47 39 47 41
2 11 64
3 44 37 28
3 34 27 20
2 29 60
1 48
3 66 56 30
3 51 59 34
11 40 29 20 32 56 54 80 60 78 44 17
2 40 95
1 47
3 58 88 34
1 36
0
2 51 42
2 40 45
1 84
0
2 83 21
4 27 43 48 30
3 6 61 60
1 37
1 67
1 59
3 10 46 46
2 45 44
4 21 70 55 33
4 45 94 65 68
1 53
1 65
3 54 50 6
3 78 56 51
5 71 39 39 58 29
4 42 79 48 60
2 72 59
1 49
3 41 51 64
3 74 16 36
3 8 47 70
3 81 22 71
0
4 43 64 48 64
1 40
0
3 12 48 49
1 53
6 92 30 52 30 39 64
4 63 65 65 31
3 99 39 36
4 70 39 48 54
2 62 55
2 91 31
5 44 27 58 41 49
1 75
2 44 51
1 25
1 52
4 57 81 46 29
3 44 50 48
5 24 28 30 30 24
1 56
2 52 59
3 70 56 58
5 10 88 92 41 54
3 53 12 51
4 39 61 44 86
1 47
2 10 20
3 37 61 56
0
1 50
1 58
1 48
2 46 35
2 24 52
1 26
4 36 74 64 53
4 93 53 73 35
5 80 56 58 47 57
2 53 10
2 73 41
2 47 41
1 54
5 34 28 45 27 53
3 46 43 41
1 52
4 16 70 71 20
2 53 78
3 57 56 26
1 65
3 46 25 51
3 40 67 77
2 35 47
2 55 56
4 60 29 35 18
0
5 29 69 40 28 51
4 90 64 44 62
5 63 60 77 41 31
3 38 46 72
2 25 47
1 66
4 44 62 71 39
3 51 70 15
2 61 71
5 39 60 66 74 40
1 49
2 58 59
5 30 33 66 46 40
3 45 57 49
1 49
2 47 40
3 26 57 46
2 14 3
1 83
3 16 57 47
2 53 40
2 37 30
1 50
2 65 44
3 72 82 19
2 86 32
1 93
4 86 74 26 52
1 56
2 44 44
1 63
2 42 69
2 64 59
2 47 36
3 58 37 23
3 62 61 26
5 71 41 58 35 65
1 92
1 60
5 50 67 50 24 59
1 74
4 71 47 56 66
4 66 59 67 62
1 83
4 28 65 1 79
3 46 9 38
4 50 42 50 78
4 49 95 20 71
1 39
5 58 63 61 70 34
0
3 80 57 43
4 46 34 54 60
3 28 33 0
5 67 22 86 23 81
3 31 77 31
2 51 35
1 42
4 31 59 16 31
2 61 51
2 25 67
4 69 60 38 27
1 10
2 50 52
1 46
1 52
3 51 40 47
2 28 18
2 77 27
1 25
3 58 46 55
5 26 73 44 59 67
5 15 60 23 64 56
4 73 10 58 47
1 39
1 63
3 62 85 73
1 47
3 68 19 55
2 58 57
2 46 50
2 76 53
1 39
5 66 50 48 74 31
0
3 38 37 54
0
2 35 34
1 45
3 22 90 45
0
5 24 70 55 93 71
3 45 47 28
5 30 16 41 36 46
5 65 55 89 58 39
1 63
5 57 73 73 100 36
0
0
5 68 22 60 73 58
6 47 61 34 42 59 41
3 47 55 46
2 31 41
2 46 47
1 56
2 25 29
2 60 58
2 63 79
1 34
1 62
3 30 78 63
3 65 51 30
3 59 60 61
0
4 31 20 74 35
6 15 41 47 82 29 25
1 80
2 51 31
2 59 51
0
1 67
2 63 64
3 57 81 77
8 73 38 83 67 58 66 60 61
2 50 78
3 33 37 45
3 63 44 64
4 49 28 49 31
1 11
2 59 84
2 56 75
0
3 32 22 44
4 69 76 64 63
4 82 20 61 59
5 24 50 38 11 36
2 37 26
1 59
1 28
1 56
3 24 62 62
3 53 48 45
2 63 65
1 71
1 43
1 30
1 54
2 55 37
2 54 51
3 56 69 29
2 38 54
4 42 40 34 59
5 39 31 53 44 49
3 77 60 14
1 28
1 52
4 55 41 33 58
4 59 31 65 37
0
3 41 65 41
1 47
0
9 56 51 39 61 70 2 73 44 55
2 69 51
0
3 81 75 32
3 87 13 38
0
3 31 56 72
3 74 54 35
1 57
4 58 67 55 56
1 37
1 64
3 92 85 33
3 11 49 94
3 49 27 53
7 24 36 55 46 71 57 61
3 45 63 26
1 67
1 39
4 48 34 65 96
3 63 61 43
2 0 65
2 55 49
2 53 46
2 32 63
2 55 48
2 74 29
3 49 48 37
1 39
2 41 20
1 74
1 89
2 49 40
3 38 70 84
1 50
3 20 82 36
5 80 33 85 29 50
1 60
0
2 46 3
2 32 30
2 32 82
1 78
3 6 71 57
3 63 44 69
3 56 71 52
1 65
3 38 67 60
1 59
6 86 28 40 2 65 43
3 35 25 32
5 56 52 27 80 20
3 16 39 33
4 75 74 68 44
4 58 49 24 26
2 92 88
1 80
2 11 63
3 75 47 46
5 60 46 45 67 62
4 17 52 11 50
3 82 57 39
0
0
1 7
3 34 61 36
2 40 70
3 53 84 45
3 63 53 65
2 82 34
4 69 41 37 97
5 41 58 36 72 28
1 48
4 50 23 20 39
2 59 16
1 30
4 82 41 72 20
4 52 43 43 66
2 39 40
1 88
2 49 28
3 46 46 51
3 95 57 71
3 77 56 63
1 40
6 56 71 64 45 47 49
1 35
4 59 48 60 58
2 45 43
3 56 60 41
1 66
1 27
0
4 33 40 12 28
4 53 73 49 75
4 37 61 61 34
2 70 38
1 26
0
4 37 67 52 65
3 74 38 60
3 48 51 38
2 60 56
2 63 37
2 58 47
2 66 71
1 64
0
1 14
3 44 46 38
1 85
4 51 23 55 24
3 55 81 37
1 48
6 78 68 64 70 37 47
1 76
3 38 45 29
4 47 42 31 63
0
3 48 73 58
1 13
6 76 46 60 26 75 12
2 72 27
5 62 48 54 58 55
0
2 36 18
2 31 41
1 49
4 51 66 81 49
5 60 76 55 39 64
1 29
0
2 62 71
1 61
1 31
1 70
1 38
1 89
1 51
4 83 75 77 16
3 53 61 41
3 89 82 48
1 52
1 90
0
4 37 48 51 62
0
5 75 49 70 29 60
5 95 48 44 40 46
3 30 81 23
3 37 35 46
1 50
0
3 19 38 72
4 99 57 69 44
4 66 49 14 67
4 31 43 32 39
3 68 67 86
2 26 83
1 30
1 44
1 29
1 53
3 21 57 81
3 69 61 65
2 42 55
1 60
1 65
2 7 57
3 25 65 67
1 36
6 43 39 82 46 30 43
2 28 49
5 27 14 34 59 30
4 78 43 43 31
3 49 25 41
2 26 65
2 53 64
1 27
4 21 45 74 29
4 73 6 32 35
1 72
0
1 80
2 85 6
1 47
6 70 39 43 35 54 66
3 63 58 42
2 52 75
1 55
2 57 84
4 66 58 32 81
3 55 40 42
4 24 28 92 59
3 38 40 12
1 35
3 13 72 42
3 49 62 56
1 20
0
3 73 31 16
2 31 52
4 58 4 62 47
2 29 44
5 44 91 54 27 32
3 27 64 63
1 43
3 39 37 13
2 33 34
2 69 69
2 35 34
1 37
0
0
3 44 36 24
3 59 55 48
0
3 25 50 27
2 65 75
1 51
0
2 35 60
2 80 67
1 58
1 49
2 56 41
7 55 25 39 6 12 47 52
0
1 22
5 86 85 59 53 16
0
3 52 65 17
5 32 22 41 59 50
0
4 68 54 61 48
3 35 70 69
2 39 47
6 56 44 48 71 88 84
2 40 77
2 25 70
2 51 57
2 76 17
1 44
1 52
3 45 51 9
4 64 77 81 40
2 32 58
3 34 26 35
1 62
0
2 66 75
2 50 15
3 43 28 52
0
2 68 88
1 22
3 72 21 2
2 62 67
4 67 48 49 32
0
1 43
3 76 53 33
1 48
2 40 27
2 55 45
3 38 25 26
1 28
3 51 58 53
2 18 49
1 32
2 28 18
2 57 27
2 51 71
3 41 82 50
4 59 58 79 27
1 15
2 40 20
1 30
2 10 46
3 63 33 32
2 17 57
3 46 28 12
2 24 54
5 52 64 41 60 36
1 70
3 48 57 62
4 48 37 43 82
2 34 90
2 78 68
3 36 34 50
7 81 71 32 15 44 23 59
1 45
2 23 25
1 66
4 40 82 50 27
1 31
5 50 66 32 24 83
2 57 70
3 55 34 47
3 51 48 50
1 73
2 70 63
2 83 14
3 31 82 50
1 34
1 72
3 60 52 51
0
1 36
2 52 51
3 28 94 57
2 58 43
3 52 28 15
1 71
1 54
3 72 57 60
1 54
2 55 28
2 16 64
4 27 59 59 73
4 81 36 43 50
2 66 24
2 31 37
2 52 44
0
1 53
3 43 60 39
3 41 65 47
3 46 60 49
0
4 69 44 28 21
1 32
4 32 54 34 76
2 37 27
3 34 42 27
2 57 61
2 60 72
2 23 43
2 58 44
2 77 58
1 54
2 63 52
1 34
1 66
3 73 56 66
1 36
1 23
2 41 34
2 45 35
1 71
2 49 74
1 50
5 19 39 15 37 79
3 31 54 61
3 60 47 27
2 96 51
1 58
0
3 27 34 21
2 28 45
1 16
0
0
1 56
3 72 77 19
3 18 55 40
3 44 27 35
3 46 27 42
3 35 17 76
1 1
1 34
1 69
2 25 25
1 52
3 60 50 84
2 95 54
4 95 42 62 32
3 59 44 50
2 43 45
0
3 59 55 64
0
4 43 56 83 22
0
2 59 46
1 40
2 67 21
5 40 18 82 59 94
1 38
3 41 32 72
0
2 29 25
1 71
5 36 93 67 47 41
2 44 27
0
1 23
3 89 55 18
4 41 68 47 21
2 63 67
5 65 47 26 32 6
2 61 54
3 59 85 69
2 94 65
2 98 44
3 33 57 40
3 17 45 76
1 83
0
2 52 41
1 85
1 58
3 38 58 68
3 49 0 46
1 74
1 62
0
3 32 71 26
1 47
1 61
2 48 48
2 22 50
3 66 40 57
3 46 19 52
1 73
2 49 35
1 54
3 45 37 47
2 60 59
6 33 85 35 52 79 29
0
1 37
3 47 11 59
3 68 50 51
2 64 29
6 32 26 18 60 36 48
3 49 35 59
1 27
0
2 16 25
2 24 82
2 38 56
1 96
2 21 28
2 87 66
1 41
1 83
4 96 73 49 36
2 10 67
1 53
1 88
2 74 67
2 69 44
1 47
2 41 72
4 78 98 42 33
2 59 58
1 86
1 30
3 38 78 10
4 17 44 68 37
2 66 49
2 57 44
0
2 67 27
0
4 39 53 17 81
1 71
2 35 58
1 46
1 58
3 45 49 61
1 48
3 79 87 48
1 18
2 54 40
2 57 60
1 77
3 42 64 53
4 56 28 18 25
1 47
5 39 17 41 54 59
2 52 64
1 89
3 66 4 84
1 29
2 57 69
1 60
2 64 35
1 33
1 42
5 50 62 35 39 46
1 49
0
0
1 30
1 29
1 33
5 36 39 65 66 38
2 36 86
5 67 59 37 26 14
0
1 56
1 26
0
3 53 91 56
1 51
1 57
2 57 35
1 26
2 63 20
4 48 53 71 34
1 15
2 33 71
1 80
4 65 39 43 78
1 80
1 7
1 51
2 62 39
2 29 53
2 65 53
3 4 37 52
2 69 17
1 42
1 66
0
1 22
3 45 62 74
4 15 52 74 14
0
2 48 23
2 30 64
1 46
3 54 73 25
1 28
1 79
0
2 80 88
4 60 63 64 72
3 86 59 32
2 48 52
2 77 40
3 78 63 52
1 55
1 52
4 12 19 59 6
1 61
3 51 40 34
1 45
1 74
1 15
0
3 58 72 50
2 37 49
0
3 49 44 76
2 72 35
1 64
3 50 38 34
2 49 52
3 61 68 35
0
2 78 29
1 47
0
0
2 49 24
2 44 71
1 39
2 76 40
0
1 64
3 54 54 58
0
1 85
0
2 9 75
2 44 60
2 33 48
1 56
3 72 23 69
2 20 75
3 51 68 57
4 47 23 85 82
3 43 77 63
2 30 47
2 52 34
2 43 26
4 50 74 64 48
1 44
0
3 42 35 46
2 37 46
2 40 60
1 29
2 62 32
2 36 89
1 53
3 15 45 64
2 63 75
2 70 65
0
0
3 47 24 36
0
2 55 68
3 66 71 36
1 68
5 27 49 57 17 71
1 73
1 53
3 27 42 54
4 63 49 52 42
4 56 50 23 59
1 58
2 4 35
1 42
1 43
3 62 55 44
0
0
3 68 30 71
3 53 66 72
0
3 72 41 29
2 73 33
1 9
3 35 39 45
2 34 65
1 63
2 65 58
0
4 52 21 40 23
0
0
0
1 35
2 30 96
1 46
2 17 45
1 27
1 58
0
2 37 80
2 48 33
1 86
3 34 44 54
1 0
1 64
2 39 43
4 44 32 81 49
2 95 49
2 40 61
1 63
1 57
1 65
1 29
1 41
1 65
0
0
2 79 61
1 83
3 72 18 44
1 56
1 57
2 81 51
1 71
5 47 31 46 79 54
2 28 89
0
0
1 32
2 89 69
0
1 41
1 71
3 79 16 56
2 54 27
1 53
1 49
2 55 37
3 45 60 70
2 57 54
1 53
0
4 70 55 67 49
1 16
0
1 61
2 5 44
3 65 11 62
5 60 48 58 46 40
1 69
0
1 62
2 41 37
2 70 62
0
2 81 42
0
1 46
1 79
1 62
0
2 42 28
2 93 71
7 59 31 81 26 51 89 33
0
1 18
1 39
1 28
4 58 51 48 49
0
0
3 30 49 37
2 74 55
0
1 57
4 42 65 65 63
2 57 70
1 33
2 72 65
3 50 70 40
0
2 48 20
1 64
1 47
2 77 32
1 70
0
2 32 40
0
0
1 42
4 48 32 55 55
1 22
2 66 69
2 33 11
2 49 49
2 22 72
2 46 45
2 25 49
2 56 21
1 69
1 58
0
1 38
2 25 16
0
1 47
0
0
3 45 39 50
2 44 90
1 52
0
1 56
5 73 72 52 38 55
3 28 79 15
3 64 61 46
0
1 88
3 18 34 84
0
2 35 30
2 21 37
0
4 78 60 81 50
0
1 55
1 67
1 45
3 57 51 91
0
3 47 46 59
3 33 46 22
0
1 69
1 45
2 60 73
1 64
0
2 85 29
1 59
2 59 46
1 17
2 49 48
3 48 68 52
3 53 46 38
2 37 43
1 50
4 53 29 40 51
0
1 48
3 62 68 24
0
1 74
0
0
0
0
0
3 62 28 53
0
1 57
0
3 83 54 34
0
2 21 11
1 57
3 60 27 71
1 44
0
0
0
0
4 66 82 62 58
1 56
3 65 63 50
0
1 49
3 28 46 74
0
1 54
0
3 15 47 28
3 69 73 50
0
2 35 62
1 46
0
0
1 87
1 65
0
0
2 39 68
1 48
3 45 46 37
1 54
0
1 69
3 66 21 61
1 24
3 53 68 45
2 67 26
1 56
1 40
2 54 68
1 44
2 36 51
0
1 69
2 8 64
0
1 25
1 58
2 48 75
3 52 47 51
0
1 52
0
2 31 48
0
0
1 18
0
2 60 43
0
3 62 36 65
2 39 67
3 51 60 62
0
1 52
0
1 60
1 62
4 27 58 81 61
1 59
2 45 46
2 58 31
1 78
0
2 43 46
2 67 77
0
1 40
2 31 77
0
2 61 67
0
3 44 29 67
0
1 32
0
3 21 64 45
2 52 19
2 75 79
0
1 23
2 42 37
1 21
2 26 17
1 30
5 45 29 50 75 43
1 31
1 10
0
1 51
1 62
3 69 52 48
0
1 68
1 71
0
1 40
1 59
2 60 45
1 66
0
5 62 37 66 43 51
0
0
0
2 69 44
0
1 69
0
1 43
1 55
2 66 36
1 71
0
0
1 43
3 51 50 28
0
0
1 83
0
0
0
2 42 50
0
1 37
2 39 69
0
0
2 43 54
1 73
0
2 31 60
1 21
0
1 64
1 81
2 34 51
4 27 77 15 49
2 58 48
4 51 24 49 23
0
1 58
2 40 49
0
1 66
1 26
0
2 41 48
1 22
1 62
0
2 17 48
1 41
1 72
2 75 57
2 64 32
1 42
1 71
1 61
0
0
0
1 64
0
0
1 35
0
0
0
2 60 17
1 55
1 81
2 32 54
2 43 49
1 32
1 22
0
2 41 56
0
2 37 51
2 69 61
0
3 45 16 39
2 55 56
2 64 71
1 76
3 42 66 62
1 51
1 36
0
1 47
0
1 69
0
3 4 70 81
0
1 69
1 39
0
1 68
1 33
2 34 51
0
1 37
1 51
1 40
1 59
0
2 90 90
1 33
0
1 51
0
1 80
0
0
1 61
0
0
0
3 75 20 53
1 24
1 61
1 73
0
1 64
0
2 49 48
4 34 36 53 60
3 72 49 46
0
1 31
1 41
1 86
1 43
1 52
0
2 30 45
0
2 71 28
1 60
0
0
1 58
2 34 40
0
1 62
1 69
0
0
2 46 49
1 56
2 46 29
0
1 29
2 61 60
0
0
0
0
1 54
0
1 18
0
1 48
2 65 37
0
1 82
1 90
0
1 87
2 82 19
1 15
2 43 63
2 55 16
1 9
0
3 42 32 62
0
0
0
0
1 14
0
0
1 52
0
0
0
0
3 42 25 80
2 52 43
1 65
0
0
0
2 54 28
1 37
2 57 58
0
0
1 55
1 34
1 62
1 46
2 46 63
0
3 53 40 25
1 22
0
0
2 88 39
0
3 51 61 35
0
2 8 76
0
1 46
1 23
0
0
1 73
1 79
0
1 8
2 71 54
0
0
1 50
1 73
0
4 28 51 47 58
2 47 58
1 44
1 85
0
1 27
1 78
0
0
0
0
0
1 46
0
1 36
2 48 48
1 14
1 32
0
1 30
2 78 47
0
0
1 83
2 71 34
1 65
0
0
2 36 22
1 23
3 95 76 54
0
0
0
0
2 28 35
0
0
1 45
0
2 80 30
2 31 59
0
2 11 73
1 50
0
0
1 29
0
1 67
0
0
0
0
0
0
0
2 53 55
0
0
0
0
1 45
3 34 46 33
1 46
1 92
0
0
1 68
1 17
1 39
0
2 65 45
0
0
3 46 52 71
1 47
0
0
1 40
0
1 58
1 34
1 46
0
1 78
0
2 50 40
2 34 21
0
1 46
0
0
0
0
1 52
1 45
1 19
1 86
0
1 42
2 25 57
1 37
1 46
0
1 50
0
1 58
1 56
0
1 55
1 45
1 63
1 50
1 41
0
1 64
0
0
0
4 57 80 35 51
0
1 64
2 64 45
0
0
0
0
1 13
1 25
1 63
1 67
0
0
1 27
0
0
1 70
1 77
0
1 36
1 65
1 20
0
0
0
1 64
0
2 71 19
2 22 74
0
1 56
1 72
0
3 18 42 47
1 66
0
1 74
1 36
1 31
1 54
1 64
1 17
1 43
1 79
0
0
0
0
0
2 56 32
0
0
0
0
0
0
1 44
0
0
0
0
0
1 28
0
0
2 45 50
2 51 47
0
0
2 87 83
1 50
2 82 57
0
0
2 55 66
2 39 59
0
1 25
0
0
1 59
0
2 67 46
0
1 75
0
2 37 46
1 51
1 40
0
1 39
2 49 58
0
0
0
0
0
0
0
1 45
0
0
0
0
1 58
1 45
0
1 72
0
1 44
0
2 32 42
0
0
0
0
1 20
1 79
0
0
1 38
0
0
0
0
0
2 21 25
1 54
0
1 52
2 59 31
0
0
1 43
0
1 68
1 74
0
0
0
1 42
2 50 22
0
2 53 76
0
1 28
1 45
0
0
0
1 36
0
0
1 63
0
0
0
1 49
0
1 9
0
0
3 57 59 36
0
2 30 20
1 41
0
2 50 39
2 69 22
0
0
0
0
0
1 57
2 31 60
0
0
1 43
0
1 79
0
1 37
1 69
0
0
0
0
0
0
0
2 32 57
0
0
2 50 23
0
0
0
0
0
1 76
0
0
0
0
0
1 79
0
1 40
0
1 60
0
1 25
0
1 51
0
1 43
0
0
3 42 96 52
0
1 60
0
0
0
1 76
1 31
0
2 45 89
1 81
2 61 28
0
1 37
1 84
2 33 88
0
0
2 26 14
1 21
0
1 66
0
0
1 43
1 51
0
1 32
0
0
1 56
1 41
0
0
0
0
0
1 25
0
2 51 54
0
1 34
0
0
0
0
0
0
2 56 57
1 40
1 59
1 71
0
1 45
0
1 39
1 56
1 53
0
1 52
0
0
0
0
0
0
0
2 73 21
0
0
1 14
0
0
0
0
0
1 51
0
1 48
1 58
0
0
1 48
0
1 78
0
2 32 75
1 15
1 69
0
1 44
0
0
1 66
0
0
1 37
1 24
2 64 63
1 53
1 61
1 38
0
2 76 63
0
0
0
0
2 70 16
0
0
1 32
1 37
0
0
1 40
0
0
0
0
0
2 20 83
