3600 4
0
1 95
1 30
1 48
1 50
3 30 49 37
2 48 61
4 53 67 38 22
3 38 55 64
2 50 67
3 67 79 64
4 36 51 34 32
1 49
2 63 57
2 62 9
1 38
1 62
1 62
0
1 73
3 11 69 48
2 61 50
2 53 39
2 8 62
0
1 67
2 62 23
0
1 63
1 81
1 38
0
4 38 37 49 37
3 31 56 41
1 30
2 22 87
3 67 41 41
3 38 53 40
0
3 9 42 68
2 55 40
4 51 42 53 39
1 93
4 37 86 44 56
1 26
0
4 53 55 50 28
3 42 49 30
1 67
2 39 44
2 50 83
5 68 33 76 70 62
2 63 31
2 44 63
1 33
4 23 47 37 61
1 52
1 24
2 55 25
2 66 64
1 53
0
2 67 39
1 65
1 63
3 2 59 73
3 23 23 23
0
1 37
1 72
3 40 68 56
0
0
3 40 55 29
4 9 49 53 68
1 50
2 70 38
2 30 53
2 30 62
4 11 39 18 73
1 59
0
1 38
2 51 24
2 45 62
2 63 43
1 34
1 18
1 43
0
0
2 55 66
1 51
3 64 47 48
3 39 33 74
0
2 51 69
4 57 61 57 42
2 10 92
2 27 69
1 57
2 30 59
3 25 95 47
1 93
5 29 39 56 35 88
4 34 85 63 14
1 57
1 80
1 45
2 62 49
2 62 36
1 24
0
2 45 41
3 50 44 60
0
2 69 28
0
5 23 23 72 78 26
1 62
3 42 34 85
0
0
1 30
0
1 39
0
3 87 65 69
0
5 14 82 39 72 38
6 70 28 43 55 82 84
3 41 32 37
2 49 54
1 54
1 56
4 79 60 15 95
0
1 63
1 33
1 57
1 29
3 51 50 39
1 50
2 53 40
4 50 68 66 50
3 25 30 49
3 69 24 4
4 62 41 68 43
1 42
2 22 67
2 25 36
0
2 54 47
2 39 20
0
3 60 46 51
3 47 6 43
4 46 51 33 31
1 68
3 36 36 55
1 41
0
0
3 19 43 10
4 26 81 59 27
1 55
2 56 70
2 69 45
5 39 35 61 56 30
3 69 61 36
3 15 66 59
4 58 27 32 80
1 67
0
3 7 94 29
1 47
4 36 46 41 28
2 34 76
0
2 51 48
2 69 11
1 58
1 34
3 73 67 21
1 50
2 43 43
1 53
4 44 77 61 25
4 43 62 61 71
3 83 85 51
1 46
2 64 61
2 59 22
2 53 64
1 61
1 34
2 26 59
4 36 51 75 43
2 17 13
0
3 62 41 3
1 33
0
4 37 63 33 46
4 32 73 51 30
2 49 39
1 39
3 42 17 57
0
2 50 30
1 61
2 27 35
1 30
3 73 33 73
2 82 49
1 73
4 27 65 62 22
4 58 81 35 38
2 40 48
0
3 63 61 9
0
5 42 52 44 48 65
1 57
1 74
2 57 54
4 50 37 57 37
2 54 59
0
0
2 20 66
1 31
4 43 54 66 39
2 44 12
2 79 41
3 44 60 45
0
2 72 53
2 40 50
1 26
4 88 23 71 61
2 48 53
3 52 78 57
3 55 42 48
1 38
2 61 48
1 42
2 48 61
2 42 54
5 80 33 56 39 47
1 47
3 28 58 33
1 49
0
3 42 67 72
3 40 65 52
1 31
1 38
2 45 58
4 25 54 59 35
3 51 55 29
1 60
1 64
0
2 43 36
4 1 59 73 36
7 56 34 43 53 44 10 64
3 42 21 88
3 13 51 69
3 28 54 67
3 86 62 37
3 65 59 57
0
3 21 32 41
0
1 66
0
1 37
3 28 60 46
3 59 53 33
3 29 67 34
2 59 37
1 36
1 64
4 62 50 56 50
0
2 58 44
2 33 37
3 16 44 29
0
3 10 52 46
1 68
4 75 56 37 41
3 35 79 69
2 51 20
2 74 45
1 56
1 63
2 18 41
3 51 72 56
2 54 42
5 37 35 35 36 55
2 71 44
1 56
3 42 69 70
2 61 81
2 55 44
2 63 23
3 60 49 87
2 52 74
0
2 65 24
2 45 24
3 25 88 62
5 58 30 39 64 57
2 61 64
0
3 69 35 32
1 43
1 39
0
4 43 71 66 51
4 44 59 48 24
1 56
2 27 50
3 51 78 57
2 72 71
1 48
1 36
0
3 34 38 38
1 17
1 46
3 14 18 50
0
3 73 33 59
2 29 57
1 55
4 48 76 45 46
2 23 40
3 65 40 28
3 56 59 55
3 55 64 51
1 48
1 60
3 23 55 55
1 75
1 31
0
3 48 32 64
4 57 47 57 46
1 29
4 52 44 71 69
3 40 36 55
1 40
4 37 34 72 33
2 38 10
1 57
0
6 88 52 78 89 60 62
3 44 81 41
4 27 82 31 64
0
5 49 88 84 76 34
3 75 51 16
0
2 47 40
0
5 28 87 52 37 51
1 31
1 45
2 38 65
5 60 46 65 43 52
1 9
3 63 82 59
4 6 59 41 65
3 42 41 53
3 23 49 58
4 34 92 30 54
2 4 72
4 7 56 65 64
3 51 23 75
2 75 53
0
4 42 64 78 51
1 68
1 20
1 57
1 22
4 46 58 45 5
0
2 51 14
2 60 49
3 29 70 46
2 55 51
1 42
2 37 73
3 13 70 91
1 54
2 55 50
7 92 69 40 79 77 36 46
2 52 71
3 58 12 61
2 21 43
1 28
1 49
3 35 87 58
2 53 41
1 46
4 65 76 64 58
3 38 55 49
4 63 20 42 54
2 50 15
2 33 35
1 47
3 33 68 37
3 48 39 67
2 30 33
1 53
1 42
1 27
2 83 50
4 57 66 77 70
1 77
1 60
2 44 61
2 65 44
2 45 50
2 61 32
5 56 78 43 52 65
4 67 19 38 70
3 3 26 25
0
3 71 64 42
3 38 91 46
3 63 39 60
2 36 66
4 37 64 68 60
4 51 59 58 73
3 48 48 73
3 66 33 73
3 32 45 40
3 44 61 8
0
1 54
4 38 44 38 59
4 57 41 38 46
1 15
3 79 31 44
2 68 77
3 53 28 65
2 32 79
3 48 28 1
1 34
3 45 31 44
2 58 65
2 50 51
1 60
3 36 62 16
1 81
3 65 57 47
2 36 58
0
3 65 51 62
2 84 69
2 50 16
5 53 39 53 33 75
1 67
2 46 40
3 56 63 68
3 43 39 32
1 30
3 49 39 63
4 56 40 53 34
3 23 21 53
2 93 46
2 51 38
3 52 71 10
5 53 70 41 43 66
1 50
1 15
4 13 31 0 68
2 44 23
2 67 54
1 66
5 76 95 25 49 59
4 25 27 50 85
2 30 71
3 31 28 32
1 25
6 79 54 69 30 52 35
4 69 58 39 72
0
2 63 33
5 34 54 46 96 32
2 53 38
0
1 37
3 35 62 56
4 76 62 39 72
3 61 50 85
2 76 67
0
2 48 58
1 36
2 60 94
3 55 33 33
0
1 51
2 52 22
2 40 33
4 58 50 33 60
3 48 72 23
1 73
3 43 56 69
4 31 55 32 56
2 37 38
2 35 7
3 38 31 47
2 81 55
1 41
3 24 40 50
0
5 53 22 27 19 53
7 53 10 55 64 76 53 8
3 48 35 70
4 60 53 31 72
0
3 86 64 83
3 45 30 32
4 50 54 43 44
2 62 53
0
2 19 27
2 65 38
2 47 76
2 20 52
1 47
4 76 2 28 37
3 32 34 67
3 61 76 88
5 33 67 26 46 62
1 86
1 63
1 48
1 52
1 86
2 76 61
2 37 27
0
2 61 42
2 53 11
0
2 64 30
1 40
3 72 38 57
5 35 56 48 22 39
1 62
5 45 49 64 59 62
1 0
4 74 73 65 75
2 66 69
3 84 17 41
3 91 26 47
4 79 56 69 48
2 52 35
1 47
1 26
3 41 66 60
2 76 65
2 54 32
2 65 70
3 44 49 78
2 68 82
2 44 61
2 51 46
2 50 12
3 59 95 29
2 89 35
5 61 33 81 52 40
5 56 42 28 20 81
5 55 68 66 40 84
2 69 28
1 51
1 60
1 31
2 58 63
4 44 75 43 12
1 77
2 41 9
1 33
3 39 27 20
2 62 68
0
5 49 48 37 38 79
4 35 28 65 50
1 49
2 49 48
1 11
3 63 41 24
4 33 54 69 42
4 29 36 76 23
3 65 72 54
2 25 97
2 33 36
1 45
1 63
4 49 49 57 72
0
4 70 44 53 32
2 46 15
2 47 57
3 7 69 51
1 52
4 45 35 51 52
2 33 65
5 3 66 41 22 58
4 72 49 61 64
6 55 64 45 31 70 36
1 17
3 67 87 75
2 71 61
2 19 77
1 51
1 45
3 37 27 77
1 27
1 43
2 42 10
4 50 57 63 44
0
4 27 51 48 62
3 66 33 58
4 57 55 67 46
2 55 39
2 52 53
4 66 56 36 52
2 45 51
3 67 41 8
6 33 64 83 45 62 55
2 56 53
2 53 64
3 85 35 48
1 80
4 85 47 62 28
3 29 39 59
3 1 44 6
2 37 37
5 23 16 69 30 46
1 64
0
0
1 44
3 41 8 19
3 51 74 41
2 34 43
1 24
2 13 73
7 59 44 46 67 24 30 41
3 39 60 64
3 47 52 66
1 19
3 37 28 62
2 59 20
2 41 54
3 54 19 15
1 17
4 28 27 62 31
4 37 37 23 55
3 65 59 56
1 60
1 36
2 39 61
3 37 73 69
1 13
1 89
0
3 35 32 46
2 92 48
4 45 40 17 19
5 32 31 66 32 55
3 35 58 27
3 98 61 50
1 43
1 29
2 31 66
0
4 28 30 55 66
3 53 38 77
0
3 48 64 12
1 42
4 46 36 41 70
2 43 59
6 25 80 100 16 54 18
4 62 76 49 78
3 62 92 20
3 42 78 63
1 79
5 57 50 50 60 39
4 45 95 50 81
0
0
1 52
1 23
4 43 51 76 25
3 61 52 65
2 66 53
6 59 16 85 79 73 44
3 48 33 49
0
3 54 61 76
4 43 70 13 38
2 24 81
1 59
3 26 76 46
4 71 48 75 100
2 31 68
0
1 49
2 26 49
5 56 27 64 78 12
5 21 57 52 28 78
4 66 43 47 57
3 24 62 58
3 38 92 62
1 32
4 18 29 22 43
2 66 45
3 42 68 37
1 59
0
2 37 64
2 69 15
3 63 62 33
8 78 39 39 83 23 58 94 65
3 45 62 28
1 35
4 59 27 68 52
2 58 50
5 23 51 77 52 80
0
1 55
2 92 76
3 69 41 99
4 43 59 19 55
2 34 74
1 87
3 53 37 39
2 64 24
1 21
4 83 52 50 46
3 79 47 54
2 94 37
3 43 62 59
3 48 30 61
3 68 50 48
4 25 21 17 29
1 66
2 71 57
4 34 60 53 71
4 60 72 62 52
0
1 39
2 55 64
4 51 40 40 24
0
2 33 34
2 42 55
4 43 29 67 65
0
4 22 57 78 64
2 18 15
2 76 81
6 52 35 30 78 40 52
2 26 48
4 35 35 53 75
4 24 57 51 20
1 49
5 42 47 45 48 63
3 54 67 30
1 56
3 1 41 56
2 63 55
1 51
5 62 59 63 33 47
1 22
3 47 10 75
2 51 47
2 48 16
3 40 38 59
1 39
7 41 66 14 49 20 44 41
2 4 24
1 65
2 34 35
0
3 35 36 46
2 61 58
1 53
5 25 29 75 45 27
2 50 75
2 27 70
3 35 55 57
4 24 36 66 69
3 63 52 31
4 55 79 63 64
4 76 49 42 58
0
1 58
0
2 36 51
5 24 67 37 56 27
1 70
1 54
1 46
3 69 29 75
0
3 98 14 66
2 35 73
5 80 75 49 30 54
3 17 29 19
3 57 64 59
6 87 54 52 27 59 64
1 60
3 39 66 69
3 52 32 73
1 46
3 61 83 10
2 41 25
1 39
5 29 76 46 46 41
3 23 15 16
1 62
2 62 77
5 49 49 67 46 72
3 46 44 16
3 47 32 70
3 24 38 66
1 43
3 50 30 32
4 97 50 70 50
2 63 49
3 44 44 73
3 33 90 53
1 69
0
2 51 43
0
2 44 53
3 55 33 35
3 27 40 84
3 68 79 31
2 51 79
3 50 63 38
2 48 38
4 44 35 52 53
4 46 61 37 49
5 67 59 35 50 47
5 43 40 37 81 32
2 52 76
2 80 33
4 7 44 37 58
3 81 49 80
2 39 56
4 41 59 66 54
3 80 37 44
0
0
3 58 51 32
1 51
0
3 44 59 39
2 48 13
3 51 36 42
3 35 79 32
3 47 61 2
4 41 46 76 30
1 46
3 29 80 53
4 44 61 26 32
6 51 46 36 58 64 80
0
3 91 62 58
2 71 56
2 61 49
5 22 63 58 51 77
0
4 50 55 48 59
2 47 10
4 28 53 57 66
2 48 63
2 50 70
2 17 53
2 37 54
4 58 55 52 57
1 93
0
1 59
3 45 44 64
3 65 54 83
2 42 43
6 53 56 36 49 64 60
3 55 91 42
0
0
6 28 47 98 72 38 58
2 45 36
3 56 66 9
1 87
2 18 64
0
3 28 85 62
5 22 73 42 48 72
5 18 13 31 17 50
4 72 49 49 52
3 40 84 63
0
1 50
2 46 46
1 45
2 70 36
0
6 25 53 35 52 47 31
4 33 46 52 50
2 22 41
2 34 35
3 38 66 41
2 2 59
2 73 19
4 72 59 27 29
1 13
5 56 38 58 39 77
2 16 48
0
3 78 15 21
1 84
2 78 72
2 66 53
5 62 25 22 38 46
4 49 5 67 37
3 37 46 65
2 86 24
2 53 47
0
1 56
4 82 38 19 75
1 64
2 21 46
3 8 34 76
4 65 39 30 22
3 55 54 43
1 66
2 69 55
3 62 38 53
1 49
5 28 40 53 21 32
1 41
3 59 38 80
1 35
1 86
1 68
2 73 41
3 29 28 42
2 71 44
1 32
1 42
4 75 33 34 64
3 24 93 32
2 48 58
3 21 53 72
4 44 79 47 63
5 10 60 24 59 54
0
3 71 71 40
2 72 2
0
3 26 49 57
1 65
6 35 38 33 56 50 30
1 75
2 43 40
3 46 56 22
2 44 74
2 47 37
4 67 64 47 34
3 81 80 7
4 37 40 44 27
2 65 15
4 26 21 36 34
1 47
2 85 39
5 65 47 21 68 74
2 27 33
1 44
3 46 42 51
1 77
1 38
4 41 65 51 31
3 48 61 78
1 96
3 29 77 30
2 52 59
1 40
3 29 51 79
2 55 31
4 67 73 35 62
7 76 55 30 68 59 31 86
4 40 51 43 31
4 53 42 25 72
6 46 59 51 29 26 60
2 49 24
3 31 39 52
3 64 31 62
1 47
3 27 44 74
1 56
4 46 68 37 70
2 56 61
1 41
0
2 42 94
4 31 35 33 4
3 45 34 31
1 61
1 16
0
2 66 69
4 44 63 33 62
1 20
2 35 59
2 63 71
1 24
4 82 33 35 65
5 33 48 51 51 63
2 29 72
4 87 51 35 25
1 54
2 73 50
2 66 66
1 19
3 68 43 36
5 35 91 57 60 66
2 44 59
4 26 70 62 39
2 47 46
2 44 29
1 39
1 52
3 82 42 70
0
2 40 32
1 32
2 62 51
3 69 25 53
5 62 60 38 55 70
2 33 29
4 46 58 15 76
1 56
1 39
1 28
1 25
3 44 36 89
3 54 56 53
2 33 44
3 56 58 35
4 30 53 58 60
2 23 25
4 56 61 81 33
2 48 72
1 28
3 48 56 39
4 77 40 40 48
1 66
1 33
5 60 51 26 56 20
3 72 59 58
0
2 63 47
4 91 86 54 50
3 36 49 67
0
4 76 55 59 33
2 48 69
2 19 5
3 90 22 55
4 59 54 44 58
0
2 51 70
1 0
4 51 22 45 57
3 48 42 67
1 52
3 45 40 32
6 64 76 38 84 31 64
1 71
5 41 48 17 17 50
2 68 37
2 63 37
2 51 49
0
2 72 41
0
5 56 87 26 46 44
3 52 31 74
1 40
3 32 41 66
1 53
0
3 66 53 50
3 60 6 38
1 74
2 59 61
2 66 54
4 62 81 21 66
2 52 88
4 43 51 40 51
0
3 58 36 18
2 70 71
1 59
2 54 23
3 82 53 71
6 49 20 29 21 54 42
1 34
3 44 57 54
2 22 60
3 78 3 60
4 39 38 55 40
3 42 54 50
1 89
2 17 29
1 58
4 55 42 49 50
0
4 29 39 64 87
2 76 72
4 81 37 66 71
2 60 51
6 42 44 65 52 89 52
2 54 43
3 76 66 55
1 56
2 28 56
4 28 86 62 59
1 73
2 25 40
1 70
3 20 81 42
3 64 49 44
1 23
1 16
3 74 71 52
1 40
2 61 67
5 39 52 36 58 62
1 18
4 60 66 43 63
2 83 41
2 38 79
4 58 42 55 88
2 62 51
1 72
0
1 35
3 50 24 28
4 77 44 65 29
2 73 68
0
3 29 34 31
0
1 43
4 41 58 22 20
4 56 25 94 59
5 62 16 73 79 66
1 42
1 74
3 86 41 46
3 58 61 61
4 72 68 21 56
2 88 26
3 73 70 30
3 35 53 39
3 34 60 43
2 54 41
3 24 45 10
2 60 44
2 45 40
2 18 76
0
2 46 42
2 64 49
5 64 19 29 65 74
1 24
1 29
5 54 30 47 53 53
4 72 32 21 54
2 70 66
2 30 47
2 48 35
1 57
1 70
1 64
1 74
4 43 59 71 37
4 22 73 50 39
5 35 78 94 61 57
0
2 44 23
2 57 34
2 40 39
1 34
0
1 53
6 25 48 64 56 21 72
1 48
1 26
3 44 56 57
2 67 83
1 56
2 35 45
2 25 35
1 45
1 48
2 49 7
2 72 67
5 35 60 58 27 34
1 98
2 50 62
4 43 16 44 47
2 50 53
2 63 44
1 58
5 46 49 38 54 14
8 80 67 63 37 55 47 62 64
2 37 47
4 48 25 66 54
1 63
2 55 47
2 88 33
1 65
2 19 63
1 62
3 47 68 65
2 9 73
0
2 19 37
0
4 79 3 63 47
4 27 39 15 22
1 65
2 27 77
1 39
5 52 72 34 32 38
1 55
3 35 53 51
4 71 13 41 51
3 29 32 26
2 4 46
3 61 24 58
2 14 49
1 62
0
1 31
2 54 46
3 85 32 21
1 65
5 38 1 51 43 26
1 25
5 23 41 71 7 46
3 17 76 72
1 65
2 18 62
1 98
3 51 33 51
2 65 38
3 36 66 43
4 33 35 69 64
1 78
3 66 51 50
2 75 71
1 73
1 38
2 61 31
4 70 14 33 28
2 76 36
2 60 75
3 44 68 42
4 70 49 34 36
0
2 67 26
5 52 53 44 67 70
2 64 73
0
2 76 57
2 47 50
3 47 60 43
1 59
0
3 39 83 50
5 8 72 40 43 92
1 53
1 50
2 23 77
3 69 74 3
2 37 67
3 48 57 59
2 54 90
1 73
3 53 46 30
2 55 28
0
0
1 2
3 50 16 50
0
3 20 7 67
3 43 49 57
0
3 60 12 39
2 33 42
2 12 44
3 84 32 51
1 59
3 55 52 58
1 35
3 62 21 10
0
4 48 77 43 55
2 60 72
3 38 74 53
2 19 64
2 55 58
1 21
3 56 14 75
2 78 22
4 76 45 67 39
0
1 21
3 56 46 16
2 76 26
0
3 63 97 55
2 23 34
1 18
3 51 60 33
1 61
3 67 30 39
3 60 62 33
2 59 46
3 49 40 37
1 46
2 64 26
1 60
2 45 43
3 44 47 51
7 80 24 37 46 29 10 40
1 61
0
2 50 69
3 87 89 14
2 38 63
2 48 48
0
4 72 51 24 32
1 49
4 32 80 74 72
2 80 59
2 40 58
1 97
0
7 39 60 68 32 63 62 27
3 52 59 36
2 83 49
2 52 20
1 73
2 69 66
2 40 47
0
1 64
2 30 25
1 89
0
2 43 57
2 69 41
1 50
6 37 32 69 13 71 66
1 62
3 64 57 72
4 22 18 57 63
1 57
3 32 81 54
1 49
5 37 35 31 14 45
2 22 45
2 72 64
3 44 55 64
0
5 64 14 59 38 48
0
2 47 59
4 51 74 60 54
4 36 37 52 57
3 46 56 51
2 33 46
3 38 19 47
3 46 9 36
2 22 62
0
1 61
2 51 48
4 79 15 46 47
3 29 26 91
2 54 44
1 47
0
3 42 18 32
1 42
2 62 60
1 63
0
3 63 37 54
1 53
3 9 38 46
1 63
2 47 74
1 55
2 54 25
2 33 36
2 69 76
2 60 6
1 6
5 18 46 14 76 33
1 37
2 45 26
1 32
3 53 47 23
1 18
2 45 47
3 60 98 92
0
0
6 55 15 54 42 34 50
1 46
0
4 48 76 51 45
4 61 55 35 34
2 46 45
0
0
2 33 40
0
1 60
1 47
1 21
0
5 28 22 45 75 55
2 19 12
1 64
3 59 36 67
0
2 22 16
3 44 34 38
3 35 50 89
3 55 85 51
0
1 38
1 53
5 70 50 60 48 15
1 67
2 28 70
0
3 53 71 60
1 74
3 34 43 56
1 45
1 49
3 50 38 31
2 14 48
2 59 47
3 31 58 65
2 30 92
2 42 61
1 90
1 64
3 56 11 23
1 20
1 60
0
3 66 45 53
2 23 44
4 65 43 18 73
3 54 59 35
2 68 34
5 53 52 31 57 29
2 58 29
2 40 38
0
3 76 57 64
3 84 74 10
3 47 40 48
0
2 37 45
3 37 38 38
4 56 42 24 51
3 52 33 52
1 38
2 31 76
1 38
0
0
1 44
1 63
0
4 47 14 49 53
1 78
1 46
2 73 81
2 20 37
1 30
2 35 48
1 62
1 33
1 84
2 46 65
0
2 64 79
2 37 42
2 74 73
2 55 68
2 17 64
3 72 94 53
0
3 44 67 57
0
5 63 46 60 48 67
4 69 47 73 53
3 0 60 76
0
2 28 27
2 62 55
2 70 33
1 37
4 21 28 62 35
1 75
2 74 65
1 58
1 46
1 47
2 65 55
1 70
1 78
2 28 51
3 8 19 66
0
1 84
1 43
2 82 63
1 39
3 45 54 36
4 69 33 19 34
3 12 27 19
1 33
4 36 47 47 28
2 18 60
3 65 58 41
0
1 29
3 15 36 38
2 30 51
2 32 21
4 19 17 67 51
2 96 25
1 84
1 31
1 48
1 82
0
2 53 50
0
2 30 48
4 19 44 34 45
2 64 66
2 70 43
2 62 51
1 46
1 64
1 49
3 75 13 12
0
4 43 54 53 74
0
1 63
1 50
4 78 62 61 22
1 31
1 48
1 37
1 48
4 32 67 62 46
2 63 45
1 42
1 30
2 69 45
1 33
3 82 50 76
4 75 55 50 32
3 79 42 41
2 39 94
1 31
3 38 76 67
2 45 63
1 59
2 58 45
1 91
2 42 46
0
1 69
2 62 61
0
3 64 35 63
3 78 42 63
1 80
1 51
2 73 63
2 67 50
1 9
0
1 33
1 33
1 63
0
4 75 48 34 74
2 74 26
1 13
2 23 50
0
0
3 36 44 39
2 26 88
0
0
1 58
2 60 46
0
4 44 93 65 56
2 41 41
0
0
2 40 51
0
1 39
1 4
3 43 47 45
2 71 39
0
5 71 72 28 21 57
0
2 42 20
0
1 86
1 52
2 39 46
2 57 45
2 32 41
5 68 60 52 80 84
2 70 31
1 44
3 34 43 52
1 61
2 32 26
0
1 46
1 75
2 31 57
3 21 52 43
1 88
0
3 52 62 57
1 33
1 65
0
2 49 43
3 40 72 74
2 77 50
0
3 63 74 20
3 70 56 62
0
2 68 45
1 22
2 44 74
2 41 77
5 33 39 26 84 62
1 70
4 45 46 16 1
2 29 27
3 56 70 54
1 81
2 69 76
1 12
3 44 48 48
1 51
1 53
1 63
0
2 78 38
2 18 59
2 59 44
2 60 44
2 47 28
0
2 79 46
2 69 40
0
0
0
3 61 75 39
2 68 50
1 34
0
1 55
2 57 65
2 84 55
0
0
2 51 17
2 32 48
2 4 83
1 50
1 52
1 75
0
2 43 57
2 86 23
3 76 40 24
3 59 57 42
0
0
0
1 25
0
0
4 56 57 67 46
2 41 48
2 68 45
0
0
0
0
2 34 55
1 30
1 46
1 40
2 66 56
2 81 96
1 18
1 39
1 65
1 31
5 89 81 38 47 47
2 48 49
2 24 94
1 56
6 35 54 16 67 23 26
0
1 57
3 35 45 44
2 48 60
3 47 32 32
0
2 86 46
0
1 46
2 57 49
3 42 20 44
1 21
3 40 32 67
0
0
3 84 38 50
0
0
0
1 88
2 55 14
0
1 70
0
3 30 88 35
1 58
0
3 61 73 17
0
3 57 39 43
2 31 38
1 37
3 57 41 51
2 43 44
2 42 63
1 13
1 58
2 32 82
0
2 71 16
3 40 50 30
0
1 61
1 43
0
2 62 27
1 57
1 25
2 47 19
1 64
1 42
2 61 4
1 70
0
0
0
0
4 70 46 86 41
3 50 61 44
1 27
1 75
1 22
1 54
1 14
1 78
0
1 35
1 74
1 82
0
2 25 66
2 52 40
1 10
0
1 59
2 75 58
3 26 63 28
5 17 19 73 64 56
1 64
0
3 61 29 86
6 69 56 8 50 73 51
0
0
1 60
1 75
2 65 71
0
3 62 45 79
0
0
2 45 60
2 67 50
0
1 49
2 41 97
0
0
1 55
1 68
1 47
1 48
0
0
3 30 66 73
0
3 60 51 25
1 61
1 47
2 79 63
0
2 44 65
0
0
0
2 62 59
0
1 44
1 57
1 30
1 32
1 16
2 58 63
3 70 49 18
0
2 51 41
2 32 29
2 63 44
0
0
3 84 31 67
1 50
2 23 36
1 60
3 60 68 46
0
1 50
0
1 9
1 72
2 87 45
0
1 44
4 42 71 43 50
1 74
3 35 44 30
4 61 53 65 60
1 23
1 21
1 28
1 28
0
1 34
2 77 53
0
0
2 55 70
0
2 62 47
1 55
2 65 62
1 67
0
1 55
1 46
2 34 76
1 42
0
1 25
0
1 52
1 22
2 65 48
1 30
2 63 57
4 40 59 58 24
0
1 48
2 55 68
0
0
3 75 84 61
0
0
1 48
1 64
1 61
0
0
1 27
2 25 55
0
0
1 36
0
2 60 55
2 59 68
2 64 48
2 37 46
0
2 41 51
2 76 43
1 39
0
1 69
3 25 80 71
1 56
0
1 44
3 95 35 31
2 75 22
1 55
0
0
1 65
4 65 62 15 36
0
1 47
2 30 48
2 26 53
0
3 38 42 30
0
1 65
1 74
2 53 62
0
1 42
0
0
0
1 25
0
3 70 85 31
2 61 54
1 54
1 45
0
0
3 61 69 65
0
2 62 66
0
2 18 52
1 65
0
2 32 43
1 36
0
1 73
2 49 40
1 34
1 98
0
0
0
0
0
1 60
0
1 66
3 31 46 63
0
0
0
2 27 48
2 39 54
2 79 36
0
0
1 76
3 53 32 11
0
1 51
0
1 42
0
0
2 79 47
3 37 55 27
0
0
0
0
2 42 52
3 38 15 68
2 52 48
0
0
1 75
1 70
1 45
1 47
1 37
2 80 73
1 61
4 48 77 45 52
1 54
1 64
1 49
0
0
1 62
0
1 37
1 67
1 99
2 38 75
1 69
2 63 51
1 72
0
1 61
1 91
2 76 67
2 68 64
1 16
1 76
1 29
0
0
1 26
1 50
1 93
1 44
1 91
1 47
1 32
0
2 59 82
0
0
1 40
0
1 18
0
0
1 16
0
1 47
0
0
0
0
1 70
0
0
2 36 43
0
2 80 26
2 55 35
2 50 54
0
0
2 51 41
2 9 49
1 72
0
0
1 73
2 35 72
0
1 60
1 26
0
2 44 83
1 61
0
1 77
0
1 76
1 52
0
0
0
3 52 56 52
0
0
2 29 81
0
2 58 34
0
2 43 42
0
1 28
1 60
1 50
2 60 59
0
0
3 0 47 31
1 86
0
0
0
1 43
1 63
0
0
2 13 53
0
1 57
1 46
0
0
0
1 50
1 22
1 25
0
2 49 75
1 37
0
1 76
1 46
0
1 80
0
1 78
0
0
0
0
2 40 42
1 33
2 72 51
3 49 53 58
2 56 73
0
0
0
2 86 41
2 34 74
1 58
2 49 73
1 12
0
0
0
0
2 36 57
1 52
2 38 40
0
0
1 56
2 57 91
0
1 71
1 65
2 45 58
1 69
0
2 27 59
0
1 37
0
1 60
0
0
1 39
1 76
0
0
0
1 81
0
0
1 46
0
0
0
1 32
0
0
0
0
1 42
1 66
0
1 49
0
3 40 49 34
1 47
2 22 79
1 65
1 34
3 37 46 58
0
1 18
3 59 57 78
1 63
0
1 71
1 8
0
0
1 65
1 57
1 40
0
0
0
0
0
0
3 33 11 71
0
0
1 35
0
0
0
1 66
0
1 15
2 70 68
3 39 70 40
0
3 48 52 51
0
1 70
1 27
1 12
0
1 51
1 76
0
0
1 42
1 64
0
0
0
0
1 39
0
0
1 48
0
1 54
0
1 65
1 74
0
0
1 45
0
0
2 59 19
0
0
1 54
0
1 61
0
1 30
0
0
0
2 49 32
0
3 14 50 35
0
0
1 42
0
0
1 40
2 46 28
0
2 58 42
1 65
1 54
1 53
2 49 20
0
0
0
1 42
1 28
1 23
1 55
0
1 48
0
0
1 49
3 40 58 35
1 63
0
1 13
1 61
0
0
0
0
2 51 60
1 47
0
0
0
2 31 36
0
0
0
1 53
0
0
2 86 56
0
0
0
1 82
0
0
0
0
1 79
1 20
1 52
0
0
1 32
0
0
1 28
2 67 88
0
0
2 16 71
0
1 67
2 29 32
0
0
1 47
0
1 20
0
0
1 47
0
1 22
1 27
0
0
1 63
1 75
1 49
1 47
1 50
0
0
1 24
0
0
2 86 60
3 37 51 38
1 74
1 16
0
1 31
0
0
0
0
0
0
0
1 74
0
0
0
0
1 60
2 50 32
1 38
0
0
0
1 59
0
1 31
0
0
0
0
1 48
0
1 79
2 41 35
1 74
0
0
0
0
0
0
1 79
0
1 60
1 46
0
2 46 59
1 52
0
0
0
1 74
0
1 26
0
0
0
0
1 54
0
1 67
1 16
1 41
1 59
0
1 68
0
2 44 75
0
0
0
0
0
1 78
0
0
2 56 65
0
3 39 71 53
1 29
1 44
0
1 72
0
0
0
0
0
0
0
0
2 44 60
0
1 49
1 77
0
2 58 57
0
0
1 90
0
0
1 44
1 41
1 58
1 58
0
0
0
0
1 56
0
0
0
2 40 65
0
1 64
0
1 47
2 59 75
1 42
0
1 70
1 69
0
0
0
1 45
1 60
0
1 46
1 61
0
0
0
2 42 68
1 35
0
1 35
0
0
1 19
1 37
0
0
0
0
0
0
0
1 41
1 55
0
0
1 42
0
2 58 79
0
0
0
1 59
0
0
0
0
0
1 69
1 42
0
0
0
1 29
0
0
0
2 5 41
2 73 26
0
0
0
2 91 11
1 46
2 81 55
0
0
0
0
1 75
1 85
0
0
0
1 41
0
1 59
1 50
0
0
0
0
1 32
0
1 61
1 26
0
0
0
1 20
0
1 72
1 53
0
2 48 66
0
1 49
0
1 26
1 80
1 56
1 4
2 60 70
0
0
1 54
0
0
0
0
1 35
0
1 46
2 85 51
0
1 63
1 46
0
0
2 69 56
0
0
0
0
2 77 25
1 41
0
1 45
1 72
1 55
0
0
0
0
2 32 57
0
0
0
0
0
2 50 53
1 41
0
2 46 67
1 75
0
2 53 30
0
0
1 39
0
1 57
1 32
0
0
0
0
0
0
0
0
0
1 37
1 43
1 21
1 69
0
0
1 68
0
0
0
0
1 92
1 76
0
0
0
2 31 47
1 46
2 45 46
0
2 32 44
0
0
1 23
0
1 28
2 67 37
0
0
1 22
0
0
0
1 41
1 49
1 57
1 9
0
0
0
0
0
0
1 32
0
0
1 4
1 27
0
2 47 81
0
0
0
1 37
0
1 57
2 63 63
0
1 44
1 54
1 28
1 30
0
0
0
0
0
0
0
0
0
2 37 75
0
0
1 37
0
1 72
0
1 47
3 21 47 46
0
1 54
0
0
0
1 90
0
1 12
2 60 58
0
3 50 50 32
0
0
0
2 27 37
0
1 63
0
1 65
2 76 64
0
1 57
1 24
0
1 82
1 32
0
2 32 25
0
0
0
0
0
2 47 71
1 42
0
0
1 79
1 54
0
0
0
0
0
0
1 25
1 55
0
1 55
0
1 91
1 64
0
1 19
0
0
2 57 72
0
0
0
1 61
1 43
1 29
0
0
2 33 5
1 33
0
1 29
2 57 76
2 79 30
0
0
0
0
0
1 47
0
1 80
1 41
0
1 57
0
0
2 41 67
0
0
0
0
1 25
1 53
0
0
0
1 51
1 64
1 61
0
2 10 56
0
1 32
0
0
1 52
0
0
1 33
2 70 64
2 18 36
0
0
0
0
2 64 54
1 38
1 67
2 45 29
0
2 91 41
1 29
0
1 66
0
1 37
0
0
0
0
0
1 35
1 48
1 50
0
1 45
1 45
1 49
2 34 55
0
0
1 59
0
0
0
3 38 48 78
1 54
0
0
1 47
1 56
0
1 30
0
0
0
0
1 38
1 34
0
1 51
1 41
1 42
1 56
1 62
3 3 22 29
0
0
1 94
0
0
1 58
0
1 18
1 48
1 45
1 50
0
2 28 34
1 38
0
0
0
1 5
0
0
0
1 41
2 70 49
1 50
1 42
0
1 82
1 37
0
1 36
1 59
3 54 49 29
1 23
1 64
1 50
0
1 65
0
0
1 60
1 76
0
0
1 72
0
1 35
2 52 64
0
1 29
0
1 67
1 28
1 69
0
0
1 92
2 46 6
0
1 52
0
0
1 66
1 60
0
2 75 6
2 39 2
3 74 48 84
0
0
0
1 42
0
1 33
0
1 51
1 52
2 37 5
0
0
0
0
0
1 72
3 32 29 49
0
0
0
0
2 59 40
1 74
1 25
2 35 79
1 64
1 62
1 28
1 64
0
0
2 25 57
0
1 88
2 42 67
0
1 33
1 58
0
1 45
0
0
0
1 25
2 43 51
3 72 44 83
1 89
2 38 63
1 42
0
0
1 42
1 69
0
2 76 24
1 41
1 42
1 36
0
1 44
2 42 62
0
0
1 68
0
0
0
1 38
1 40
0
3 83 38 26
1 79
1 62
1 11
1 57
2 34 77
1 64
0
1 70
1 67
0
0
0
0
0
1 48
2 94 51
0
1 54
0
1 77
1 43
1 45
1 87
3 45 62 29
1 59
1 63
2 84 44
0
3 58 88 83
0
0
0
1 44
0
1 50
0
1 81
0
1 44
1 34
1 31
0
2 50 53
2 44 43
1 64
0
1 20
1 81
2 58 100
0
1 57
0
2 51 50
1 72
1 45
0
2 75 56
2 47 51
0
1 47
1 66
0
0
1 84
1 63
0
2 53 51
1 49
0
1 44
1 43
3 63 57 98
0
3 83 44 76
1 0
1 59
1 85
0
1 59
0
0
2 72 56
1 48
1 60
0
4 71 24 54 27
0
0
2 51 51
2 86 75
0
0
1 9
2 43 78
0
4 1 31 73 16
1 57
0
1 32
0
1 68
2 53 80
1 38
3 66 76 7
0
2 50 32
0
0
1 41
0
0
0
0
1 36
2 52 81
2 46 48
1 79
0
0
0
0
0
3 47 63 69
3 81 72 81
0
1 72
3 78 27 63
1 31
0
2 34 44
0
1 1
1 52
0
2 43 78
0
2 71 40
1 36
4 77 52 45 40
2 39 81
1 58
2 28 13
2 68 52
0
0
2 29 61
1 52
1 36
1 58
0
0
1 45
1 55
0
0
1 40
1 52
0
0
0
1 36
2 50 67
1 16
0
2 71 48
1 55
0
1 60
3 56 48 75
0
1 83
2 81 63
2 89 37
1 48
0
1 62
4 81 41 59 40
0
1 27
0
0
2 68 66
0
1 49
1 58
2 66 29
2 74 9
0
1 73
0
2 14 46
2 49 35
0
2 51 44
2 68 61
1 74
1 49
1 75
1 3
0
2 33 44
1 56
3 82 48 41
2 56 31
3 7 51 77
1 13
1 75
1 67
0
1 38
0
2 46 33
1 79
0
2 26 82
2 20 52
2 40 25
1 44
0
2 27 37
0
0
1 41
2 48 56
3 56 72 51
2 39 43
1 58
2 18 47
0
1 58
4 78 45 21 61
0
1 71
1 34
0
0
0
2 68 84
0
0
1 61
2 65 54
3 33 24 9
3 55 45 69
2 51 81
0
4 28 48 52 18
3 62 54 71
0
2 76 64
3 61 33 58
0
0
0
0
0
2 43 40
0
2 87 43
0
1 72
3 14 70 37
1 72
1 59
0
2 75 59
1 48
3 62 38 86
2 58 59
0
2 71 35
2 67 11
3 26 47 34
2 38 72
1 61
2 42 77
0
1 42
4 41 66 27 82
1 80
0
0
0
3 60 53 49
1 48
0
0
1 46
2 20 40
0
0
0
4 68 16 36 25
0
1 59
1 70
2 33 48
2 48 61
3 79 49 57
0
3 92 41 72
3 33 59 24
2 84 30
3 30 73 59
2 52 46
1 39
1 31
2 32 49
2 61 66
1 58
1 24
0
0
0
5 49 41 46 45 21
0
0
0
0
1 50
1 32
1 64
3 64 60 74
1 89
2 58 48
2 51 68
0
0
0
1 21
1 51
0
2 58 41
1 67
2 61 28
1 82
2 68 13
0
0
1 30
4 63 54 76 50
3 39 42 34
0
2 55 34
4 44 42 67 55
1 50
0
2 88 49
1 74
1 63
0
3 44 67 34
0
1 44
0
0
2 58 18
1 36
0
1 15
4 75 48 40 40
0
0
5 36 66 77 70 44
4 26 28 48 48
1 72
2 13 68
0
1 15
0
2 62 32
1 3
2 59 7
2 52 73
1 51
0
1 89
1 32
4 44 40 23 43
4 73 50 44 23
2 21 65
2 80 51
3 87 67 47
1 90
2 74 37
2 52 59
1 49
1 72
1 30
0
2 34 59
1 77
0
1 64
2 23 48
2 38 25
1 69
2 41 46
2 66 87
0
3 69 58 46
2 69 47
1 47
2 62 21
1 63
3 27 70 55
2 32 37
1 45
0
2 32 51
1 37
1 36
2 34 38
2 36 42
3 32 16 69
0
2 35 56
2 57 39
2 41 24
1 11
1 43
1 19
1 49
0
1 7
4 77 87 42 70
1 2
2 62 12
1 49
0
3 16 56 57
4 25 31 73 27
2 51 20
1 45
2 37 83
2 29 3
2 66 58
3 54 61 13
0
2 79 29
1 68
2 66 37
2 62 61
2 20 70
2 35 47
1 28
1 78
2 62 56
1 36
2 46 54
1 39
1 68
1 54
1 73
2 54 34
3 64 49 65
4 49 47 51 62
1 58
1 83
1 32
1 55
2 46 87
2 95 62
0
3 99 55 41
1 55
2 61 14
4 45 54 31 46
1 82
1 65
2 67 36
0
2 15 23
1 56
2 7 48
1 46
3 69 36 50
1 17
1 47
0
2 45 39
2 41 44
1 41
0
3 65 51 35
2 69 51
2 58 66
1 23
2 68 78
1 36
3 79 71 0
2 66 35
1 75
2 45 46
1 39
2 71 36
2 46 47
2 10 62
1 11
0
1 44
1 79
4 34 49 53 40
0
0
2 58 40
2 79 48
2 53 44
0
2 19 41
1 33
3 63 23 39
1 12
2 39 60
2 65 30
