3600 4
1 56
0
0
0
1 64
0
0
1 33
2 33 75
0
0
1 3
0
2 49 31
1 84
0
0
1 63
1 37
1 78
0
2 59 54
0
0
0
0
0
1 28
1 38
1 9
0
1 41
0
3 76 52 67
1 51
2 64 52
1 43
1 85
0
1 56
1 54
0
0
0
0
0
1 30
0
1 14
0
1 54
1 42
0
1 40
0
2 38 29
0
0
0
1 87
1 23
0
0
1 9
0
0
1 67
0
0
2 76 48
3 19 84 53
0
0
2 52 54
1 34
1 51
0
0
0
0
1 30
2 9 58
1 25
1 33
0
0
0
1 39
0
0
1 67
0
2 37 52
0
0
0
3 80 77 68
1 21
0
0
3 48 66 62
0
1 79
0
0
0
0
2 21 57
0
1 54
2 98 9
0
1 62
0
1 80
1 21
0
1 74
2 9 46
1 48
0
1 42
0
0
0
0
1 51
0
0
1 30
1 51
0
0
0
0
1 35
0
0
1 47
1 30
1 18
1 77
0
0
1 47
0
4 30 31 77 29
0
0
0
0
1 62
1 54
0
2 36 50
0
0
2 10 60
0
0
0
0
0
0
1 62
0
1 50
2 60 43
0
3 68 54 38
0
1 67
1 56
0
1 85
1 67
0
1 69
0
1 57
1 55
0
0
0
1 52
1 61
0
0
0
0
0
0
1 38
0
2 80 45
1 37
1 57
0
0
2 79 27
0
0
0
1 75
0
2 67 80
0
0
0
0
2 20 41
0
0
1 41
0
0
0
1 27
0
3 21 88 72
0
0
0
0
0
1 42
2 63 34
0
2 10 81
1 54
0
1 31
0
1 11
0
0
1 13
1 51
0
0
0
1 35
2 38 47
1 36
0
0
0
0
0
1 84
2 65 60
0
0
0
0
0
0
0
1 69
0
1 54
2 61 62
1 68
1 78
0
1 66
2 40 45
0
0
0
0
2 27 62
1 9
0
0
0
0
0
0
0
0
0
1 49
0
0
0
0
0
0
2 49 33
1 85
0
0
0
0
0
0
0
0
0
0
1 16
0
4 41 53 40 61
2 59 75
0
2 70 32
0
0
1 77
0
0
1 91
2 38 60
0
0
0
1 67
1 61
0
0
1 37
0
0
0
0
1 29
2 54 85
1 65
0
1 48
0
3 31 40 13
1 39
0
3 87 71 50
0
0
0
0
1 67
0
0
1 95
0
0
1 60
0
0
0
1 6
1 43
0
0
1 67
0
0
1 58
2 42 73
0
0
0
1 18
0
1 45
1 63
1 80
0
0
2 26 18
0
1 38
0
0
1 41
0
1 88
0
1 69
1 75
0
1 35
0
0
1 53
0
0
0
2 84 44
0
2 40 49
0
0
1 72
0
0
2 25 52
1 25
1 79
0
0
0
3 67 53 19
0
0
0
0
0
0
0
0
0
1 34
0
0
0
0
1 68
1 42
1 37
2 54 8
2 39 24
0
1 46
1 34
1 28
0
0
0
1 77
1 52
0
3 66 34 54
0
0
0
0
0
0
1 60
0
0
0
0
0
0
0
1 47
0
1 66
0
0
1 99
0
0
0
0
1 65
1 32
1 50
0
1 56
0
0
2 44 1
2 31 33
1 53
2 77 64
0
0
1 59
0
0
0
0
1 44
1 38
0
0
1 59
1 28
1 38
2 59 54
0
0
1 59
1 43
0
0
0
2 56 56
0
0
2 47 5
1 64
0
0
0
1 75
1 33
1 27
0
1 26
0
0
0
0
0
0
0
2 71 15
0
3 52 81 45
0
0
1 52
0
1 69
1 25
0
0
1 36
0
1 43
0
0
0
1 52
0
0
1 44
0
0
0
1 35
0
0
1 19
0
1 60
3 64 40 72
0
2 39 72
1 80
1 53
0
0
0
0
1 51
1 41
0
1 78
3 55 30 56
0
1 6
0
0
1 27
2 23 39
0
0
0
1 13
0
0
0
1 85
2 58 62
0
1 79
0
0
0
2 69 82
0
0
0
2 67 44
1 64
0
0
0
1 58
1 22
0
0
0
1 67
0
1 20
1 61
1 62
1 60
2 40 74
0
1 70
3 70 58 80
1 46
1 87
0
0
0
1 53
0
0
0
0
0
0
0
1 49
2 89 70
1 69
0
0
0
2 76 38
0
0
0
2 67 61
0
2 36 76
0
1 79
0
0
0
0
1 40
0
1 43
1 49
1 35
1 99
0
1 49
0
2 72 52
0
0
0
1 72
0
2 66 51
0
1 36
0
2 29 51
2 47 65
1 56
1 64
0
0
4 47 18 84 45
1 15
0
0
0
1 81
0
0
0
1 12
0
0
0
2 46 49
0
0
0
1 82
1 71
0
3 43 4 78
0
0
0
0
1 46
1 44
2 25 32
0
2 35 58
1 100
1 56
2 45 74
1 40
0
0
1 13
2 60 38
3 32 46 31
0
0
0
0
0
1 64
2 50 25
1 27
0
1 63
2 62 50
0
0
0
2 65 66
0
1 71
0
1 56
0
0
0
0
0
0
1 83
0
3 20 80 52
3 52 59 66
2 59 34
2 24 32
0
0
1 32
0
0
0
1 70
0
1 60
0
0
0
1 15
0
0
0
1 88
2 97 65
0
0
2 41 50
0
0
1 26
1 29
1 73
1 32
1 38
1 61
1 68
0
0
1 39
2 30 55
2 83 61
0
0
0
2 60 10
1 48
0
0
1 47
1 40
0
0
2 66 45
0
1 27
0
2 98 53
1 67
0
2 46 76
1 63
1 32
0
0
0
0
2 72 44
3 71 26 32
0
1 33
2 27 68
1 72
0
0
1 44
0
0
1 43
1 56
1 52
0
0
1 29
0
1 37
2 61 81
0
0
0
0
1 86
1 82
1 54
1 26
0
2 25 49
1 35
1 18
0
2 59 86
1 66
2 59 88
0
1 71
1 68
0
0
2 59 64
1 13
1 83
2 25 68
0
0
1 49
4 70 47 52 72
5 58 64 70 98 53
0
2 86 86
1 31
0
1 54
1 39
1 87
0
1 95
2 38 51
1 52
0
1 42
0
0
0
3 63 66 71
1 44
0
0
0
1 30
0
0
1 27
2 30 72
1 72
1 52
0
0
1 60
0
0
2 42 32
1 54
0
3 28 26 37
1 10
0
2 25 41
1 43
1 18
0
0
2 16 38
0
1 45
0
0
1 74
0
0
0
0
2 40 88
2 49 53
0
0
1 54
2 64 53
2 31 86
0
0
0
1 94
1 59
2 67 24
0
0
1 59
0
1 52
1 81
1 48
2 53 61
2 67 71
1 51
0
2 59 73
2 74 50
2 62 49
1 40
0
1 75
2 90 87
1 12
2 32 59
3 57 43 47
0
2 46 41
0
0
1 60
1 15
2 50 79
3 61 43 58
1 46
1 63
0
1 58
0
1 79
1 64
1 9
1 61
2 14 69
1 57
2 37 20
1 82
0
3 61 7 27
0
0
0
0
1 53
0
1 48
0
0
0
2 72 17
2 58 39
0
0
0
1 26
3 37 72 24
6 16 1 31 33 69 55
0
2 20 27
1 32
2 81 56
2 38 33
1 43
1 31
0
1 58
2 79 32
1 68
1 50
0
2 45 51
0
2 21 55
0
3 79 75 34
1 57
0
3 56 22 60
1 48
2 68 43
1 46
1 35
2 74 28
1 39
0
1 80
1 74
1 25
0
1 44
1 18
2 40 56
2 45 52
0
2 72 66
1 54
0
1 50
0
1 43
1 26
2 54 71
1 38
1 9
2 25 34
0
0
1 71
1 50
4 43 49 12 33
0
1 40
1 61
2 51 47
1 80
1 78
1 45
1 56
1 45
1 38
1 65
2 55 59
0
2 55 77
0
1 65
0
0
1 55
1 59
0
0
1 35
0
0
0
1 87
1 45
1 51
0
1 55
1 34
1 52
2 32 32
1 65
1 61
1 63
0
1 27
4 62 57 44 55
2 57 51
1 34
1 50
4 54 50 46 23
2 43 64
1 53
0
0
4 21 20 32 81
2 57 29
0
2 47 20
2 21 77
1 55
2 46 52
0
2 95 81
1 12
1 41
1 49
0
0
1 58
2 40 57
0
0
1 13
0
1 81
2 41 57
3 57 55 72
1 61
1 40
2 48 58
4 90 50 66 43
0
1 38
1 17
2 80 77
2 13 91
2 64 67
0
2 44 62
1 55
1 33
0
1 63
2 43 36
3 40 60 65
0
3 69 71 80
1 28
1 86
5 54 72 31 54 10
2 28 60
0
5 31 40 50 62 78
1 79
0
2 65 26
0
1 33
0
1 38
0
2 64 6
2 47 62
1 33
1 49
2 60 37
2 34 58
0
1 89
0
0
1 36
1 57
1 57
0
2 64 58
2 22 63
3 54 67 61
4 45 52 33 67
1 30
0
2 16 86
1 36
1 29
1 31
3 65 88 32
4 98 61 37 64
0
1 32
0
1 62
0
2 48 59
0
2 87 37
1 39
0
1 53
1 92
3 57 28 26
1 49
2 58 10
4 70 33 64 44
3 34 50 31
2 34 60
1 61
1 61
0
1 46
2 37 35
3 65 26 51
0
2 91 40
0
1 72
0
0
1 62
2 54 37
1 46
1 59
0
0
0
2 7 29
2 51 48
1 50
1 33
1 31
0
1 68
4 45 22 29 91
1 67
1 67
0
1 34
1 49
2 48 43
2 36 63
2 77 50
1 80
2 4 51
1 15
4 71 58 39 36
0
3 18 72 67
3 67 47 54
3 66 35 39
2 41 46
2 37 52
0
2 36 70
2 26 35
2 50 53
2 53 41
1 75
3 54 38 43
0
1 63
5 75 39 43 45 24
0
2 44 41
2 19 44
0
1 68
0
0
1 42
1 46
1 5
2 61 80
2 58 88
1 65
1 42
1 40
3 55 37 47
2 7 60
3 46 16 63
2 41 38
0
0
1 26
1 23
0
1 59
2 87 59
1 33
1 85
4 46 46 39 55
2 35 44
1 33
4 51 59 57 19
1 50
1 57
3 8 90 40
1 74
1 61
2 47 63
4 82 72 62 36
2 66 52
0
1 41
2 56 59
1 54
0
1 49
3 25 57 38
1 63
2 43 85
3 84 76 44
2 53 32
2 38 37
1 71
1 55
0
3 69 63 29
2 62 47
1 51
1 50
3 40 66 77
0
0
1 49
2 36 74
3 32 36 57
1 55
0
2 31 27
3 26 45 35
1 77
1 70
1 54
1 23
0
2 52 53
3 62 56 43
1 28
0
3 48 38 35
7 62 46 39 16 80 90 9
1 45
3 66 73 95
1 16
1 18
2 78 79
3 62 55 46
0
2 42 68
2 50 95
1 49
4 50 21 54 33
1 36
1 71
1 65
1 61
0
1 91
1 50
1 77
2 31 52
1 39
1 43
0
3 4 52 66
1 42
1 56
2 57 43
1 57
1 21
0
0
1 75
0
2 14 38
1 21
1 70
3 22 55 26
1 57
1 73
0
4 27 47 61 44
2 68 52
4 6 47 47 26
1 56
3 81 55 76
2 58 48
2 74 51
1 63
1 41
0
2 44 59
3 52 51 57
1 54
3 42 77 37
3 61 29 55
3 42 45 43
2 43 67
6 41 27 38 39 86 44
1 27
2 30 42
2 37 33
1 48
0
3 49 47 77
3 38 37 70
3 49 31 72
2 34 54
1 20
2 45 85
0
2 63 30
3 75 50 48
1 25
2 32 63
2 47 31
2 45 38
1 2
3 26 70 30
3 39 42 68
1 75
0
3 65 16 57
0
1 54
3 28 52 21
3 36 58 61
1 49
3 0 13 51
1 48
3 35 53 80
1 26
3 56 65 84
0
3 49 64 49
3 61 38 40
1 56
1 4
4 59 43 41 1
1 62
2 72 41
1 51
3 30 29 31
0
1 43
1 28
2 63 66
1 49
1 66
2 71 19
3 34 40 79
2 75 68
2 58 11
2 25 68
1 54
1 27
3 66 51 39
5 55 53 25 63 30
1 51
1 24
4 72 68 45 50
0
0
5 34 26 69 45 69
0
3 65 55 44
1 78
1 53
0
4 46 31 42 31
0
4 68 8 44 70
3 68 47 89
0
2 50 50
2 58 44
0
1 68
1 59
0
1 54
2 85 46
1 56
3 38 42 49
2 51 53
1 46
2 52 52
3 36 33 42
0
0
1 42
4 56 66 48 54
5 40 81 50 39 14
3 47 28 55
1 84
2 58 80
2 31 24
3 34 43 33
0
2 49 56
1 17
2 38 59
1 72
1 37
3 40 26 69
1 91
1 30
4 33 80 32 51
6 59 63 59 26 64 57
2 64 79
2 32 56
1 45
1 63
0
0
2 61 51
3 34 75 74
1 50
1 43
4 47 35 15 69
3 59 18 81
4 90 15 39 83
0
2 24 32
3 53 48 73
1 58
1 25
1 68
2 81 63
1 32
3 55 32 65
3 23 55 16
2 73 76
2 68 42
2 11 40
3 57 58 55
0
1 80
3 73 44 41
4 34 51 31 62
2 44 64
4 32 61 42 47
2 35 37
4 69 61 39 60
1 41
3 69 23 60
1 28
1 53
2 27 9
2 18 81
0
1 84
0
3 65 24 51
3 18 65 47
1 52
5 63 59 22 63 84
1 40
2 25 50
3 33 61 29
0
1 42
4 30 33 56 68
1 87
1 33
3 18 28 90
3 28 31 52
1 35
1 51
1 38
3 27 80 45
0
0
2 67 44
2 47 59
4 49 67 55 41
1 61
2 42 37
3 20 49 83
1 33
3 48 37 27
2 90 57
1 34
1 10
3 31 52 71
1 50
4 68 50 11 76
1 58
1 15
1 13
1 71
3 42 78 47
4 76 73 34 72
2 55 53
3 59 23 46
0
2 8 86
2 70 87
4 67 37 77 56
1 83
1 46
3 4 32 56
3 55 43 79
1 19
2 62 40
0
2 67 20
4 30 64 65 50
2 48 53
1 58
3 54 21 79
1 51
1 60
2 42 43
5 68 40 59 26 52
3 33 61 45
3 42 69 82
4 36 52 56 34
1 56
2 60 39
2 83 78
0
1 13
3 51 64 45
0
4 49 50 49 26
1 2
2 24 60
4 28 64 98 60
2 35 36
0
1 54
1 38
3 43 43 27
3 74 22 42
3 71 27 87
3 25 57 63
2 31 57
0
4 60 36 57 40
2 70 65
4 40 44 36 27
4 96 58 19 53
4 33 54 32 41
2 32 38
3 69 44 31
0
1 36
3 38 35 50
3 28 46 49
2 54 64
2 64 65
2 56 36
2 53 67
2 59 59
2 22 40
1 26
1 54
2 51 51
5 53 28 68 57 64
4 24 41 39 23
4 72 73 44 69
2 65 24
2 60 52
1 52
1 64
4 15 45 94 46
0
1 63
0
1 43
1 42
2 36 60
2 70 61
2 3 49
4 60 52 71 50
2 44 76
3 62 7 52
1 15
5 88 79 43 42 59
2 54 13
2 12 26
1 34
2 43 44
3 45 43 66
2 40 65
2 51 26
0
1 34
1 58
0
4 10 74 83 73
3 79 45 65
2 46 15
5 74 80 46 61 85
0
4 54 45 74 93
4 59 36 61 68
0
1 59
1 81
3 56 79 52
0
0
5 26 56 34 35 64
2 54 45
1 29
2 42 76
2 79 17
1 53
0
3 35 54 35
3 25 54 34
1 64
5 20 5 31 56 47
2 36 59
3 12 44 13
1 58
1 34
2 29 84
5 41 82 20 41 47
2 58 79
2 33 28
1 76
2 57 15
4 49 52 41 76
3 26 26 48
2 38 64
1 50
1 52
1 86
1 9
4 49 46 30 25
2 69 33
4 41 42 42 37
3 16 36 52
2 72 63
1 83
1 46
2 40 43
1 66
3 80 16 56
4 56 29 33 42
2 56 36
4 62 19 25 47
3 56 41 26
0
1 62
1 62
2 68 63
1 64
3 73 73 86
2 61 34
4 85 60 46 66
2 40 25
2 22 62
2 34 31
3 38 62 82
2 35 80
5 36 32 67 56 47
2 61 34
1 48
3 28 84 58
2 61 92
0
2 36 78
4 59 69 51 51
3 25 59 34
2 12 48
3 44 14 59
2 52 32
1 77
3 30 52 63
3 89 69 60
1 27
2 32 69
0
4 13 56 39 61
3 19 72 33
0
4 35 51 63 51
3 44 37 41
2 24 65
3 39 72 90
4 18 37 53 96
4 57 46 52 90
2 52 60
0
4 42 74 30 67
3 54 57 44
1 58
2 62 58
4 71 33 50 33
2 27 34
6 29 82 38 60 26 73
2 22 41
2 23 37
1 54
2 52 68
1 61
2 54 52
3 74 42 56
3 49 41 49
0
2 61 55
1 40
0
2 76 73
5 23 41 37 67 25
4 37 50 22 74
2 65 54
0
4 81 20 67 6
2 68 65
2 40 92
5 27 6 49 29 27
3 42 84 41
0
2 61 28
2 67 49
5 69 45 65 41 40
3 47 35 32
1 53
2 40 64
3 84 74 43
0
1 76
1 61
4 48 61 37 78
6 61 62 54 55 40 51
3 39 54 36
0
1 71
1 27
2 64 51
2 85 52
2 53 5
3 64 31 68
4 31 24 44 82
3 62 50 53
1 80
2 33 41
2 52 12
0
0
4 58 19 27 8
2 45 58
2 67 55
3 38 76 35
1 73
0
6 56 38 53 19 73 30
3 25 51 34
3 78 33 45
2 46 38
2 54 44
3 58 32 71
1 60
3 36 45 61
3 86 49 18
3 53 63 43
4 43 39 64 62
1 27
3 41 56 47
1 56
3 80 13 58
3 51 59 54
0
2 62 46
0
4 27 15 56 27
3 53 95 79
1 80
2 81 56
2 24 70
0
3 53 25 22
0
0
3 80 58 94
5 35 52 86 70 72
3 85 60 38
3 51 57 59
6 45 79 28 39 47 50
3 79 54 33
3 63 33 24
7 66 83 73 9 31 61 39
2 45 67
2 35 76
3 90 84 28
4 32 28 26 36
2 50 44
1 64
6 28 71 43 78 65 54
3 14 28 58
1 66
3 19 23 26
2 28 64
4 45 67 86 48
2 39 43
2 50 39
0
1 23
1 42
0
3 49 30 76
1 24
3 20 51 55
2 54 48
3 36 57 50
3 19 63 49
4 48 23 49 52
5 48 54 93 41 77
4 24 45 50 52
0
1 44
3 24 53 30
0
3 62 69 47
1 67
1 48
0
3 33 35 27
5 44 56 73 35 68
1 41
2 78 45
5 43 62 71 53 59
2 33 57
3 55 40 36
2 69 37
3 42 48 48
1 29
4 67 45 70 48
3 31 39 28
1 44
1 69
1 73
1 50
2 30 90
2 62 81
2 77 78
3 70 19 80
2 57 53
1 69
5 56 62 54 86 88
4 26 53 54 61
1 49
5 44 53 31 16 82
0
3 34 58 36
3 34 70 31
3 25 88 46
4 53 29 43 49
3 71 66 89
1 22
5 62 59 33 23 49
1 61
4 72 36 50 60
4 67 21 56 64
3 36 55 66
3 61 45 63
2 51 22
2 52 57
3 60 35 52
3 38 62 62
2 55 39
0
3 60 64 54
3 51 33 63
4 43 56 41 72
2 30 63
3 50 62 29
2 53 68
3 44 64 50
2 23 31
2 63 60
5 83 56 42 63 53
3 69 82 74
3 69 87 37
2 47 66
5 16 53 54 81 62
1 68
2 37 41
1 66
3 28 42 31
3 44 59 50
3 34 67 6
1 62
3 67 54 55
1 40
3 37 38 36
2 98 61
2 54 54
1 10
0
6 80 61 65 23 49 29
3 77 34 67
1 62
1 72
3 39 61 55
3 63 73 82
3 91 36 35
3 65 67 61
3 50 64 55
0
1 51
5 55 59 52 62 78
5 58 25 33 57 25
0
4 22 35 76 80
3 13 59 54
2 43 30
0
4 74 55 34 23
0
3 35 42 66
2 62 50
3 61 51 17
2 66 40
6 46 57 55 84 31 79
1 23
2 59 73
0
0
3 93 44 46
4 22 26 66 51
2 34 67
1 50
0
4 57 54 39 97
1 19
2 61 73
5 45 69 60 39 32
4 37 52 53 45
2 85 46
3 60 34 31
2 63 66
1 16
1 6
1 76
1 13
3 42 73 47
1 61
0
2 37 76
6 35 92 78 86 52 38
7 24 50 64 52 26 56 20
1 32
3 25 55 66
1 13
2 57 54
2 38 37
1 31
4 59 46 69 67
3 75 49 4
2 41 16
6 35 55 48 60 44 8
1 32
3 66 53 25
1 57
2 54 42
5 72 39 39 28 60
1 65
0
0
1 8
4 33 26 5 61
1 37
0
4 82 43 14 41
8 73 67 37 58 35 52 69 77
2 62 49
4 80 27 47 33
4 40 31 34 29
7 5 31 55 76 72 78 33
4 63 72 22 61
3 56 55 61
2 66 44
4 38 61 25 77
2 42 30
2 32 45
1 34
4 42 38 60 64
2 43 48
2 45 60
4 57 47 56 97
1 57
0
3 57 65 86
2 93 71
2 59 41
1 45
3 51 70 40
3 20 24 63
7 52 55 51 41 5 40 40
2 91 49
2 41 45
3 84 61 43
3 16 19 51
3 61 56 66
0
3 77 18 75
0
2 8 54
0
3 38 28 76
3 56 44 57
2 66 16
3 38 49 74
2 34 50
3 46 35 18
4 80 55 87 15
2 26 55
1 50
1 55
0
1 29
2 74 47
3 48 42 79
2 87 40
1 76
2 54 53
3 82 32 53
4 60 39 39 62
5 49 52 46 30 76
3 38 73 78
2 36 89
2 31 68
5 55 31 75 35 34
4 40 74 45 66
4 35 44 42 40
2 92 73
3 54 60 27
2 51 49
0
3 85 63 39
7 77 78 43 67 76 71 7
2 25 64
4 76 70 41 18
1 42
1 67
5 62 9 24 57 32
0
1 47
2 74 61
6 43 94 39 62 62 36
2 3 58
1 64
4 40 38 40 50
3 61 41 53
7 58 75 61 41 64 59 69
2 20 36
1 20
2 52 40
1 73
4 71 63 63 63
1 51
5 55 19 65 75 40
1 40
2 32 96
3 73 47 24
1 83
3 54 74 11
4 54 61 49 67
1 60
2 46 64
2 36 43
1 33
3 66 46 38
3 46 56 70
3 80 21 42
4 43 29 58 70
2 55 50
2 55 64
1 21
2 25 83
1 28
2 66 32
5 32 64 13 67 48
3 55 46 42
1 59
5 38 18 84 54 65
1 51
4 41 77 42 72
2 57 19
2 31 43
2 0 84
4 61 54 21 23
2 14 31
3 66 60 61
1 36
2 36 45
6 31 71 45 50 48 46
0
3 92 57 44
3 12 50 18
4 71 52 82 36
0
5 20 47 29 51 48
4 47 24 47 42
1 32
2 39 52
3 63 52 32
1 46
3 54 80 49
2 43 59
2 20 50
1 37
4 44 40 92 40
3 85 54 60
5 47 63 58 58 56
3 36 12 62
2 10 49
4 67 39 90 72
1 32
2 76 75
1 26
3 62 59 95
1 53
2 78 45
2 40 39
2 60 60
4 50 22 45 50
1 40
3 61 85 30
0
3 81 66 62
1 57
0
5 46 70 50 81 23
0
2 22 82
4 71 30 97 40
1 69
2 85 49
5 40 21 34 50 64
0
4 32 67 75 54
3 39 81 32
4 20 37 68 53
6 58 41 35 46 40 27
3 51 63 58
0
0
0
4 76 63 73 20
4 40 44 46 99
2 27 70
3 44 67 38
6 45 27 80 28 76 49
4 47 59 33 21
2 37 29
2 62 92
3 55 36 49
2 39 63
6 51 42 28 29 31 44
4 56 28 59 64
0
6 63 42 36 56 65 39
1 51
2 67 29
1 61
3 52 73 24
7 63 49 25 47 62 46 59
2 30 46
1 78
2 52 51
1 82
1 26
4 56 39 68 59
1 29
0
0
3 61 42 66
3 29 43 40
3 55 50 80
6 34 83 45 61 31 63
2 34 55
2 34 98
4 58 56 46 57
1 61
4 10 53 93 68
3 57 62 21
5 23 35 67 40 58
2 77 55
3 19 43 85
3 48 82 58
2 14 70
2 64 28
1 25
0
3 59 76 70
10 23 32 48 28 55 28 40 86 41 48
3 48 38 37
0
2 60 47
2 71 30
5 47 41 76 29 44
0
1 44
1 60
1 58
3 46 48 52
2 68 51
1 44
1 45
2 69 83
3 24 47 59
4 46 84 64 65
3 51 75 60
4 68 37 44 57
1 82
2 23 52
2 55 33
3 60 59 29
3 57 69 63
4 11 38 55 95
3 36 73 13
3 51 37 79
2 40 35
3 84 48 20
1 58
3 43 58 57
2 59 40
4 54 55 61 88
6 57 67 55 48 45 68
0
3 4 56 81
1 49
3 85 2 79
0
0
4 37 93 58 60
6 41 52 82 37 66 49
3 37 55 62
1 83
1 69
3 56 42 43
4 14 46 82 71
2 68 23
5 50 57 65 52 46
3 39 7 51
1 42
4 55 23 53 37
1 70
2 35 58
4 51 77 78 22
2 38 46
1 44
2 76 26
3 45 38 44
1 21
3 69 28 67
2 77 67
4 62 61 45 34
2 54 50
2 19 86
1 60
4 47 37 64 48
8 35 64 61 44 51 38 65 43
1 57
2 30 30
3 81 69 67
1 18
2 66 23
3 72 69 29
1 38
0
1 51
2 24 66
3 30 71 59
0
1 33
2 47 52
1 42
1 70
2 50 62
5 41 49 48 70 52
0
3 33 38 54
1 10
3 56 8 72
3 21 78 37
4 19 36 65 46
3 45 47 34
3 72 60 50
3 73 60 59
4 55 28 58 86
1 22
2 76 27
1 66
5 25 51 38 45 40
1 42
4 53 56 79 25
2 64 42
2 52 51
3 19 64 66
3 54 60 48
1 67
1 46
2 59 34
1 54
1 88
3 46 16 60
4 47 40 40 54
3 41 92 25
2 61 29
4 52 12 40 53
5 90 86 68 77 55
2 62 15
2 65 44
5 46 36 43 71 52
0
2 22 24
2 34 37
4 68 42 68 44
1 77
2 63 58
3 55 75 67
1 61
2 48 70
5 48 58 29 80 82
4 46 80 70 64
3 20 70 66
0
3 36 47 53
2 68 48
1 49
3 23 48 43
2 28 42
2 53 39
1 72
1 82
3 33 39 60
4 33 42 39 59
5 57 42 69 78 46
4 62 77 55 44
3 55 39 66
2 75 64
3 12 54 52
2 47 67
2 49 78
3 67 44 65
4 36 64 46 36
1 62
1 71
2 31 59
2 67 45
6 34 39 50 61 32 71
3 63 35 51
1 24
1 46
3 51 76 76
3 76 53 54
2 40 62
0
1 37
3 54 46 55
3 74 48 24
3 70 82 50
2 92 38
2 50 92
2 93 60
2 51 63
3 45 33 67
3 82 45 67
4 69 46 36 75
4 65 71 45 47
1 58
0
2 52 45
1 43
2 44 49
2 38 55
5 59 25 26 31 27
0
2 48 65
4 41 28 50 60
4 80 76 41 67
0
1 31
4 59 36 60 59
3 54 52 31
0
2 58 33
3 45 56 94
2 25 20
3 67 75 36
2 37 59
4 46 11 26 46
1 83
6 50 26 68 81 37 84
2 44 46
0
2 31 55
2 75 56
3 58 68 28
1 10
5 66 75 49 61 49
3 47 77 90
4 74 80 84 33
6 45 24 53 26 59 23
2 51 79
2 53 18
0
2 40 47
2 18 50
6 68 23 50 25 63 70
4 56 34 53 62
4 47 69 18 43
4 58 87 32 50
3 52 21 36
2 23 41
3 41 28 62
1 59
1 59
2 49 86
0
1 50
3 51 69 35
1 46
2 20 55
3 88 72 56
2 65 56
2 67 37
0
4 56 41 42 10
2 73 70
2 25 41
1 77
1 32
2 70 39
2 18 42
2 79 67
4 48 78 68 86
5 41 69 85 48 49
4 50 23 93 6
1 54
2 71 69
1 24
3 58 15 64
5 58 58 64 60 35
3 60 68 29
2 37 43
4 59 24 77 70
1 72
1 74
0
2 32 70
4 50 45 41 64
1 24
1 58
1 53
1 41
4 26 85 45 86
4 68 80 42 44
0
2 57 51
7 37 88 39 48 48 34 78
0
5 28 62 72 54 50
1 51
2 27 45
2 25 46
3 65 59 75
3 78 61 79
3 64 43 76
3 66 61 43
1 76
2 63 38
3 52 74 23
0
3 48 30 56
4 61 26 65 14
2 68 37
1 18
3 14 21 49
2 48 55
4 54 70 71 67
1 22
2 42 74
7 47 61 63 89 31 17 43
0
1 0
0
1 65
0
4 50 48 27 45
1 56
2 81 26
5 56 37 41 51 40
3 76 76 30
1 59
1 27
1 43
0
5 33 44 58 14 33
3 52 50 56
0
1 63
8 74 47 48 23 50 78 59 43
3 48 28 71
3 12 36 66
3 25 21 24
3 67 66 48
1 47
1 46
1 27
2 47 36
1 34
2 44 73
2 54 58
4 81 78 42 14
2 43 35
1 22
1 11
3 76 53 65
4 9 79 45 27
5 62 52 49 43 17
4 40 30 97 67
2 72 72
0
0
4 51 58 35 72
3 88 66 71
3 16 34 72
3 34 42 55
5 45 41 57 60 23
3 61 27 42
1 43
1 38
3 37 76 88
2 60 34
4 69 66 37 52
1 45
4 59 49 25 40
1 36
3 30 49 80
1 30
2 83 32
1 4
2 40 46
3 20 38 39
1 38
2 24 43
3 53 20 33
0
1 29
4 65 29 59 58
0
3 75 63 59
4 66 74 51 43
4 31 59 72 58
0
4 76 65 60 46
3 76 70 76
2 45 51
3 84 38 66
2 22 72
1 44
1 31
1 43
2 85 59
3 35 57 66
3 62 76 26
2 27 29
1 35
3 54 77 66
1 72
4 36 82 39 85
1 45
0
2 63 41
3 46 73 52
1 40
3 39 42 33
2 27 63
3 59 47 27
3 13 59 31
2 28 38
1 52
1 42
2 52 58
1 33
1 27
2 64 6
2 19 74
1 17
3 59 69 47
2 98 52
2 25 53
2 68 50
2 33 60
1 23
5 50 29 59 77 71
0
3 46 45 28
3 60 38 21
3 46 62 78
2 40 73
2 53 64
1 17
0
2 73 66
4 47 49 34 62
1 56
3 27 49 62
5 28 59 21 1 59
3 42 39 69
3 20 58 18
4 51 51 81 62
1 50
0
0
2 40 39
5 72 29 42 46 28
2 78 49
3 32 61 18
3 46 37 30
1 52
3 40 23 72
4 56 28 64 5
0
0
1 60
3 31 16 44
8 49 75 66 44 72 21 13 67
0
2 61 48
3 45 53 55
2 47 30
3 87 70 50
1 41
2 67 31
4 19 83 44 63
3 47 50 30
0
0
2 41 57
3 35 51 50
2 74 24
1 41
3 31 47 55
1 30
4 34 44 45 47
1 42
2 32 42
3 59 47 61
2 29 44
1 33
2 42 78
1 47
1 54
1 19
3 53 14 57
2 45 44
0
2 78 56
4 55 60 51 70
0
0
2 78 61
1 60
4 56 75 47 65
4 38 50 54 55
0
3 45 51 95
0
2 57 46
3 69 0 58
0
3 41 40 91
1 55
2 58 23
3 35 33 46
1 29
4 65 48 51 56
1 39
3 23 64 27
2 47 63
3 64 63 53
2 64 59
2 53 75
2 56 78
2 22 70
3 72 69 70
2 49 13
0
3 45 51 39
1 46
3 14 41 76
5 62 29 38 66 63
3 86 59 51
1 62
3 61 34 38
2 90 54
2 59 43
3 61 77 85
6 77 66 63 37 29 60
0
1 40
0
1 68
4 75 48 36 61
4 24 44 65 41
3 62 28 80
4 42 79 41 45
3 56 53 28
0
0
0
2 56 60
1 47
2 50 40
1 35
3 15 62 57
5 56 60 31 26 49
2 32 60
2 71 35
2 57 85
1 66
8 45 61 47 58 43 44 35 76
1 65
1 46
3 46 47 65
1 67
0
0
2 80 48
4 15 92 51 87
1 77
1 73
7 66 42 65 82 77 62 77
1 35
1 78
1 63
2 39 69
1 72
1 68
1 15
2 39 70
1 44
1 64
4 16 93 40 52
1 58
2 14 71
1 37
0
2 54 38
2 57 32
1 61
4 38 67 78 58
2 58 45
2 35 28
2 45 41
4 44 2 41 80
2 43 57
3 42 47 50
2 59 23
4 31 74 17 89
1 31
2 61 67
1 56
1 48
1 57
3 43 44 33
3 70 73 87
0
2 25 31
3 67 90 30
4 47 24 45 41
1 56
0
2 13 66
1 95
2 29 28
3 52 35 43
1 49
1 81
1 29
2 34 40
2 56 94
1 62
0
3 7 75 80
3 51 28 33
0
2 18 57
1 55
2 60 74
1 90
1 69
2 71 23
7 32 69 57 43 51 28 60
0
0
0
2 53 34
1 39
1 64
5 64 53 43 45 65
0
2 49 26
1 72
1 44
2 43 53
0
2 31 40
2 28 44
2 26 71
1 56
2 0 54
1 55
3 60 42 12
2 19 53
1 42
3 60 26 69
0
2 62 37
2 13 46
5 66 24 65 63 26
2 64 39
3 54 38 43
1 59
1 48
1 59
3 8 65 22
0
1 24
3 46 30 72
2 13 97
1 21
2 35 22
3 60 59 60
3 56 52 56
3 34 18 17
2 66 77
3 40 68 44
3 65 13 23
1 60
5 61 60 57 36 27
0
1 36
2 44 63
0
0
2 28 62
1 79
1 38
3 49 52 48
2 29 82
3 59 72 38
0
1 75
1 81
3 72 45 59
3 34 65 48
2 35 34
1 64
2 64 43
1 92
2 65 52
0
2 16 47
1 87
1 46
1 19
3 47 86 37
1 21
3 55 35 81
3 58 88 64
1 59
1 32
2 53 9
0
1 76
3 56 75 57
1 72
0
3 65 36 54
1 75
4 22 57 3 22
1 68
1 23
3 50 26 68
0
1 55
1 79
2 20 51
2 32 25
1 75
3 55 45 72
2 55 31
1 16
1 72
2 74 80
0
1 63
1 75
1 44
1 44
6 51 65 41 83 42 34
3 53 58 55
2 63 52
2 63 67
5 40 39 30 70 50
1 54
3 54 22 77
1 63
1 48
2 52 57
2 78 58
1 26
1 61
2 29 44
1 46
2 4 33
3 17 49 32
1 46
3 57 43 57
0
0
2 75 14
0
1 75
1 60
1 63
2 81 49
1 63
2 38 56
4 36 70 95 69
3 71 33 53
0
1 64
1 56
3 51 68 54
2 50 44
3 6 63 24
2 47 39
2 58 61
1 19
1 39
2 83 43
1 27
2 25 30
0
2 39 52
2 67 85
1 47
1 20
3 79 65 73
1 72
3 43 32 52
1 70
0
1 58
1 70
1 57
3 46 18 36
1 74
0
1 73
0
1 40
1 55
2 99 50
2 24 17
0
4 51 85 47 22
2 41 3
2 54 46
2 48 49
2 64 65
1 1
1 28
0
2 46 52
1 17
1 42
3 43 59 19
2 47 47
4 57 46 53 73
2 60 43
3 58 30 54
0
0
0
1 65
1 45
1 49
2 71 58
3 27 7 65
2 36 61
1 69
2 30 30
1 41
4 79 54 33 48
2 55 79
1 64
1 22
3 7 71 65
1 49
3 78 41 56
6 47 49 92 45 23 49
1 71
1 51
1 33
0
0
0
2 52 22
0
2 60 9
3 26 48 21
1 44
1 43
0
3 52 76 32
2 50 32
0
2 44 52
0
2 30 13
2 77 91
1 13
3 12 37 79
2 61 67
1 72
2 71 77
0
1 52
2 66 23
3 47 44 66
0
2 48 23
1 48
0
0
3 43 37 40
3 74 30 48
3 69 59 38
0
0
0
1 49
0
3 20 79 17
0
2 69 55
2 78 48
3 91 47 63
2 33 33
1 53
1 54
0
0
0
2 51 34
3 53 48 48
1 44
3 47 65 53
0
1 30
2 43 64
2 81 69
1 39
2 48 35
3 28 37 29
1 27
1 57
3 86 57 48
4 60 70 65 43
1 43
1 14
1 62
0
0
0
3 62 45 44
1 46
0
2 73 36
2 29 62
0
0
0
2 71 42
2 31 55
2 25 63
2 68 33
0
1 47
1 58
0
2 54 71
3 36 29 45
3 93 32 21
0
1 65
1 46
2 26 62
0
2 48 62
3 63 29 33
1 80
1 52
0
1 84
2 80 72
2 38 47
0
1 72
3 80 38 77
2 44 10
1 42
2 56 68
2 36 82
0
1 50
2 26 71
1 44
1 58
1 24
2 87 17
0
0
1 60
2 50 37
2 54 34
1 21
3 61 44 47
0
0
1 42
1 79
2 71 68
2 37 48
2 58 56
2 38 37
2 56 73
1 41
1 17
0
2 65 72
1 92
2 47 71
2 72 49
0
0
1 67
1 19
3 87 51 33
1 47
0
1 51
0
0
0
0
3 43 46 27
1 46
0
0
1 52
3 74 45 36
0
0
3 84 44 16
2 42 69
3 41 44 24
4 52 25 73 81
1 37
1 69
1 41
0
0
3 81 28 68
2 37 69
3 55 34 55
0
0
1 72
1 68
1 53
2 47 57
1 18
1 53
4 63 58 63 46
1 79
0
1 57
1 21
3 44 58 79
0
1 46
0
1 41
4 60 52 61 93
1 49
2 51 65
1 28
1 36
2 33 60
0
2 63 37
1 49
0
2 43 59
1 72
1 34
2 67 35
2 80 58
2 48 52
1 51
0
0
0
3 39 44 35
2 44 46
1 8
1 32
2 60 73
3 9 52 54
0
1 42
1 49
0
0
0
1 61
2 35 49
2 31 76
2 78 67
2 70 64
1 44
0
1 15
2 35 20
1 86
0
1 73
2 49 57
1 58
0
2 79 61
0
1 56
0
0
1 27
0
2 96 70
0
0
3 54 93 57
2 49 59
0
2 60 54
1 43
1 49
5 39 48 33 54 44
1 79
0
0
1 40
0
2 53 53
3 48 54 54
1 14
0
2 16 57
0
0
1 14
0
2 83 70
1 33
0
0
0
0
2 61 62
3 50 34 53
0
0
4 59 64 50 59
1 43
2 52 37
1 42
0
1 56
1 59
0
0
2 34 32
0
0
2 65 35
1 42
0
2 48 58
1 44
0
1 27
1 59
1 94
0
1 43
1 46
2 58 47
1 44
0
0
0
2 20 69
0
1 62
1 61
2 54 59
1 48
1 45
1 27
1 68
0
0
2 56 32
1 4
0
1 74
1 59
1 97
0
1 34
0
0
0
1 55
0
2 25 37
2 58 52
1 32
2 43 40
1 49
2 37 49
2 66 66
0
1 34
1 38
0
2 32 53
3 47 70 54
3 41 36 27
0
0
1 55
1 50
0
1 38
1 56
1 52
1 17
1 51
2 26 73
3 15 42 71
0
0
2 8 20
1 25
0
2 75 38
0
1 63
2 55 59
1 35
0
2 82 61
0
0
2 38 63
2 65 71
0
1 65
0
0
1 36
0
1 25
0
1 52
1 84
1 54
1 45
2 68 55
1 21
1 89
0
2 40 64
2 39 36
1 74
0
0
1 36
0
0
2 67 47
0
1 61
1 43
1 43
0
0
0
0
1 53
0
1 46
0
2 56 71
2 35 60
1 45
0
0
1 61
1 67
1 65
1 56
3 51 45 62
0
0
1 72
0
3 40 70 49
1 27
1 42
0
2 58 48
0
0
0
2 25 78
2 38 81
0
0
1 40
0
0
0
1 75
0
1 33
0
1 31
0
3 40 58 33
0
0
0
0
0
0
0
1 45
0
1 31
0
0
2 31 71
2 34 44
1 60
0
2 56 60
1 73
1 43
1 65
2 26 72
2 22 36
1 63
0
1 53
3 57 29 54
1 37
0
1 10
3 40 69 43
0
2 55 57
0
0
0
0
1 71
0
1 52
1 69
1 66
1 52
1 22
0
0
0
2 50 48
1 77
0
1 9
1 41
1 51
0
1 38
0
1 63
0
2 56 37
1 75
3 72 64 41
0
0
1 71
0
2 42 75
0
0
1 45
1 75
1 37
1 36
1 25
0
1 78
1 73
2 60 54
1 56
0
0
1 59
1 69
0
2 36 45
0
0
0
