3600 4
1 10
0
1 42
0
1 63
0
1 47
0
2 35 48
1 31
3 50 43 59
0
1 49
1 69
3 59 23 68
1 46
0
0
0
1 53
1 43
1 31
0
1 45
4 45 62 24 43
0
0
0
1 36
1 64
0
4 35 29 39 79
1 45
0
1 49
2 42 28
1 68
1 38
1 79
1 22
0
1 21
0
1 42
0
3 37 47 18
2 55 59
0
1 36
2 47 45
2 33 38
2 49 39
2 75 81
2 39 26
2 16 32
0
1 77
2 74 45
0
0
1 82
1 43
0
1 53
2 48 67
0
0
0
2 71 25
0
2 33 66
1 44
2 19 50
1 60
1 84
0
0
2 73 55
1 31
0
1 83
0
1 39
0
2 63 30
3 10 75 42
0
1 62
1 18
0
0
0
1 46
4 57 96 31 49
2 62 24
0
1 54
3 46 28 47
2 45 44
0
1 67
1 35
3 50 30 74
2 25 71
0
1 28
0
3 56 52 45
0
0
0
0
0
0
1 69
0
1 29
0
1 35
3 62 41 51
1 44
1 73
0
1 51
3 17 69 13
1 74
2 22 36
2 50 28
1 37
2 13 49
2 59 27
1 62
1 74
1 56
1 67
2 27 15
0
1 63
0
1 48
0
0
4 53 56 56 39
0
0
1 15
3 43 79 39
2 47 29
2 67 69
3 74 26 43
0
1 56
0
0
1 52
1 73
2 52 50
2 25 35
2 74 58
0
2 33 58
1 91
1 52
1 57
2 63 23
2 24 7
1 32
2 41 20
1 44
2 42 69
0
0
2 72 69
1 71
0
0
2 67 34
2 30 57
2 77 34
2 40 62
4 69 37 40 53
1 55
1 24
2 63 80
1 23
0
0
0
2 62 42
3 52 57 78
0
2 48 74
2 62 38
3 58 83 37
1 71
1 52
0
0
1 62
1 74
1 57
0
2 58 67
1 63
0
1 64
2 74 29
2 39 47
0
1 39
1 7
0
1 23
3 76 19 59
2 44 33
2 57 50
3 48 62 55
1 65
0
2 68 61
2 51 52
2 25 53
2 64 99
1 75
1 60
1 85
3 75 15 63
3 50 75 36
0
0
1 53
0
0
1 36
1 92
2 71 37
2 28 51
2 56 71
3 31 61 54
1 82
3 51 51 43
3 90 52 49
0
3 39 38 33
1 54
2 45 58
3 41 46 50
0
2 35 61
1 69
0
0
3 49 25 23
2 55 30
2 61 15
1 67
1 74
2 43 60
1 35
1 36
0
1 34
1 63
3 92 79 25
3 42 55 51
0
1 70
1 66
1 47
1 49
0
2 38 73
1 86
0
1 50
1 47
0
2 63 33
1 58
0
1 66
1 60
1 46
2 63 48
0
3 43 36 64
2 21 87
3 56 60 27
2 59 27
1 9
2 52 45
0
3 64 41 85
6 12 42 71 44 58 64
4 48 50 72 40
1 61
1 56
1 48
3 60 39 36
2 31 46
1 32
2 43 38
0
0
1 18
1 72
1 44
0
0
1 78
3 50 75 44
1 65
0
3 34 39 32
1 70
1 42
2 33 55
0
0
2 34 79
2 29 84
3 51 36 37
0
2 65 39
1 15
0
0
1 21
0
2 34 84
2 49 47
1 42
3 57 47 75
1 13
1 62
0
2 5 42
2 15 69
3 35 83 59
6 47 71 36 57 82 62
2 53 8
2 31 39
0
3 57 62 43
2 81 47
1 68
1 57
1 53
2 24 29
0
1 47
1 27
2 54 48
1 26
3 46 63 56
0
1 40
3 60 32 66
2 91 37
1 40
2 41 59
2 51 59
2 78 33
0
3 47 39 33
1 36
1 47
1 25
1 17
0
1 70
2 56 54
0
1 44
3 40 30 57
3 35 76 51
2 58 30
1 48
0
3 39 69 47
2 38 60
1 45
1 57
1 68
0
1 51
0
3 55 57 29
4 30 39 36 73
3 65 48 63
1 56
1 76
1 46
2 24 66
0
2 92 48
0
1 66
0
3 45 45 52
4 59 17 74 40
1 37
4 11 50 47 82
2 29 30
2 42 22
3 45 77 48
3 37 45 44
0
0
2 61 62
4 51 32 66 62
3 46 18 45
2 80 15
1 41
1 52
1 20
1 60
1 70
3 27 56 43
1 49
2 43 43
0
1 28
4 80 5 89 20
1 59
0
0
2 26 26
3 67 61 41
2 84 50
1 21
0
3 64 25 42
2 37 16
1 44
0
1 35
5 52 35 14 38 40
2 87 17
1 59
3 70 23 17
0
2 55 67
2 54 68
3 59 57 86
0
0
2 52 76
0
0
3 73 78 28
3 58 54 63
4 57 52 52 40
0
2 65 40
2 60 34
1 59
1 57
0
3 54 66 33
1 29
3 68 44 38
3 52 44 52
3 49 18 36
1 67
2 61 78
1 53
1 53
1 38
4 63 13 60 38
3 54 56 57
4 80 50 41 68
0
1 58
2 56 40
2 35 44
1 19
2 47 42
2 38 58
2 56 54
1 63
1 78
2 35 55
0
1 43
1 16
1 22
1 32
1 51
4 71 36 45 63
2 88 55
1 69
1 47
0
1 54
1 53
2 64 51
3 75 29 43
0
2 40 49
6 57 63 60 84 61 29
1 55
2 38 34
3 66 47 48
3 41 80 32
2 59 54
2 59 71
3 42 62 47
2 56 52
0
0
4 40 1 73 21
1 43
3 56 66 59
3 55 65 71
2 32 55
2 46 66
0
2 52 13
0
0
2 34 78
1 57
3 31 10 71
2 39 57
1 49
0
4 78 17 67 62
3 14 60 35
2 82 31
6 66 21 58 26 39 52
1 66
2 13 60
1 45
0
3 31 66 50
0
4 37 65 80 34
0
0
1 37
4 39 59 71 49
1 42
2 79 90
6 51 57 64 66 25 44
1 63
1 52
0
3 22 71 40
1 83
1 73
1 37
1 59
2 61 64
3 34 81 27
1 51
2 46 53
5 46 49 65 63 54
3 53 67 61
4 53 36 58 50
0
0
2 64 38
1 86
3 94 8 47
1 34
2 42 38
3 48 34 57
3 72 15 29
1 74
0
1 70
4 44 55 42 25
3 85 74 72
2 99 74
2 53 42
3 47 31 60
2 90 45
0
1 25
0
1 47
4 67 36 60 21
1 35
0
4 13 41 57 35
1 70
2 68 58
0
0
2 49 45
2 42 36
1 62
0
3 55 66 30
1 56
3 38 37 59
2 30 97
3 38 38 37
2 59 40
4 48 49 63 57
2 51 30
1 84
2 77 45
1 59
2 31 78
1 19
2 37 62
1 36
4 66 84 56 55
2 65 46
2 38 41
2 45 33
1 36
3 85 71 56
2 42 50
2 73 51
2 57 74
2 68 12
4 39 86 29 69
2 36 52
4 45 18 67 59
2 27 18
3 63 46 34
1 54
0
3 56 52 70
3 86 30 68
2 50 38
4 18 62 52 45
4 58 55 68 51
1 59
2 21 30
2 27 51
2 26 84
2 23 50
3 30 41 52
1 63
1 8
1 32
5 44 48 64 67 54
2 30 41
4 40 70 60 85
3 43 38 18
0
0
1 43
2 66 57
1 29
2 26 37
1 48
1 39
1 46
2 48 14
3 34 48 53
2 66 23
4 9 59 91 20
2 37 72
3 42 66 37
2 55 63
3 36 76 93
0
3 43 82 85
3 65 66 25
1 30
2 33 60
1 34
1 88
1 26
2 54 80
2 53 49
2 45 50
2 20 64
2 36 34
3 59 70 65
0
2 15 39
0
2 77 56
1 62
5 85 98 54 10 32
0
3 46 65 58
2 38 21
1 74
1 46
4 50 45 63 55
3 48 86 55
3 61 70 45
2 33 36
2 29 89
3 56 46 67
3 64 63 16
3 27 16 44
0
2 48 75
1 89
1 48
2 46 52
1 26
2 70 60
3 3 70 16
5 65 75 30 39 59
0
2 50 21
3 51 43 50
3 47 75 15
2 39 72
2 54 57
2 26 51
4 34 62 63 18
3 64 18 40
2 40 24
2 83 27
2 81 54
3 50 58 65
5 40 38 11 12 58
2 55 42
4 63 50 26 77
0
0
2 71 38
3 49 82 46
2 30 61
0
5 43 62 59 75 36
1 63
1 58
5 29 56 30 77 67
2 72 36
1 27
0
1 46
2 58 19
2 26 46
1 45
1 31
1 34
2 48 42
3 47 40 41
4 36 64 63 31
3 43 89 86
1 44
1 36
1 52
1 46
4 57 27 74 24
5 42 50 48 54 13
3 49 47 67
4 45 26 46 47
1 55
1 46
1 40
7 46 63 60 91 71 42 72
1 72
3 64 62 93
1 46
1 20
4 43 19 68 59
0
1 57
4 53 42 64 39
4 62 30 60 60
1 67
3 58 73 94
2 46 55
2 91 56
2 57 28
1 50
2 49 20
1 23
2 33 55
2 28 73
3 74 37 34
0
0
2 73 54
5 60 47 41 64 39
1 47
0
2 45 69
2 35 79
6 59 27 13 42 89 56
0
6 20 49 60 27 42 41
2 50 0
2 83 62
4 24 19 52 40
4 60 22 66 28
0
0
6 72 63 56 68 49 53
5 32 19 51 47 38
4 32 61 45 46
0
2 50 37
1 44
1 53
2 41 47
6 52 27 48 69 69 10
0
1 76
3 31 36 74
5 44 56 45 72 16
0
2 27 90
2 42 61
3 30 73 50
2 32 42
2 43 34
2 40 27
3 45 72 45
3 23 38 55
2 47 45
4 48 11 27 76
2 16 31
0
4 50 14 72 45
2 55 97
5 73 73 19 47 30
2 65 66
2 50 54
2 71 66
2 52 81
2 25 40
0
0
2 14 56
4 52 44 37 44
0
1 59
2 34 90
2 19 23
3 76 32 39
2 84 54
3 60 57 67
0
2 46 22
6 64 41 39 12 45 56
1 79
4 83 62 64 57
0
2 77 88
5 58 44 43 59 40
0
0
4 91 82 86 56
3 44 44 47
3 34 38 75
3 49 49 41
2 62 90
1 23
1 27
3 61 66 66
2 17 76
1 28
1 50
4 60 55 53 57
2 73 41
3 41 15 61
4 33 28 35 12
2 27 55
1 81
4 30 30 57 24
2 49 88
2 45 66
6 6 52 25 38 84 39
0
4 80 47 37 74
1 87
4 41 83 29 76
1 17
1 58
0
0
3 35 43 38
3 53 38 45
2 39 14
0
1 77
4 47 25 37 49
0
1 2
2 74 92
1 57
3 47 69 58
1 65
2 38 67
3 49 55 17
3 100 36 71
2 48 30
6 45 74 53 44 54 59
2 44 52
4 63 80 42 46
4 9 44 42 37
3 62 72 73
3 61 50 56
2 33 30
1 59
0
0
2 40 3
4 68 63 32 40
2 9 38
3 31 32 83
4 48 51 8 24
1 73
2 88 51
0
5 50 84 53 9 62
3 37 31 82
3 25 10 64
1 53
1 60
3 30 35 41
7 42 57 58 55 62 60 88
1 31
1 64
3 76 55 41
4 61 35 45 51
0
2 51 51
2 39 18
2 47 46
0
2 34 59
6 39 62 57 27 43 50
4 56 58 66 65
1 71
4 47 67 37 73
7 44 71 38 72 33 22 21
0
4 65 44 39 27
1 49
2 66 77
3 37 72 63
1 27
2 35 39
2 61 32
1 35
3 40 63 72
0
4 61 78 73 71
2 44 24
3 82 28 53
1 26
2 9 63
2 51 15
0
5 37 69 48 43 50
1 57
3 69 20 94
5 31 24 61 24 73
4 61 34 65 16
6 55 61 65 30 42 30
1 65
3 44 56 53
3 52 49 42
2 41 79
2 43 37
1 82
0
2 75 39
1 36
0
1 41
2 20 8
4 23 51 52 34
3 68 44 13
2 55 85
2 45 36
1 60
3 33 47 49
2 57 59
8 40 11 26 62 32 79 27 87
0
2 51 8
2 29 52
5 76 72 39 31 71
5 50 41 54 56 66
1 44
2 11 33
2 57 34
3 50 48 39
5 30 69 42 20 55
2 62 33
2 53 55
3 56 43 38
2 64 37
1 60
3 42 41 73
5 53 63 17 47 37
2 81 33
5 40 57 61 60 33
0
4 46 22 31 52
3 39 49 36
3 84 73 54
2 71 30
1 65
1 63
3 69 75 29
2 54 33
4 69 55 10 41
1 43
2 27 40
0
1 64
1 61
4 40 36 65 28
1 8
4 67 60 30 47
2 24 66
5 36 68 56 72 49
5 12 47 41 17 37
2 68 73
2 79 62
2 36 48
2 27 69
1 37
1 34
1 43
2 68 74
2 77 57
5 67 57 71 10 47
2 83 78
2 83 25
2 69 41
3 59 46 1
2 72 57
5 40 53 30 37 70
1 43
0
3 96 44 47
2 32 55
2 16 49
3 20 48 37
0
1 45
6 70 44 55 34 63 57
1 48
1 73
6 55 18 61 29 63 43
3 39 57 46
2 64 96
4 49 17 39 15
1 37
0
3 59 29 55
2 57 45
1 83
3 42 61 32
6 53 7 31 65 56 30
2 66 93
0
4 43 65 71 54
0
3 41 35 75
4 67 54 16 62
2 88 33
2 28 30
3 40 58 54
3 59 73 44
2 52 38
4 11 37 32 75
1 27
2 47 40
6 46 37 35 63 29 43
2 68 76
3 70 50 50
1 30
3 55 38 41
3 94 47 32
2 20 32
1 35
4 23 49 53 4
0
3 39 47 6
0
2 44 70
3 45 69 41
1 45
0
3 36 9 60
4 34 67 29 45
0
2 61 56
5 25 13 23 34 31
2 44 25
2 37 25
4 57 24 50 30
6 38 14 40 22 62 42
1 45
5 43 53 46 30 41
2 41 88
3 35 45 53
5 12 49 9 46 63
2 24 59
5 65 32 43 65 65
1 52
2 17 23
3 62 34 81
3 83 63 63
3 14 59 65
2 91 54
4 48 72 79 37
4 30 26 15 80
2 43 31
1 54
2 43 56
0
1 34
3 21 65 61
2 39 56
3 34 54 33
3 54 31 43
0
5 41 30 64 43 70
5 47 64 29 29 62
2 70 69
2 42 41
3 61 24 34
5 60 79 40 55 54
1 43
1 22
4 32 60 42 49
2 52 26
1 72
3 23 58 45
2 68 47
2 49 26
1 49
4 82 70 41 49
3 31 61 52
0
2 58 40
7 2 63 40 39 24 30 70
1 50
4 43 64 32 41
2 65 52
2 41 10
2 54 54
4 64 60 25 0
3 43 52 53
4 24 56 47 17
3 42 28 43
2 53 36
2 49 31
0
0
2 52 43
1 54
1 26
2 49 33
2 36 24
3 84 46 34
6 37 64 56 67 68 76
6 54 60 64 64 35 39
1 19
3 56 35 40
1 69
3 13 30 62
1 25
3 48 59 34
4 68 44 54 54
1 94
2 46 18
1 37
2 48 62
4 67 42 48 72
2 26 41
2 4 38
4 83 19 33 64
3 73 25 29
0
6 28 60 61 45 79 66
1 21
0
4 72 56 28 37
3 36 35 59
1 46
1 43
4 23 31 42 57
2 51 31
3 26 28 68
0
5 37 69 57 60 36
1 53
2 64 86
4 97 18 30 41
7 50 69 51 30 47 42 46
1 39
3 1 4 39
3 92 22 52
1 47
1 54
1 56
2 31 86
2 68 26
2 59 73
5 25 60 27 20 17
4 30 44 24 58
4 49 58 31 73
2 30 58
2 50 33
2 50 63
2 35 37
4 24 40 33 22
0
3 71 34 32
1 62
4 98 20 64 59
2 88 41
2 71 60
2 44 44
0
0
5 73 35 4 85 30
1 25
2 21 51
5 55 60 78 60 34
0
2 31 51
2 55 43
3 50 48 86
1 51
2 52 33
6 73 47 31 48 35 57
2 60 45
2 65 34
6 37 58 74 52 58 32
0
3 29 40 43
3 57 56 24
2 82 67
2 51 16
2 7 68
0
7 63 23 53 47 38 48 43
3 68 35 64
4 43 52 13 78
1 38
5 53 83 86 68 81
5 0 55 59 32 33
2 45 55
1 84
2 65 36
3 24 54 22
4 39 45 47 84
0
4 74 25 57 78
4 62 93 18 26
4 68 54 27 46
3 64 64 66
2 56 65
1 35
3 56 55 72
4 66 87 81 36
1 83
1 91
2 39 36
5 61 68 42 49 53
3 41 15 27
3 71 53 65
3 57 49 34
4 23 78 82 8
5 73 56 52 11 72
0
2 50 39
5 53 46 40 48 13
2 38 29
0
2 89 28
3 31 39 40
0
3 12 69 36
3 88 37 40
2 44 75
3 50 38 30
2 85 8
1 44
2 58 15
2 46 42
2 46 39
1 30
6 37 53 69 45 48 60
1 54
2 58 78
4 12 64 36 62
1 47
1 59
4 37 63 24 44
4 31 59 12 55
4 43 49 45 42
0
3 34 49 37
2 59 57
4 36 34 64 17
3 34 85 66
3 37 42 82
0
1 54
6 77 56 84 76 60 52
0
1 33
4 79 35 68 93
1 58
3 48 70 85
3 41 51 50
3 55 86 15
2 62 21
1 29
3 66 60 40
1 44
1 39
1 62
1 59
4 43 48 57 33
2 37 44
2 58 43
3 21 56 44
3 30 51 58
2 35 19
6 28 21 71 79 58 31
1 45
3 71 37 43
3 55 30 61
6 57 95 53 60 34 78
3 55 39 43
2 64 18
2 55 59
3 74 34 63
4 31 42 32 90
3 31 42 45
5 49 50 59 40 27
3 13 59 20
2 74 28
2 55 43
2 54 27
2 48 27
1 64
1 59
4 57 64 59 43
1 67
5 92 68 51 43 52
2 23 42
3 26 39 43
6 35 69 41 58 26 28
1 49
4 62 40 45 79
2 46 59
1 61
4 31 62 71 77
0
3 25 74 64
5 52 36 35 31 40
4 50 42 53 41
0
1 33
1 12
0
4 15 52 37 56
0
1 75
2 61 63
0
2 52 36
3 37 56 47
0
2 68 74
3 67 38 68
1 44
4 73 75 62 75
2 65 53
1 57
7 63 43 61 62 63 45 62
6 29 69 32 55 69 19
1 22
3 69 60 37
2 65 54
4 65 58 77 59
2 68 31
0
0
2 47 30
3 80 42 58
3 79 33 69
5 45 46 15 57 31
2 49 25
2 11 34
0
1 76
1 53
5 66 29 41 50 27
4 96 50 77 49
3 42 59 62
3 29 77 89
1 56
2 52 59
4 9 57 63 77
2 37 66
3 70 36 67
4 22 54 60 41
3 64 62 78
6 73 60 81 38 32 58
5 72 92 44 60 26
7 45 45 77 23 34 58 57
2 66 30
1 30
0
2 10 18
2 44 32
2 76 37
2 64 63
4 64 55 45 8
2 56 46
1 62
3 30 55 80
2 61 55
3 78 56 31
1 12
3 46 37 92
3 65 66 27
1 59
2 43 73
1 34
0
1 67
1 45
7 30 63 74 88 63 41 81
3 73 61 57
2 20 51
5 51 55 57 24 42
3 61 22 19
3 33 67 38
1 27
7 56 61 15 84 37 70 59
2 58 73
1 75
2 53 60
3 37 36 36
3 68 57 86
2 70 9
2 30 92
0
2 44 42
2 75 56
0
2 40 68
2 65 39
4 5 29 72 74
2 32 49
2 40 38
0
2 22 53
1 76
5 76 44 35 45 71
4 28 20 37 79
1 56
1 15
4 30 36 27 49
3 25 43 64
4 26 55 44 48
3 6 38 27
2 6 36
4 66 59 7 60
2 70 80
1 53
3 18 51 56
2 42 44
4 22 52 24 53
2 85 27
0
6 36 73 38 41 81 29
0
2 37 55
5 76 59 40 42 35
1 42
4 55 62 55 52
4 77 31 73 23
3 62 28 78
0
6 34 32 37 95 68 16
5 44 30 47 80 52
3 60 50 60
2 33 55
3 50 44 27
3 75 54 63
2 37 57
2 67 61
3 21 57 56
2 71 51
0
2 44 55
2 37 78
2 49 33
1 33
4 56 31 78 56
1 53
3 61 33 31
5 17 36 29 15 50
3 51 41 57
2 34 89
3 62 60 23
2 46 77
3 62 33 94
1 65
1 58
2 21 17
3 44 34 87
3 63 58 86
4 56 45 89 59
0
1 34
1 62
4 24 9 46 42
0
3 35 37 49
2 31 57
1 81
3 67 65 52
4 43 54 75 29
2 56 47
2 64 44
3 58 34 46
5 50 77 64 56 45
2 58 39
2 35 81
2 13 81
4 52 41 62 61
1 38
1 92
4 65 54 63 59
4 12 57 91 57
0
4 41 54 69 26
1 54
1 50
1 45
6 57 45 22 26 59 72
4 56 17 56 95
4 17 66 29 57
1 27
5 91 94 50 29 33
2 41 26
5 33 34 72 37 25
1 69
2 90 45
3 56 62 61
3 34 53 28
0
4 46 53 80 33
2 40 90
3 31 31 81
3 32 47 77
2 57 57
1 60
1 62
2 47 31
5 36 57 47 42 49
5 28 49 53 94 50
2 69 43
2 37 42
3 61 26 48
1 39
1 47
2 58 69
2 52 60
2 40 55
2 33 39
2 52 34
3 30 57 14
2 43 51
3 68 51 41
0
1 58
4 38 49 60 35
1 42
4 44 45 4 30
2 47 60
1 59
2 36 24
2 42 37
2 55 63
3 48 20 38
0
2 61 29
2 61 33
4 78 33 49 43
3 46 45 61
3 60 70 75
3 45 63 60
5 49 51 94 37 66
2 49 33
3 48 51 70
0
2 74 74
1 63
3 40 32 39
2 22 31
2 48 67
3 60 43 78
1 45
3 17 21 25
5 68 54 68 11 11
2 19 87
2 34 53
2 41 89
2 15 54
1 90
3 65 52 32
1 28
2 46 70
2 60 57
1 60
3 60 27 33
0
4 43 33 3 57
1 33
1 43
1 71
3 75 63 48
1 50
3 91 71 52
4 43 39 69 86
3 53 87 32
0
2 67 15
3 67 87 60
3 57 48 27
2 74 38
0
6 75 87 27 60 47 21
0
2 54 40
2 36 35
4 48 47 69 43
4 75 57 42 35
0
1 74
2 25 40
4 54 54 23 51
3 76 49 77
3 28 35 47
5 55 51 31 55 38
2 23 44
4 78 77 79 69
1 46
0
2 55 39
2 32 26
2 55 49
1 48
1 78
0
1 44
6 65 40 58 51 38 81
3 62 65 49
1 46
2 57 73
4 26 49 30 46
0
3 67 46 61
3 45 32 15
0
1 32
3 49 42 36
2 35 44
1 8
3 52 48 36
4 45 20 83 73
1 35
4 37 31 60 58
1 9
1 41
1 68
2 17 35
2 41 38
4 31 16 49 46
4 69 33 60 44
1 74
2 55 64
6 58 81 4 69 56 69
1 36
1 47
2 55 47
2 78 68
2 28 49
3 50 13 58
2 77 70
2 20 48
2 11 54
1 46
4 58 54 37 28
1 65
4 82 30 82 74
3 47 54 64
2 44 35
2 37 57
2 45 43
1 62
3 56 62 62
5 62 38 87 57 41
1 52
3 51 2 28
1 55
4 65 29 30 38
0
2 79 42
3 67 82 38
1 34
2 47 34
5 49 27 70 22 33
5 59 80 65 80 45
1 25
3 67 30 35
3 68 76 69
3 45 49 23
1 23
1 53
2 41 50
2 57 60
2 56 76
3 86 62 58
3 14 18 28
3 62 48 76
1 47
1 46
1 26
1 7
3 35 54 22
2 89 40
2 59 48
3 64 66 67
5 14 83 39 60 21
4 31 75 59 22
3 56 45 42
1 67
1 31
4 60 70 22 50
4 30 78 51 100
3 37 32 41
2 81 79
1 76
1 24
2 45 51
2 34 37
2 77 67
3 50 44 52
0
3 36 23 50
1 31
4 58 49 65 40
3 48 79 32
2 41 50
2 32 57
3 47 20 18
2 43 37
3 56 40 29
1 78
1 57
4 46 73 30 75
2 16 28
3 56 36 34
0
1 38
0
2 33 34
2 71 58
4 89 35 8 37
2 28 56
4 27 27 70 13
2 56 41
5 83 18 33 23 57
2 21 45
2 12 43
2 52 88
2 60 25
0
2 50 52
2 50 58
1 38
2 54 7
1 35
2 28 34
3 6 53 45
3 52 63 46
1 30
1 35
1 21
3 66 91 49
1 28
0
3 45 48 40
1 48
3 90 44 34
2 75 55
1 59
2 66 7
2 72 64
1 64
3 62 90 43
1 31
4 79 67 51 35
1 66
2 24 47
5 80 56 43 79 67
3 42 47 84
2 56 65
0
2 63 72
2 74 47
2 42 38
6 51 60 41 45 78 57
1 50
1 51
3 69 79 70
4 23 58 69 54
1 37
4 42 55 37 62
3 35 50 61
0
1 22
2 58 13
3 34 59 75
1 40
0
3 23 42 12
0
1 51
3 37 41 74
3 34 61 45
5 95 56 70 39 32
4 26 88 40 67
3 55 34 34
0
0
6 35 31 36 64 45 41
0
3 75 51 35
0
2 99 32
1 53
2 30 66
2 80 47
1 65
1 57
2 48 65
2 82 42
1 50
1 6
7 31 49 24 38 60 26 62
1 80
1 80
3 65 58 51
2 43 74
1 54
2 60 28
1 80
1 41
1 74
1 42
2 33 59
4 57 33 52 54
3 39 47 64
2 60 36
2 45 29
5 62 79 51 41 55
1 58
1 54
2 56 23
1 21
2 56 33
0
2 46 52
2 13 31
0
2 40 38
1 17
3 75 97 58
2 49 63
0
3 24 38 87
2 75 94
2 34 50
1 56
1 38
2 49 8
1 61
0
0
2 59 57
1 40
3 46 45 18
3 27 87 35
1 87
1 74
2 45 74
3 47 58 78
3 79 24 32
3 63 41 55
2 36 71
2 67 48
3 35 58 40
2 72 53
2 93 35
3 44 18 46
2 21 62
3 39 36 74
1 62
3 47 31 43
3 29 72 70
1 70
2 75 65
1 51
4 85 43 74 23
1 52
2 79 28
3 70 53 61
2 67 39
1 26
3 30 82 53
5 60 6 31 28 92
0
4 53 51 23 87
1 58
2 35 45
2 61 69
2 48 67
1 56
4 44 47 37 33
4 41 50 41 61
2 79 50
4 76 67 32 54
4 17 11 65 71
2 38 50
2 84 30
3 48 88 30
1 48
2 29 62
1 36
1 15
2 48 43
2 50 63
2 20 69
0
0
0
2 34 47
1 59
1 43
0
0
2 52 56
1 60
3 53 57 43
2 56 44
3 1 50 66
1 56
3 61 78 66
2 47 87
0
0
4 56 61 43 51
0
1 53
1 27
2 29 50
3 79 21 29
0
4 68 73 39 46
3 37 57 51
2 45 38
1 38
1 46
2 21 36
3 62 49 34
2 51 75
0
1 47
1 88
1 27
2 46 27
6 75 21 64 36 30 40
1 56
3 10 56 64
3 33 54 1
1 64
4 46 75 74 26
2 5 71
1 62
2 77 47
1 27
0
1 37
1 50
6 93 25 20 39 66 57
1 58
5 81 73 18 43 67
3 51 53 73
1 32
0
2 63 79
3 30 60 69
1 25
2 25 80
2 79 63
0
1 3
2 59 87
2 46 83
2 58 51
2 59 80
1 54
3 62 36 48
2 61 76
1 77
2 18 60
1 71
3 36 56 39
2 30 50
2 50 55
0
0
1 45
0
3 45 52 73
2 69 67
2 46 64
2 76 42
3 63 79 47
0
0
2 60 32
2 36 47
1 40
2 39 58
4 50 77 24 42
3 19 63 61
0
3 44 41 86
0
1 21
0
0
3 50 85 40
0
4 67 44 64 43
1 69
3 42 59 76
7 67 75 77 53 54 56 57
2 69 58
0
4 57 53 52 42
3 38 55 69
1 63
0
2 68 42
1 43
2 65 60
1 61
0
0
3 11 60 43
2 49 65
0
2 26 61
3 52 50 74
4 68 46 61 87
3 58 55 60
1 30
3 46 18 85
2 43 64
2 39 65
0
0
3 58 64 55
1 76
1 23
2 26 70
2 30 44
1 46
2 28 65
0
2 70 65
0
1 71
2 20 69
3 34 56 47
0
2 39 69
3 31 66 41
1 87
0
1 46
2 49 35
3 41 26 45
2 45 54
0
2 66 89
1 20
0
4 46 70 72 53
1 62
3 65 52 18
2 58 63
0
0
0
1 16
1 43
3 53 43 75
2 74 47
1 49
1 41
1 46
2 50 57
2 53 67
1 59
2 23 35
1 47
2 67 42
1 36
4 57 36 25 26
3 62 83 89
2 25 41
1 65
2 42 63
2 39 49
2 50 42
3 55 57 39
2 27 59
0
1 38
1 51
1 48
1 85
5 39 21 48 30 78
3 28 65 74
1 38
1 28
1 57
0
1 71
1 33
3 28 13 41
0
0
1 31
1 35
2 25 15
2 44 45
1 22
2 38 78
4 51 33 61 61
0
0
2 43 50
2 41 78
4 37 41 69 56
0
2 60 60
0
5 49 26 60 65 77
0
3 59 49 74
1 45
2 52 68
1 20
2 87 67
1 59
2 37 66
1 64
0
2 32 74
2 67 37
0
0
2 18 46
3 50 30 29
2 68 35
1 32
0
2 50 20
1 62
2 59 80
0
0
0
0
2 75 31
2 53 72
1 70
0
3 77 56 46
0
4 36 54 42 38
1 65
1 66
3 35 25 25
1 47
2 68 62
0
1 70
1 67
1 69
1 52
5 52 33 46 7 62
3 42 37 33
0
2 46 32
2 80 59
0
4 21 78 26 30
0
1 56
1 21
2 8 56
2 44 32
0
2 51 69
2 65 21
0
1 36
0
1 52
1 64
3 26 30 67
0
1 49
0
3 63 72 81
4 32 40 40 46
1 63
0
1 78
1 47
0
3 91 57 65
2 29 39
1 54
2 78 35
1 58
0
4 58 69 44 62
2 20 71
1 30
2 32 56
1 51
1 45
2 30 47
2 27 28
2 63 17
2 48 18
1 25
0
1 53
2 56 46
0
0
1 32
0
1 67
2 61 59
1 33
0
1 71
0
1 36
1 79
2 59 81
2 22 17
0
0
3 12 38 37
1 34
3 46 69 50
3 20 36 33
1 38
1 33
1 27
0
1 48
2 60 25
1 69
1 47
1 61
4 67 61 66 40
0
1 45
0
1 78
0
1 22
1 55
2 45 75
3 64 49 29
1 41
1 22
0
3 59 45 27
3 62 84 66
0
0
2 84 57
1 54
3 58 28 55
3 77 30 26
1 72
0
1 64
0
1 70
1 32
2 53 54
1 44
1 57
1 12
0
0
2 84 68
0
1 56
2 70 63
2 33 24
3 55 71 35
0
2 58 7
0
2 23 43
0
0
1 63
3 29 10 69
0
1 48
0
1 75
2 52 62
1 26
4 41 39 48 67
2 96 27
2 53 59
1 49
2 43 38
1 56
0
2 64 77
1 34
2 8 49
2 53 60
0
1 91
1 72
2 60 76
2 45 26
1 34
1 43
1 51
1 20
0
3 52 25 42
2 51 40
2 47 77
4 73 17 63 65
0
1 45
2 71 66
0
0
1 76
3 77 16 28
1 56
1 76
0
0
0
3 50 28 36
1 32
0
1 47
0
1 57
1 40
0
0
0
2 52 36
1 61
2 63 71
1 47
3 15 53 35
1 17
1 51
0
1 57
1 27
0
2 25 12
0
2 56 31
0
1 67
0
1 76
0
3 43 15 21
0
1 31
1 19
1 29
1 43
0
4 37 59 68 66
2 58 24
1 79
2 65 47
1 65
0
0
2 77 43
0
2 45 55
0
2 35 21
1 62
2 56 36
2 62 67
1 53
1 41
1 68
0
0
0
4 36 53 14 40
3 37 63 37
0
3 39 56 72
2 74 14
1 64
1 65
0
0
0
2 49 72
1 43
1 66
1 18
3 53 44 64
1 10
0
0
0
2 60 43
0
0
0
1 55
0
2 51 63
1 31
0
2 68 69
1 68
0
2 73 68
4 19 76 45 25
2 39 98
2 68 78
1 46
0
1 32
1 37
0
1 54
0
2 38 76
1 73
2 54 64
0
1 37
0
1 44
2 83 42
0
0
0
1 78
0
4 44 23 47 87
2 53 40
0
0
1 55
1 55
1 71
2 28 58
1 59
1 59
1 31
1 46
0
0
2 71 46
1 41
0
1 53
0
1 23
1 23
1 76
1 38
1 62
0
0
0
0
2 86 31
2 37 50
0
2 44 64
1 46
0
0
3 39 57 65
2 67 43
0
1 28
3 39 83 87
2 96 37
0
2 21 44
1 84
0
1 40
1 49
0
0
1 34
1 80
0
0
1 30
1 66
0
2 76 34
3 61 45 68
0
1 49
3 42 63 55
0
0
0
0
2 43 65
0
1 62
3 55 25 5
0
0
1 35
0
0
0
0
0
2 33 55
2 40 65
1 33
0
1 45
1 48
1 76
1 61
0
1 39
0
1 58
2 44 42
0
1 80
1 52
2 100 72
0
0
1 42
1 40
1 45
2 67 85
0
1 48
1 46
0
0
1 47
0
0
1 29
0
0
1 42
3 29 36 58
0
1 34
2 56 34
0
0
1 57
0
2 49 43
2 35 14
1 16
0
1 33
1 12
1 31
0
1 42
0
0
2 27 47
3 88 42 27
1 32
0
0
1 27
1 35
0
1 57
0
1 45
0
2 62 45
0
0
0
0
0
2 31 53
0
4 37 40 90 22
0
0
1 41
0
1 46
1 54
1 52
0
2 42 47
1 48
1 26
0
0
2 52 44
1 77
1 66
0
2 31 64
2 29 24
3 53 56 49
1 33
0
0
1 43
0
2 24 58
1 67
1 55
1 41
0
0
0
0
0
0
0
1 82
1 49
1 78
0
1 42
0
1 55
0
0
0
0
0
1 90
0
0
0
0
0
1 54
3 48 36 29
0
2 9 10
1 38
1 28
1 32
0
1 89
0
3 40 81 10
2 74 57
0
0
1 55
1 92
1 26
2 45 67
2 40 51
0
1 79
0
0
1 87
2 37 76
0
0
0
1 38
2 88 88
0
0
0
0
2 60 3
1 76
1 43
1 55
0
1 43
1 56
0
2 75 26
0
0
0
0
1 81
0
1 80
2 52 23
0
0
0
0
1 69
0
0
0
1 48
1 35
1 78
0
1 63
2 32 72
1 42
1 75
0
0
1 39
0
0
1 50
1 57
1 64
0
0
0
2 45 48
0
0
1 62
0
1 46
0
1 37
1 42
2 37 15
1 40
0
1 63
1 65
1 60
0
0
1 38
0
0
0
1 67
0
1 50
1 59
0
1 65
1 96
0
1 51
0
0
0
1 66
1 18
0
0
1 95
0
1 77
0
1 61
1 30
3 59 67 57
0
1 46
0
0
2 59 20
1 46
2 18 33
0
0
0
0
2 25 39
0
0
1 58
2 63 43
0
0
2 56 90
2 54 95
0
1 57
1 50
1 77
1 56
0
0
0
0
1 53
0
0
0
1 77
1 49
0
0
2 72 73
1 57
0
0
0
0
2 29 61
0
0
0
2 59 60
0
0
0
0
0
0
1 58
0
1 62
2 67 89
0
1 18
0
0
0
1 32
0
0
0
0
1 57
1 20
1 24
2 42 66
2 39 79
0
0
0
0
0
0
1 59
0
1 31
0
1 55
2 62 41
1 54
1 54
0
1 74
0
1 42
0
0
0
0
0
0
1 43
2 82 32
2 66 72
0
1 79
0
1 22
0
0
0
0
0
2 31 91
0
0
0
2 72 40
0
1 42
1 46
0
1 45
2 59 39
0
0
0
1 14
0
0
0
2 69 44
0
1 62
1 31
0
0
0
1 68
0
0
2 31 50
1 24
1 68
1 39
0
1 31
0
0
2 29 35
2 50 29
0
0
0
0
0
0
1 28
0
0
0
0
0
1 68
0
0
1 29
0
0
0
1 69
0
1 82
2 15 42
2 50 28
0
1 56
1 49
2 68 41
0
1 62
1 26
0
0
1 55
0
2 52 71
0
0
0
0
0
2 52 62
1 48
1 62
0
0
0
0
1 46
0
0
2 25 44
0
0
1 15
0
0
0
0
0
0
0
0
1 82
1 16
0
0
1 77
1 79
0
1 40
3 47 45 53
0
0
1 60
1 65
0
0
0
0
1 46
0
0
1 41
1 8
2 23 60
1 86
1 50
1 34
2 41 13
0
0
0
0
0
0
1 58
0
1 52
1 53
0
0
0
1 85
0
0
0
0
1 45
0
0
2 65 55
2 68 27
0
0
0
1 54
0
1 32
0
1 71
0
0
1 34
0
0
1 55
0
1 30
0
2 40 81
1 63
0
1 75
0
1 30
0
0
1 30
0
0
1 62
1 69
2 72 51
1 39
0
1 44
1 49
0
2 16 53
0
0
0
2 40 71
0
0
0
0
0
0
1 16
0
0
0
0
0
1 56
1 53
0
0
1 42
1 32
0
0
0
1 75
0
1 23
0
0
1 49
0
1 46
1 31
0
0
2 70 35
1 28
2 30 39
0
0
0
0
0
0
3 23 13 24
0
0
1 41
2 49 60
2 53 13
0
0
2 61 43
1 91
0
1 60
0
0
1 51
1 59
0
0
0
0
1 53
1 57
1 86
0
0
0
1 49
1 60
1 39
0
0
0
0
1 41
0
0
0
0
0
0
3 44 51 86
0
1 51
0
1 62
0
1 62
2 47 19
1 58
0
0
1 46
1 52
0
0
1 78
1 77
0
1 58
0
0
0
2 39 69
0
0
1 63
0
1 51
0
0
1 50
0
0
0
0
1 60
0
1 10
1 45
1 35
0
2 41 43
1 97
0
0
1 46
0
1 47
1 50
0
1 86
0
1 54
2 68 54
0
0
0
0
1 46
0
1 83
0
0
0
0
1 42
2 40 63
0
1 26
1 76
0
2 68 30
0
0
1 59
0
0
1 18
1 83
1 51
1 13
0
1 22
1 55
0
1 43
0
0
2 36 51
1 34
1 10
0
1 25
0
1 55
0
0
0
1 48
2 17 65
1 50
2 8 46
0
0
2 34 59
0
1 73
1 24
0
0
0
0
0
0
0
0
0
3 50 64 64
0
1 59
2 44 47
0
0
1 22
1 41
1 45
0
0
0
0
0
2 71 47
0
0
1 49
1 54
1 31
0
2 56 71
1 31
0
0
0
0
0
0
1 44
0
0
1 69
2 56 43
1 45
2 57 18
1 32
4 56 43 32 41
0
0
0
0
0
1 34
1 44
1 98
0
0
0
0
0
0
0
1 64
0
2 16 38
2 46 72
1 48
1 46
1 53
1 27
1 67
2 53 51
1 11
2 50 85
0
0
0
0
0
0
0
0
0
0
2 84 57
0
2 16 26
0
0
1 66
1 64
0
0
1 73
1 48
1 22
0
1 51
1 50
1 10
1 56
2 98 46
1 48
0
1 42
2 45 33
2 40 12
0
3 33 51 31
0
1 64
1 13
0
1 14
0
2 7 67
0
1 45
0
1 61
0
0
1 7
0
1 31
0
1 44
0
2 81 88
0
1 59
0
2 39 82
0
1 39
0
2 58 51
0
1 66
2 43 55
1 45
0
1 24
1 33
0
1 57
1 46
2 35 77
2 88 7
2 52 41
0
1 55
0
0
2 53 53
0
1 26
0
0
1 79
0
0
1 18
0
1 60
1 46
0
0
1 47
1 55
2 39 34
0
0
1 75
0
0
2 41 25
0
1 50
1 60
0
4 19 51 27 36
0
0
0
1 44
0
1 82
2 55 38
1 61
2 77 54
0
0
1 43
0
2 15 13
1 35
0
1 69
0
2 70 8
0
0
0
0
1 13
0
1 42
0
0
2 46 47
0
2 61 57
0
3 58 24 50
0
0
2 83 64
1 25
1 56
1 40
2 32 44
0
2 92 33
0
3 63 71 64
0
0
2 36 83
1 76
1 47
0
0
1 61
1 40
2 80 59
0
1 16
0
0
2 23 63
1 77
0
1 63
2 60 41
0
2 44 34
1 24
1 36
0
0
0
0
1 39
0
0
2 35 65
0
0
3 79 99 68
3 49 44 52
0
2 18 46
0
0
1 62
3 51 50 53
0
3 25 3 22
2 63 42
2 43 63
1 36
0
1 43
0
1 78
1 52
0
1 53
2 72 74
1 99
2 49 56
1 46
0
0
2 8 41
1 43
1 37
0
0
0
2 52 27
0
