3600 4
1 70
1 69
0
1 15
0
0
0
0
2 35 54
1 37
0
0
0
1 26
0
1 37
0
1 67
0
2 31 49
0
1 37
1 60
0
1 56
0
0
1 15
0
3 37 46 73
0
0
0
0
0
0
0
0
0
2 44 41
0
1 34
1 58
0
0
2 75 45
0
0
0
0
0
1 51
0
1 33
0
0
0
2 31 79
1 56
1 54
1 1
1 73
0
0
0
0
1 43
0
2 30 27
0
0
0
1 40
0
1 35
1 24
0
0
0
0
0
0
1 51
2 38 8
0
0
0
0
0
1 51
0
2 40 61
0
0
0
0
2 61 94
1 66
1 53
0
1 33
1 39
1 84
2 77 17
0
0
0
0
1 69
1 67
0
1 64
0
1 39
0
0
2 35 88
1 70
0
0
2 52 65
2 75 30
0
0
1 28
0
0
0
1 44
1 1
0
1 40
1 52
0
1 51
0
0
1 52
0
0
0
0
0
1 61
0
2 69 50
0
0
1 57
0
0
0
0
1 39
0
2 45 66
0
0
0
1 51
1 51
2 51 51
1 37
0
0
1 63
1 49
0
0
1 32
1 52
0
1 44
0
0
3 100 74 48
0
0
0
0
0
1 82
0
0
0
0
0
0
0
0
1 57
1 37
1 20
1 56
1 64
0
1 68
2 37 40
1 62
0
1 72
0
1 44
1 34
1 22
0
1 15
0
2 55 45
0
0
0
0
1 31
0
1 54
1 49
1 25
0
0
0
2 41 64
1 28
1 87
1 89
1 59
0
0
0
0
1 53
0
1 41
1 68
1 65
0
0
0
0
0
0
0
0
1 79
0
1 63
1 35
0
0
1 40
0
0
0
1 56
0
3 52 81 43
0
1 49
1 94
2 47 42
0
0
1 43
0
1 59
2 53 30
2 54 47
1 32
1 67
2 55 87
1 17
2 66 31
0
0
0
0
2 68 70
0
0
0
1 65
0
0
0
2 31 25
0
1 28
0
0
2 76 21
0
0
2 15 20
1 22
0
0
0
2 34 48
1 68
0
0
1 66
1 42
0
0
0
0
0
1 25
0
0
0
0
1 75
0
1 65
0
1 55
2 57 49
2 31 34
1 53
0
0
0
0
0
1 37
1 54
0
0
1 62
0
0
0
1 73
0
1 45
2 24 45
1 47
1 46
1 45
0
0
0
1 43
1 43
1 36
0
0
0
0
1 17
3 36 58 29
1 61
3 25 62 51
0
0
0
1 61
0
0
0
1 56
0
1 51
0
1 57
1 66
0
0
1 50
0
0
2 70 30
1 62
0
1 20
0
2 50 26
0
1 42
1 55
0
2 24 56
0
1 42
0
0
2 66 39
0
0
3 60 72 16
0
1 41
0
0
0
0
2 70 25
0
2 69 44
0
0
0
2 51 60
0
2 56 76
0
2 40 50
0
2 65 66
0
1 34
0
1 31
1 66
2 63 21
0
0
1 94
0
2 73 39
1 54
0
0
0
3 53 47 76
0
0
0
1 46
0
0
1 35
0
1 51
1 80
1 84
2 59 16
1 51
0
0
2 74 29
0
2 36 20
1 72
0
0
0
1 38
0
0
1 93
1 63
2 73 48
0
1 98
1 46
1 53
0
0
4 49 23 28 59
1 67
0
0
1 48
2 68 48
0
1 51
0
1 22
0
0
0
2 66 62
0
1 51
1 57
1 53
1 48
1 38
0
0
1 70
0
1 36
0
0
1 49
1 78
3 52 71 59
0
1 36
1 66
1 59
1 52
1 45
0
0
1 48
0
0
1 49
0
3 47 59 42
0
0
1 57
0
0
1 38
0
1 44
1 47
0
2 16 46
2 61 50
0
0
1 62
0
1 71
1 59
2 22 73
1 23
1 72
1 49
3 36 46 48
1 76
2 10 33
1 61
1 35
0
1 3
0
2 59 38
2 32 40
0
1 60
0
2 5 47
1 92
0
1 28
1 61
0
0
1 50
1 31
0
1 40
1 76
2 73 37
2 10 76
0
1 46
0
0
1 44
0
1 18
0
0
1 6
2 85 27
1 27
1 72
2 59 53
1 80
0
3 53 68 43
1 49
0
1 59
2 60 23
0
2 70 37
0
1 61
0
1 72
0
0
0
1 33
0
0
1 68
1 47
0
3 47 58 42
0
1 28
1 34
0
2 61 86
1 17
1 61
0
1 82
2 52 49
0
0
0
3 46 32 54
2 52 64
2 32 48
1 74
1 47
0
1 57
1 69
0
1 26
0
3 47 54 22
0
1 42
2 63 35
0
0
0
1 41
1 49
0
0
1 1
0
1 28
0
0
2 11 26
3 44 41 22
0
1 56
1 33
1 23
1 59
5 75 61 53 91 29
1 21
0
1 53
1 40
3 42 23 79
1 71
1 41
3 45 60 42
3 72 76 50
0
2 25 66
0
0
2 69 45
1 55
3 70 52 60
0
2 51 70
0
0
0
0
2 49 69
1 29
0
0
0
0
1 54
1 49
0
1 64
1 53
2 55 57
1 39
1 46
0
0
3 49 48 32
1 49
1 66
1 24
0
0
3 22 77 7
2 52 82
1 51
5 55 55 43 50 28
0
2 51 68
2 64 55
1 68
0
1 57
0
1 39
0
2 76 53
0
3 63 42 23
1 54
1 35
1 25
3 51 53 45
0
1 52
0
2 41 72
1 67
1 97
0
2 48 35
0
0
0
0
0
2 38 37
1 50
2 80 63
2 52 83
2 57 43
2 44 70
1 68
2 17 77
2 58 77
0
1 57
2 47 47
1 35
1 61
0
1 64
2 56 20
1 39
1 52
0
0
2 36 35
1 94
0
1 53
1 77
1 59
1 24
4 65 74 41 30
2 49 39
0
3 39 28 51
0
0
1 78
2 29 93
3 73 84 13
0
1 82
1 44
1 43
0
1 39
1 40
0
1 48
2 52 51
2 15 30
1 85
2 46 25
1 54
0
1 26
0
0
0
2 76 61
1 82
1 25
2 8 30
2 56 59
1 44
0
0
0
3 34 47 56
2 44 43
0
2 49 34
1 11
3 55 68 33
0
1 62
2 79 32
0
0
2 39 45
1 29
2 63 81
2 34 53
1 51
0
1 57
2 73 56
0
1 42
1 70
1 65
3 65 53 77
2 49 30
0
2 69 38
2 30 84
1 66
1 39
2 53 43
1 51
2 65 42
2 70 23
1 11
3 29 5 82
3 63 67 51
1 65
0
2 68 81
1 32
1 41
1 36
0
2 18 70
1 65
2 52 49
1 24
1 39
2 81 15
2 54 69
1 47
4 48 62 65 37
1 47
1 54
1 42
2 52 42
2 27 20
0
0
1 43
0
3 78 46 90
1 29
1 36
0
0
0
2 0 60
2 23 25
0
1 69
1 56
2 90 81
2 54 62
3 51 52 29
0
1 74
1 68
4 23 53 82 56
1 40
0
0
1 72
0
2 60 41
3 78 31 55
1 39
1 40
0
1 69
1 47
2 58 43
1 63
0
3 47 56 26
1 59
1 37
0
2 34 56
2 50 30
0
2 41 55
1 52
0
5 70 58 53 43 10
1 52
4 82 48 42 65
2 94 65
3 49 65 65
1 69
0
2 65 39
0
2 43 19
0
0
0
2 58 26
1 62
3 45 39 59
2 52 33
1 76
2 54 74
3 47 76 49
1 33
3 34 42 79
4 42 15 46 65
0
1 31
2 12 69
3 44 50 64
0
1 73
0
3 29 49 51
1 31
1 67
1 63
0
3 58 63 41
1 50
2 78 72
0
0
1 54
3 54 47 26
1 63
3 47 25 81
2 25 35
1 31
0
2 61 14
2 28 43
2 63 23
0
1 36
1 55
0
3 42 70 51
3 45 73 73
0
0
1 57
2 62 43
2 52 68
2 57 86
4 60 18 74 72
1 51
1 32
2 69 87
1 53
1 90
2 65 29
3 57 46 41
0
3 47 51 58
0
1 62
1 61
1 65
1 72
1 22
1 32
1 58
4 47 44 53 29
0
0
2 28 58
2 52 51
1 36
2 46 53
3 37 81 61
1 50
0
4 19 65 52 26
1 23
1 53
1 53
2 59 44
1 69
2 36 60
1 74
1 44
3 51 69 49
3 44 58 41
2 57 71
3 55 68 50
1 39
1 48
2 24 63
1 47
2 47 36
3 37 23 40
1 99
2 36 65
1 30
2 32 10
1 54
2 36 47
0
1 92
2 50 64
2 55 50
4 30 54 88 69
0
2 72 48
2 57 60
1 43
0
3 61 56 34
0
1 69
0
1 38
4 42 64 63 80
3 36 47 59
1 71
0
2 70 69
3 36 53 23
3 72 25 28
3 35 27 69
4 85 86 5 46
2 67 68
1 85
0
0
0
1 56
2 37 61
1 8
3 87 51 57
1 55
1 12
1 54
2 46 69
1 41
0
1 83
4 31 56 87 40
0
2 52 64
1 60
3 55 56 77
1 38
1 59
1 77
3 98 68 8
1 42
1 59
1 67
3 33 13 49
2 6 30
4 31 41 36 32
3 75 74 45
2 23 55
2 78 15
3 50 45 50
3 68 49 27
1 77
2 53 48
0
0
1 64
1 68
3 52 73 47
2 15 63
2 10 61
2 51 37
3 40 57 68
2 72 0
0
1 47
1 45
0
0
4 69 51 55 85
0
2 26 58
4 27 42 54 53
2 48 32
1 54
3 24 62 17
2 24 53
3 36 42 58
1 82
2 24 17
3 61 69 52
2 60 62
2 46 28
2 59 55
0
0
2 47 41
3 50 45 28
0
3 47 89 46
3 48 54 71
1 48
0
0
0
2 57 28
3 52 67 27
3 52 58 32
5 85 48 69 47 54
3 46 80 52
2 78 62
0
2 14 58
2 53 33
0
0
1 89
3 54 33 60
1 82
2 47 58
0
2 38 37
2 72 62
1 65
3 53 48 32
1 28
2 63 55
1 60
4 17 58 18 26
1 43
3 49 27 82
3 40 31 77
0
1 22
3 40 45 34
5 50 49 60 72 61
2 81 30
2 49 75
4 45 68 82 42
3 44 2 53
2 57 30
2 58 71
0
2 84 67
2 74 58
1 64
4 40 26 26 72
0
3 45 55 79
1 49
3 41 54 38
2 39 55
1 27
1 79
1 93
1 36
2 70 54
2 37 100
1 90
1 57
0
1 36
2 58 69
2 68 43
3 38 21 76
1 70
3 65 51 46
0
1 71
1 49
0
6 47 60 25 26 36 39
1 27
1 73
2 48 55
5 3 62 77 82 67
2 58 62
3 62 61 19
2 75 25
4 22 89 50 55
2 26 34
0
4 55 41 13 56
5 36 81 41 36 81
2 34 25
1 83
1 49
3 49 56 40
1 76
1 40
0
3 12 94 56
2 71 61
1 67
2 64 33
2 46 61
0
4 65 55 73 49
3 48 93 39
2 73 85
4 46 62 35 18
0
1 18
0
0
3 34 73 59
2 59 77
1 83
2 40 59
1 33
3 46 60 42
4 46 9 55 63
5 49 57 68 43 70
0
1 70
1 26
3 74 69 34
3 55 27 83
1 40
2 26 74
1 22
1 42
2 55 51
0
0
2 34 63
1 46
0
4 41 78 53 41
7 44 25 22 43 65 44 55
5 59 21 80 48 75
1 61
4 54 72 47 33
1 49
1 73
2 79 35
1 1
4 41 52 20 30
0
0
3 68 54 50
1 20
2 70 67
4 32 49 54 46
3 92 47 57
1 41
1 99
0
1 17
2 30 48
1 37
2 12 39
1 68
3 10 28 37
0
2 85 30
0
1 37
1 45
3 33 39 44
2 69 76
1 17
0
3 51 28 23
0
8 58 39 35 30 46 72 61 33
1 20
2 45 62
2 55 25
4 72 91 41 62
0
1 33
2 64 70
2 28 74
3 64 44 49
1 74
5 62 31 64 42 84
5 2 44 40 72 48
1 40
2 63 59
0
0
2 36 42
2 33 61
3 43 40 46
5 17 66 63 70 29
2 49 32
3 64 33 76
3 77 60 51
4 58 51 50 64
0
3 75 49 68
3 38 36 45
2 43 23
2 26 63
0
2 72 59
1 71
0
3 49 50 71
2 67 54
3 30 46 44
1 22
3 57 41 35
2 37 56
2 47 57
0
0
4 68 42 68 56
1 48
2 68 52
2 32 37
2 29 33
1 53
4 68 32 30 26
3 52 54 73
0
2 69 75
3 63 47 77
0
3 75 70 48
2 46 82
1 53
1 41
5 47 33 72 32 34
1 38
2 78 50
1 55
1 44
1 37
3 42 52 31
3 82 23 23
3 48 94 87
1 39
3 10 73 17
2 44 0
1 27
7 28 33 49 35 62 42 9
3 76 46 80
2 45 39
1 35
2 50 50
3 14 76 14
4 47 23 33 92
2 90 45
2 12 54
1 29
2 71 85
1 63
3 59 53 32
2 64 70
2 70 96
3 54 63 67
4 65 64 46 50
1 31
6 40 82 32 53 61 42
2 54 59
4 64 39 53 57
0
3 32 41 27
3 13 86 58
0
4 67 51 64 67
3 64 29 19
2 2 23
4 58 15 84 28
1 37
0
1 23
4 72 60 52 41
2 60 6
0
4 65 24 44 40
1 36
0
3 28 51 31
3 30 46 15
1 48
1 67
2 57 48
1 56
4 50 19 64 55
1 28
1 75
2 60 43
1 45
2 20 52
1 22
3 92 85 58
1 20
4 23 43 66 63
1 64
3 41 37 77
2 72 17
2 36 59
4 74 97 64 64
2 68 45
2 81 69
1 73
3 31 54 18
3 41 73 69
3 55 61 72
2 74 52
3 29 79 35
3 0 52 27
4 44 74 37 14
3 36 74 58
1 33
0
3 15 47 43
1 68
1 32
2 80 31
4 75 63 78 17
1 66
1 50
1 34
3 65 49 39
2 34 41
3 39 21 64
3 32 54 48
2 57 37
2 52 53
0
6 93 79 30 69 55 54
3 71 40 44
4 53 19 77 53
1 55
2 39 46
1 39
1 55
1 58
0
3 27 52 83
1 34
3 70 40 35
1 90
1 18
2 59 53
4 29 52 48 29
2 31 74
5 59 77 43 64 80
1 29
2 48 50
4 40 61 70 80
1 64
5 61 22 32 42 86
3 60 84 42
2 40 22
5 46 20 54 58 31
2 22 16
1 79
1 65
1 52
4 28 68 29 73
2 60 64
1 51
3 42 76 21
3 54 27 45
1 90
4 77 24 84 58
3 56 28 63
4 25 48 62 35
1 60
2 25 36
7 54 10 51 85 74 70 48
3 43 34 86
0
1 28
2 27 97
2 49 38
3 58 68 9
2 35 62
1 38
4 73 55 39 31
6 68 50 37 20 69 27
0
4 50 35 35 35
0
1 65
0
3 65 38 55
0
4 65 30 5 56
2 41 75
2 66 57
3 62 48 44
4 36 17 54 31
1 59
2 49 33
1 74
1 41
2 45 55
3 46 36 52
0
1 24
5 41 69 69 60 68
2 55 24
2 89 66
4 68 9 64 79
3 54 48 64
2 35 69
2 58 45
1 67
2 42 40
0
2 54 65
3 76 74 0
0
5 84 56 50 35 25
1 28
3 81 43 86
6 46 37 8 60 32 56
0
2 43 68
0
2 66 35
5 50 77 42 39 71
1 60
2 35 25
2 42 23
5 65 52 60 90 63
3 31 27 39
6 13 41 74 44 22 79
2 43 38
2 46 46
2 26 37
3 15 35 60
1 19
3 50 62 49
1 85
2 59 80
3 76 41 53
3 62 91 31
3 30 28 74
0
3 40 66 26
1 60
2 87 70
1 49
2 90 35
4 25 77 34 39
0
7 56 73 71 53 46 83 32
1 24
2 38 44
2 16 32
2 42 55
2 36 77
2 7 40
4 51 17 69 85
2 50 69
3 61 59 36
3 36 63 72
1 38
4 46 58 79 72
0
4 51 33 29 44
4 45 56 34 57
2 58 62
0
5 41 21 56 80 56
4 57 35 38 38
2 64 31
3 38 46 69
1 72
3 52 68 35
1 35
3 46 70 49
1 33
2 8 52
2 61 65
2 37 43
4 56 56 38 28
4 54 83 67 90
5 53 44 54 65 78
0
2 74 54
4 46 70 26 21
5 59 44 64 32 42
2 33 44
2 87 65
2 99 42
1 22
2 20 75
0
1 20
1 59
2 57 32
5 42 81 73 41 92
1 41
1 41
4 66 66 41 93
4 49 54 37 53
4 27 47 56 80
2 59 35
3 58 16 40
3 64 82 69
4 59 49 91 84
4 56 79 79 43
4 50 20 60 43
3 51 64 96
1 53
1 57
3 50 43 95
1 32
1 92
1 64
1 41
2 32 53
5 19 42 56 53 35
0
2 71 30
3 45 54 68
1 69
1 67
4 53 53 74 80
4 25 47 19 29
1 80
2 59 39
2 52 62
4 68 78 67 73
3 73 43 26
4 36 43 55 37
2 17 78
0
1 78
1 34
2 65 38
2 41 45
3 23 46 53
0
4 80 48 60 56
2 58 82
4 86 80 40 63
5 51 59 34 72 83
3 20 64 55
6 48 26 45 35 26 45
4 43 42 75 39
3 31 58 59
2 33 18
3 43 65 72
2 52 46
0
3 78 55 40
2 73 50
2 28 43
3 72 19 46
4 65 88 26 65
1 87
3 70 21 67
3 10 46 49
2 59 39
0
0
4 11 39 33 85
1 19
0
2 44 67
0
3 54 37 55
5 75 16 22 46 91
4 11 79 51 46
4 26 38 67 44
3 55 42 70
0
0
0
2 52 47
1 36
3 38 86 69
3 72 32 17
0
1 50
3 57 51 46
2 59 40
1 40
1 65
7 77 48 29 25 87 30 56
1 41
3 23 60 50
5 35 26 59 55 97
5 38 69 44 36 14
0
4 68 25 49 42
2 72 58
5 63 34 49 47 33
3 14 68 58
2 63 77
3 48 49 15
2 69 92
3 25 61 39
1 27
4 32 54 72 32
7 65 62 47 47 46 67 31
3 65 22 64
1 45
3 28 75 61
2 44 50
3 52 42 67
1 64
5 13 46 57 42 73
7 44 32 82 62 56 33 16
1 18
3 38 78 34
4 44 51 92 62
5 51 50 36 20 79
3 42 24 43
1 49
0
0
1 38
5 51 82 51 70 71
2 67 21
0
3 79 45 25
3 82 49 69
0
1 39
2 5 40
2 56 40
3 36 44 29
5 53 55 72 55 36
3 54 46 57
5 53 60 64 78 63
2 38 3
2 67 63
2 43 39
1 24
3 63 82 62
3 31 79 32
4 33 58 74 36
1 65
3 14 60 73
1 51
2 59 20
0
3 54 94 46
3 43 40 31
1 71
3 96 62 50
4 15 67 42 30
1 25
4 50 71 52 28
2 42 73
3 5 33 56
1 51
4 45 43 58 41
5 23 59 72 32 17
5 41 40 25 40 50
0
0
2 75 43
2 51 34
0
2 32 51
5 72 43 78 46 22
2 42 30
2 52 61
3 44 34 41
0
1 29
3 69 75 55
0
2 41 67
3 20 78 39
5 25 53 21 39 37
2 59 33
4 58 25 48 66
2 79 57
0
0
2 40 94
2 44 73
1 70
4 27 38 52 20
1 50
10 65 73 48 48 0 47 86 53 56 37
7 81 38 81 22 54 42 10
2 16 39
3 58 23 81
6 59 34 20 51 65 55
2 49 35
3 75 31 51
1 26
4 39 33 36 83
2 55 11
2 57 31
2 36 71
2 51 75
1 16
2 44 75
1 59
5 48 21 5 71 41
2 51 86
2 76 56
3 34 44 63
3 65 85 77
1 51
0
4 55 41 57 40
3 46 81 46
2 34 35
5 32 89 57 45 35
5 61 30 69 58 53
1 75
0
1 32
2 61 48
1 82
6 5 40 57 84 36 30
3 24 23 65
6 74 37 45 35 34 43
2 82 38
4 91 26 33 32
0
3 46 83 51
2 57 31
3 70 55 46
5 45 36 74 35 28
1 44
4 20 45 49 81
0
1 41
1 52
4 48 72 32 56
2 69 49
4 64 45 6 92
2 55 25
3 41 35 48
2 29 19
3 63 78 9
4 61 71 14 29
3 18 39 54
4 46 53 69 54
2 33 55
1 18
1 67
1 63
1 39
1 73
2 35 65
3 33 42 26
3 45 58 36
3 70 41 53
3 54 54 22
3 54 55 23
1 30
2 40 19
0
5 53 67 69 46 81
2 75 65
2 2 81
1 60
4 37 85 85 81
4 67 35 77 40
3 64 44 30
4 42 36 70 38
3 52 50 19
1 50
1 23
2 10 11
2 20 57
2 50 57
3 72 41 33
1 62
2 65 62
6 57 46 73 31 25 56
3 44 49 42
2 36 21
5 27 65 68 16 16
3 48 36 63
3 67 73 65
2 88 63
3 67 51 45
4 23 31 30 14
2 51 30
5 27 45 11 22 19
1 70
2 40 61
0
2 48 88
3 19 40 73
3 65 51 30
2 68 44
4 58 40 17 67
4 65 71 70 75
3 33 47 93
0
4 31 72 45 52
5 41 77 48 79 11
7 44 78 13 79 58 31 60
2 20 53
2 17 55
1 51
0
1 89
1 40
3 73 66 16
3 52 35 51
2 51 54
3 51 88 61
6 68 55 9 91 73 37
2 39 3
1 40
2 44 39
3 85 58 36
3 28 59 33
3 58 51 51
2 3 62
0
0
5 81 72 29 69 72
2 61 65
3 48 36 44
1 82
1 51
2 37 60
7 57 61 53 40 66 94 75
1 67
2 30 45
4 33 34 37 46
2 41 70
1 33
2 41 58
3 59 72 62
2 9 72
1 47
1 98
4 43 52 40 26
2 31 44
1 33
2 31 60
5 31 12 34 57 33
1 35
5 60 75 90 58 58
5 56 51 58 35 81
3 7 50 44
2 37 9
1 48
4 55 42 89 16
4 42 74 49 52
1 79
2 59 42
6 52 81 70 52 67 49
3 70 30 34
0
4 71 31 79 34
1 41
5 50 45 58 19 43
2 71 71
6 51 62 30 55 77 58
1 23
2 71 47
4 44 38 62 37
4 55 32 31 20
0
4 19 41 89 44
0
2 55 55
0
3 50 21 69
2 36 79
2 70 68
1 51
2 34 84
2 37 97
3 63 67 64
2 14 64
2 66 93
3 35 43 54
2 36 15
4 35 53 62 63
1 47
4 73 31 43 89
4 41 59 57 64
0
4 57 49 45 31
4 96 47 27 32
3 75 65 32
1 41
2 37 70
5 37 79 5 33 41
4 60 9 69 65
4 55 65 64 56
1 54
3 40 10 29
2 56 35
1 64
1 66
2 52 61
0
2 44 57
0
0
3 64 40 64
2 61 68
0
3 70 53 36
1 75
4 76 49 71 32
2 30 31
4 70 55 60 80
4 62 73 83 18
0
4 56 50 20 39
1 40
2 48 45
4 43 58 47 39
2 14 25
4 49 62 67 13
4 52 31 81 60
3 73 38 30
2 51 25
3 39 62 28
3 15 59 84
4 86 41 66 40
3 60 44 15
2 48 54
2 69 45
2 67 68
6 50 61 25 27 31 42
2 36 49
2 47 73
1 45
1 56
4 71 35 49 23
2 41 36
4 56 26 56 65
3 46 40 83
4 36 52 46 18
2 57 9
2 79 62
3 51 47 32
3 65 36 14
1 64
0
1 54
1 60
5 26 45 27 35 66
1 64
5 64 37 65 46 29
3 54 55 73
1 62
3 51 35 26
2 60 75
1 33
4 50 39 32 68
2 54 19
3 68 61 53
0
1 79
3 24 69 64
1 73
2 61 27
7 25 44 62 76 82 52 87
3 12 40 53
4 49 67 78 58
2 69 62
3 66 65 30
2 62 44
5 65 75 52 72 38
1 84
4 63 59 61 52
0
1 33
5 76 48 57 84 32
1 40
2 53 58
3 78 35 51
4 53 20 48 69
3 60 67 81
2 45 71
3 79 39 68
3 56 45 10
1 23
2 63 57
3 23 50 47
2 33 65
3 38 53 47
3 47 44 70
3 41 58 45
2 39 69
2 64 82
2 65 29
2 33 60
3 42 56 66
3 52 1 51
0
1 38
2 63 42
2 59 23
2 94 21
3 63 87 72
0
1 56
2 65 30
5 18 27 63 36 53
1 49
3 61 64 18
1 55
2 40 58
1 27
4 58 42 67 15
2 42 80
4 30 56 40 21
3 42 63 61
4 81 46 57 58
1 67
4 53 50 73 54
3 33 39 47
1 42
1 38
3 20 53 18
0
3 58 69 77
2 30 33
2 36 23
3 42 44 54
3 58 10 35
1 21
4 65 43 68 60
2 65 49
3 69 51 56
1 79
2 15 55
7 47 66 4 41 52 14 83
2 62 40
4 35 35 36 68
2 39 52
1 43
4 16 53 51 18
0
1 54
0
2 56 47
3 61 77 72
3 21 58 69
1 48
3 42 65 51
3 17 69 54
2 53 34
3 25 70 43
3 77 20 23
1 46
2 44 15
4 37 53 53 40
1 64
1 70
5 88 44 46 58 51
0
0
4 26 60 59 77
3 95 0 77
5 29 72 37 23 35
2 49 26
2 42 33
2 38 40
4 23 22 70 12
2 49 61
5 21 37 63 53 35
2 34 48
1 42
3 52 31 38
3 57 42 54
3 44 23 80
3 41 57 59
2 14 55
3 36 51 73
3 59 66 32
2 53 79
3 61 36 57
2 16 1
1 40
3 52 54 45
0
4 46 67 49 51
0
0
4 18 51 59 64
2 69 67
1 56
2 54 18
5 14 64 41 67 52
5 29 10 54 70 58
6 77 77 57 42 29 46
3 50 36 24
1 53
5 44 11 11 67 25
1 38
1 34
2 51 11
2 32 97
1 37
2 49 80
1 40
1 57
6 26 59 26 73 28 44
0
2 31 33
2 58 64
4 46 19 67 49
3 92 46 58
1 27
4 23 27 76 49
3 71 37 24
3 51 46 61
2 86 37
1 71
1 31
1 39
1 46
3 71 60 50
2 20 77
2 39 25
2 76 11
3 63 54 55
1 49
3 65 43 55
4 59 60 40 35
2 35 20
4 59 13 41 78
3 52 67 34
3 52 42 40
3 73 62 34
4 71 78 52 59
2 31 41
2 58 37
4 56 43 61 59
4 67 66 47 63
1 44
2 38 45
2 26 45
4 12 38 38 68
1 64
1 45
3 43 71 65
3 75 71 39
1 33
0
2 66 68
2 57 69
1 41
1 49
1 86
2 56 44
1 40
1 55
7 84 21 51 59 40 20 48
4 66 36 29 58
4 45 22 70 51
1 32
4 72 61 56 42
4 33 65 63 17
0
0
3 54 18 20
2 13 77
3 31 76 37
1 57
3 32 51 82
1 60
1 24
1 20
4 78 48 23 58
3 57 48 88
6 23 25 48 78 54 47
4 46 32 57 28
2 61 57
2 47 49
3 47 75 42
1 62
3 39 65 76
0
1 54
0
1 8
1 33
2 59 92
2 23 86
6 46 3 79 41 37 23
0
0
2 29 60
3 42 66 54
0
1 56
5 43 51 34 83 20
4 40 57 39 31
3 56 50 65
2 30 91
1 60
1 24
1 51
4 40 9 9 63
2 72 70
5 46 77 64 73 36
2 67 22
4 47 59 31 79
2 57 86
3 62 52 19
3 41 81 61
3 25 77 15
5 45 13 58 18 28
1 45
2 73 37
3 71 79 59
1 50
3 39 40 71
2 63 28
2 64 59
4 54 58 31 33
1 53
3 28 62 71
2 66 74
2 47 34
3 91 54 40
1 35
3 45 53 61
3 75 46 59
2 25 47
1 42
0
1 64
1 49
3 60 68 56
2 50 7
3 33 56 26
0
1 30
3 36 88 88
3 8 53 35
1 44
2 69 65
2 54 23
4 78 79 63 60
0
9 38 65 66 40 32 47 83 17 58
2 66 92
2 59 79
1 44
2 17 62
4 76 58 55 61
0
2 38 55
2 30 54
3 31 46 71
1 60
0
5 28 29 0 44 26
3 49 62 13
2 53 60
1 60
2 76 38
4 41 62 53 41
0
0
0
2 59 86
2 39 73
2 85 48
1 29
3 71 62 58
5 34 45 98 67 41
1 41
2 66 43
3 52 31 78
2 80 41
0
0
2 57 54
3 28 42 45
3 60 62 15
1 67
3 61 16 58
2 31 37
2 22 67
4 51 47 81 86
3 59 53 57
3 55 56 54
2 24 40
1 75
4 70 41 1 76
1 64
7 52 77 59 61 38 67 59
2 26 43
4 61 67 67 3
1 89
1 40
3 87 35 3
1 37
3 87 61 54
0
2 33 1
5 21 49 30 86 14
5 28 86 57 49 71
3 43 33 51
3 82 65 31
0
0
3 63 74 43
4 63 44 59 54
2 52 59
2 6 53
2 86 58
2 66 33
2 98 34
3 15 44 77
1 43
1 55
2 88 55
1 46
2 43 12
1 38
1 65
2 81 65
2 71 25
2 43 6
1 67
2 41 55
5 56 66 34 54 34
0
1 43
3 67 36 92
1 61
0
2 41 20
2 62 68
1 58
0
2 41 62
2 15 22
8 13 92 36 49 60 58 64 84
0
1 43
1 68
3 64 58 76
5 85 75 43 36 50
1 37
2 76 64
5 56 57 67 53 57
0
2 49 38
2 63 41
1 50
2 52 55
5 7 74 91 65 77
1 33
0
3 65 23 61
4 57 51 91 74
3 25 34 60
3 37 47 58
1 63
2 35 52
0
2 52 79
2 70 55
4 91 36 16 52
0
1 59
1 68
4 91 73 66 40
3 63 51 26
1 15
0
4 52 57 50 39
4 46 63 21 42
1 59
4 48 78 67 50
3 36 36 47
1 81
2 48 71
5 53 49 39 23 56
2 40 52
3 41 34 38
3 50 67 75
0
1 49
4 28 16 28 83
3 78 48 30
3 64 49 76
1 64
2 68 13
0
0
2 43 66
1 30
2 98 47
3 54 76 69
1 42
2 67 16
2 46 36
2 75 55
1 86
0
3 69 19 60
4 44 38 37 63
0
1 42
1 29
3 32 52 64
0
1 29
2 63 50
2 64 58
4 55 77 57 69
1 55
2 61 72
2 89 62
1 72
2 52 46
5 25 67 53 38 49
4 78 65 63 36
1 26
2 94 47
1 49
3 58 66 47
0
2 46 52
3 72 23 74
3 60 38 38
2 28 79
3 57 1 84
0
2 67 61
3 49 91 25
1 44
1 33
0
2 20 32
2 33 52
2 45 78
3 54 38 67
2 69 26
3 22 48 66
1 44
3 62 54 59
3 23 39 84
4 66 40 40 16
1 28
1 45
1 45
4 37 22 46 48
2 26 24
1 57
2 44 87
1 79
0
3 61 23 51
0
2 58 44
1 62
2 24 75
1 25
2 42 67
0
5 63 37 63 30 45
0
5 62 58 22 55 45
1 47
1 46
0
3 28 37 21
1 72
1 72
2 40 7
2 46 26
4 65 66 58 22
3 59 42 76
3 40 64 42
1 37
1 42
2 30 43
4 69 62 21 58
1 14
3 26 63 55
2 61 46
1 44
2 56 41
1 56
1 95
2 40 70
2 39 36
2 61 76
1 47
1 28
1 30
2 29 50
0
1 53
2 56 70
2 52 44
2 47 78
4 68 68 35 31
1 39
0
1 37
4 38 26 10 57
1 64
1 47
3 71 29 42
0
2 1 74
3 76 31 52
2 61 21
4 16 32 48 48
4 21 18 57 61
2 25 41
2 47 60
0
2 34 53
2 84 51
1 59
2 18 71
0
4 47 20 37 68
1 75
1 49
4 42 52 64 39
0
2 53 69
2 48 45
2 80 14
5 65 44 16 59 70
1 42
2 49 53
3 54 48 37
3 83 47 79
2 67 51
0
1 34
2 42 43
1 71
0
1 59
2 33 84
0
2 38 37
4 31 53 21 41
2 22 40
0
0
4 74 74 51 64
3 43 42 87
0
3 59 38 15
1 67
1 21
1 70
1 35
0
3 46 50 29
2 17 6
3 60 67 64
0
1 75
2 35 49
1 71
3 72 8 48
2 50 43
3 53 43 55
0
2 59 63
2 60 55
1 44
1 43
3 48 37 37
1 66
1 60
1 60
1 1
0
1 73
1 31
2 57 90
4 31 72 15 17
1 58
2 41 56
1 14
1 96
2 8 77
2 54 59
2 36 52
2 47 63
3 37 27 46
0
1 51
2 44 57
2 40 24
1 46
1 57
5 40 27 56 14 40
0
1 51
2 61 57
3 57 72 76
0
3 33 36 58
2 34 26
2 53 59
3 42 46 41
3 34 35 59
1 69
3 64 84 54
1 41
2 32 29
0
1 38
1 13
2 27 91
2 47 34
2 64 57
0
4 58 81 68 70
1 32
1 48
2 31 53
0
2 73 28
1 29
2 31 68
3 28 42 76
4 77 64 52 51
1 26
0
0
1 53
2 26 55
0
1 63
0
0
1 65
2 27 49
0
1 41
2 61 18
1 30
3 51 55 44
4 83 82 13 74
0
2 42 64
1 51
1 64
0
1 30
1 75
3 44 84 43
4 65 45 37 43
2 60 33
3 68 68 79
4 76 49 62 41
1 28
2 55 28
2 81 50
1 62
2 80 35
0
0
1 42
3 44 43 93
1 67
2 70 59
3 51 23 53
0
1 66
2 36 48
2 57 41
2 68 49
0
3 84 54 35
1 68
1 51
3 29 35 55
0
0
1 36
2 46 33
4 50 75 29 38
1 11
3 36 42 62
2 60 42
0
0
2 61 36
0
1 51
1 52
0
1 77
2 57 28
1 67
3 28 58 33
1 55
1 74
3 48 67 59
5 31 43 42 46 54
1 50
3 14 35 9
2 32 50
2 65 48
1 47
2 66 50
3 70 56 65
0
0
2 51 76
1 62
0
0
2 52 39
2 40 40
1 47
2 35 79
2 40 59
0
3 17 33 55
2 51 56
2 52 91
0
3 51 61 63
0
1 64
2 74 67
1 51
1 24
0
1 37
2 76 25
1 26
0
2 61 28
2 28 53
2 36 63
1 52
1 78
4 59 29 38 39
0
0
2 66 49
1 35
4 67 52 66 49
1 44
2 23 67
1 16
0
0
0
0
0
0
3 56 29 87
0
2 42 54
4 42 80 48 31
0
2 26 56
2 31 32
2 68 53
0
3 66 44 46
1 27
1 89
2 55 95
4 86 82 38 28
2 25 31
0
0
0
1 25
3 44 56 22
1 66
0
2 33 41
1 86
1 6
1 75
3 7 15 32
1 28
2 42 57
0
2 68 85
1 34
2 1 69
1 46
2 18 34
1 81
0
0
2 49 30
1 70
0
1 9
1 35
1 10
1 54
3 70 48 37
2 65 56
1 39
0
0
2 79 47
1 53
1 36
1 56
4 44 78 52 51
1 27
2 46 74
1 51
0
2 25 26
1 72
0
3 70 27 87
2 71 27
5 50 14 40 54 67
0
2 21 61
3 31 54 49
0
2 50 54
0
1 49
2 41 43
1 60
0
2 41 50
1 64
0
1 36
0
1 35
1 15
0
2 37 69
2 45 67
2 53 68
0
2 55 74
1 40
0
1 97
0
2 42 73
1 59
0
0
4 51 62 45 57
1 73
0
1 78
2 46 74
2 51 44
0
0
4 73 65 26 79
2 48 48
1 26
0
2 77 45
1 77
1 78
1 61
1 31
2 70 69
1 48
2 47 70
2 17 44
0
1 63
0
1 68
0
2 46 69
0
2 48 31
3 5 33 79
1 51
0
0
3 18 29 49
2 40 41
5 76 39 92 40 48
1 46
1 77
2 46 76
1 43
0
0
0
0
1 50
4 57 81 45 42
0
0
1 48
1 47
2 47 27
1 32
3 46 46 45
3 66 56 70
2 60 76
0
0
0
0
0
1 29
0
2 21 72
1 1
1 54
2 43 50
0
1 15
1 63
1 62
0
1 67
0
0
3 33 58 35
0
0
0
2 31 23
1 65
1 23
1 46
2 30 52
1 56
1 74
3 41 65 35
4 23 70 37 55
3 75 45 52
2 74 74
0
0
0
1 35
1 76
0
1 47
1 94
1 62
1 42
1 61
1 79
0
2 64 9
2 61 50
1 39
0
0
1 74
0
3 41 44 67
0
3 47 48 40
3 64 42 35
1 66
1 43
0
2 56 59
2 34 46
1 76
1 77
1 63
0
0
1 90
2 42 63
0
1 49
2 29 71
1 94
0
1 79
0
2 75 51
1 49
0
0
0
1 43
1 65
1 57
0
2 16 63
3 58 47 66
2 67 5
1 87
2 40 42
1 48
1 67
1 33
0
1 38
0
1 42
1 74
0
1 57
2 18 30
2 54 45
0
0
0
0
2 62 68
0
0
0
1 61
1 17
1 84
2 98 65
0
0
1 28
1 43
0
2 65 37
0
3 69 53 52
0
1 52
1 76
0
1 82
1 28
1 48
3 55 49 34
0
0
1 23
2 46 57
0
1 81
1 88
0
1 41
3 47 53 68
1 43
0
0
2 29 37
0
1 30
0
2 43 33
0
1 46
3 54 57 14
0
1 57
0
0
0
1 37
1 68
0
1 43
0
0
1 39
1 37
0
2 40 65
5 59 99 58 57 58
2 70 31
1 29
1 82
0
0
1 70
0
3 40 48 52
0
0
0
1 55
2 43 47
1 66
0
1 70
3 62 53 31
0
0
2 42 61
1 53
1 25
1 43
1 21
2 37 68
1 52
0
1 40
2 74 58
1 38
1 59
0
0
1 40
0
1 74
0
0
3 46 58 49
0
0
2 64 48
2 41 19
1 29
2 34 53
0
1 62
1 42
0
0
2 18 25
2 59 68
0
0
1 74
1 68
0
0
0
2 43 53
1 35
0
0
0
2 74 53
0
0
1 36
1 56
0
0
0
2 75 46
0
1 20
2 29 19
1 61
1 61
1 69
0
0
2 53 53
0
1 62
0
0
1 39
0
2 59 45
0
2 77 50
3 17 54 42
1 69
0
1 80
0
0
0
0
1 39
0
0
0
0
1 82
0
1 43
1 57
0
0
2 49 54
1 44
2 31 53
0
2 50 24
1 55
0
0
0
1 52
0
1 68
0
1 27
1 66
2 42 80
2 22 75
1 55
1 4
1 28
0
2 48 70
3 61 26 83
1 39
1 52
0
0
0
0
2 43 40
1 20
0
0
1 34
1 40
0
0
3 30 72 45
1 38
0
0
1 9
1 65
0
0
0
0
0
0
0
0
0
2 35 44
1 56
2 65 66
0
2 51 56
0
1 43
1 67
2 1 37
0
0
1 18
0
1 26
0
3 25 41 33
1 55
0
0
0
0
0
1 34
0
0
1 40
0
2 83 96
0
2 33 79
1 38
2 22 68
0
1 42
0
0
0
0
0
1 57
0
0
3 41 40 59
1 32
0
1 74
0
1 41
0
0
0
1 70
0
0
0
1 94
1 48
0
1 67
0
0
1 39
2 51 36
2 90 44
1 20
0
0
2 28 33
0
0
1 57
1 99
1 25
0
0
0
0
1 43
2 34 8
0
0
1 23
1 59
1 56
1 32
0
0
0
0
0
2 67 59
0
1 68
1 62
2 87 9
0
0
1 23
1 59
2 51 39
0
1 68
1 69
0
0
2 88 35
0
1 38
0
1 47
0
0
1 20
2 30 50
0
1 30
0
0
0
1 20
1 43
0
0
0
0
2 38 96
2 25 64
0
1 58
1 63
1 31
0
0
0
0
0
1 56
1 52
1 60
0
0
0
1 36
1 60
0
0
0
0
0
0
1 42
2 53 30
0
0
1 50
0
1 56
0
0
1 88
0
0
1 59
0
1 59
0
1 68
1 23
2 47 66
0
0
0
1 74
0
0
1 52
2 35 62
0
0
1 49
0
1 59
1 26
0
2 23 39
1 67
0
1 60
0
0
0
1 41
0
0
0
0
0
0
2 76 48
1 64
0
0
1 29
0
0
0
2 56 29
1 43
0
1 32
0
0
0
0
2 34 73
1 70
0
2 62 53
1 89
1 58
1 61
0
1 52
0
0
0
0
0
0
1 76
1 60
1 83
1 63
1 3
0
1 91
1 5
2 24 88
0
0
1 80
0
0
1 52
1 33
1 71
0
0
1 18
0
1 22
1 59
0
0
0
1 60
0
0
0
1 63
0
0
2 49 86
1 46
0
1 8
1 39
0
