3600 4
1 54
0
0
1 77
5 29 68 47 79 65
2 73 32
1 44
2 25 53
1 63
1 25
0
2 36 76
0
0
0
1 64
3 68 35 34
1 11
2 22 64
2 1 45
0
4 57 57 59 31
0
1 59
2 49 47
2 66 52
0
1 51
2 65 53
2 53 33
2 31 41
2 47 45
1 52
2 10 85
1 43
1 15
2 69 16
0
1 56
1 17
2 88 80
1 41
0
3 15 38 43
3 43 42 32
2 44 47
1 67
2 67 16
0
1 85
1 28
1 48
2 26 30
2 74 66
1 77
1 52
1 88
1 95
0
2 35 32
2 19 37
2 57 44
0
1 41
0
1 84
0
1 78
0
0
5 39 68 33 26 47
0
1 48
1 52
3 68 19 64
2 32 34
1 17
0
1 43
5 52 43 81 65 34
1 29
2 26 54
1 60
2 63 64
1 73
3 10 42 37
1 32
2 51 74
1 56
1 34
3 46 91 24
2 41 56
0
3 57 39 40
2 48 70
0
1 77
2 81 74
0
2 18 43
0
1 60
2 75 71
1 55
1 56
0
3 51 56 34
1 61
0
3 52 80 15
0
2 57 50
1 57
4 15 67 52 93
0
1 34
1 56
2 77 48
1 88
1 58
1 45
1 54
2 38 31
0
0
0
2 66 35
0
0
4 93 23 57 39
1 57
2 59 54
1 69
2 55 50
4 38 43 54 27
1 55
2 70 38
1 35
0
4 24 38 59 30
4 75 90 25 39
1 34
1 49
0
4 33 52 63 75
0
2 41 47
0
1 51
2 48 38
4 26 26 49 76
0
4 25 44 57 80
2 16 11
0
1 45
2 40 32
3 60 64 72
2 49 76
1 10
2 62 41
0
2 27 58
1 41
3 56 75 47
3 38 74 64
0
2 62 60
1 37
1 77
1 34
2 61 15
4 55 61 71 66
1 80
1 67
3 83 69 34
1 26
2 45 63
0
1 61
0
3 45 75 18
2 2 59
3 80 41 39
0
5 57 62 28 67 37
0
0
1 78
0
2 52 79
2 72 52
1 84
0
3 31 59 50
2 84 50
3 71 54 49
1 25
2 60 68
1 55
2 57 28
1 11
3 41 30 48
2 56 83
0
0
2 32 91
2 61 75
2 57 49
4 77 17 22 51
2 57 53
3 62 60 24
1 60
3 16 69 71
0
1 50
2 18 85
0
1 71
3 73 51 86
2 33 76
1 70
1 50
1 48
2 54 56
1 46
2 58 32
1 39
2 76 43
1 52
1 42
2 63 72
5 13 50 37 65 39
1 84
1 67
0
1 66
1 72
2 93 43
1 39
1 49
1 70
3 69 60 65
3 60 16 34
2 49 39
7 58 69 40 54 49 16 62
4 49 59 40 63
0
2 73 48
0
1 48
4 54 51 13 61
0
3 41 34 65
1 40
2 77 27
0
1 63
0
6 56 45 63 70 45 82
4 69 76 48 19
2 68 55
1 48
0
1 31
2 53 71
2 25 58
1 12
0
2 30 70
1 36
2 37 67
1 49
1 56
1 27
0
2 62 31
2 71 63
3 49 43 57
6 38 60 72 74 58 64
2 51 78
1 31
1 22
1 38
3 21 43 62
2 52 41
3 77 41 30
3 26 69 27
4 48 37 57 34
2 56 47
0
0
4 64 50 66 40
0
2 47 49
1 37
2 24 48
5 36 49 60 73 29
1 74
1 36
0
0
0
4 62 79 32 76
1 57
3 51 35 55
0
1 50
1 28
2 47 50
2 59 69
3 30 38 62
1 7
1 12
1 43
1 3
2 70 28
3 50 42 34
1 52
2 68 56
1 48
1 67
0
5 57 25 78 36 76
2 37 27
1 44
6 38 50 41 61 53 32
2 63 38
3 72 47 10
2 62 88
2 21 74
4 57 47 39 76
3 5 50 89
5 25 68 61 47 76
0
1 71
3 34 63 58
5 39 56 9 26 39
0
5 30 61 67 59 34
3 64 21 32
1 80
0
1 43
1 59
1 29
2 73 87
1 36
0
1 25
0
3 33 86 44
1 71
1 67
1 63
3 1 78 66
2 3 46
2 36 15
1 80
1 59
2 67 48
3 22 31 65
1 60
1 70
0
1 35
1 56
1 89
4 21 49 58 30
1 34
1 27
1 48
4 65 48 42 38
2 52 68
2 50 39
2 60 18
3 52 68 70
2 42 59
4 51 73 74 61
1 58
1 24
0
4 60 22 54 53
2 57 48
0
4 55 62 40 81
3 66 75 18
1 34
1 34
2 40 45
1 60
3 49 36 90
2 16 27
4 31 23 70 37
3 45 47 32
4 32 64 43 46
0
1 44
3 18 42 64
1 51
2 47 14
0
0
0
4 50 72 29 59
7 49 53 59 65 25 58 13
1 47
0
3 66 93 39
0
2 78 51
3 61 43 33
2 16 59
5 82 53 81 85 35
2 36 20
1 42
2 13 63
5 60 64 27 72 23
2 43 69
4 78 50 49 46
1 32
0
3 46 51 35
4 21 65 57 59
1 59
0
1 8
1 46
5 67 60 74 25 59
1 49
2 59 76
5 58 73 51 4 51
2 47 18
1 42
5 34 55 60 28 3
2 72 36
4 76 70 66 69
4 80 55 18 62
0
1 44
1 57
2 92 66
1 55
1 32
0
4 81 68 27 36
2 48 42
1 44
4 70 15 96 33
3 45 63 65
3 58 36 77
3 27 39 60
3 91 55 79
1 22
1 21
2 63 49
1 37
2 56 72
2 17 86
2 90 47
2 92 76
3 32 42 40
1 69
1 78
3 8 56 32
3 54 37 73
2 49 52
1 30
1 69
1 37
4 61 83 53 25
2 26 78
0
1 82
1 61
1 81
1 50
5 75 59 79 57 37
1 32
3 65 69 28
0
2 62 59
1 25
3 32 68 56
3 47 29 45
4 54 55 18 27
3 27 79 22
1 79
0
2 28 31
0
3 39 38 62
1 39
4 41 57 17 52
1 78
2 62 27
2 81 67
3 36 33 44
4 58 44 55 42
1 42
2 89 81
3 40 62 60
4 24 33 18 37
0
2 34 89
2 24 84
4 1 44 33 51
1 16
1 4
3 66 6 69
0
2 76 35
1 52
6 67 21 83 57 49 21
2 47 20
1 57
2 41 57
3 41 31 73
3 50 15 38
2 78 55
1 38
2 31 59
0
5 37 21 53 49 55
0
2 31 71
3 49 37 55
2 70 63
3 11 39 57
3 83 72 67
2 28 50
3 55 47 51
1 81
3 42 23 49
3 74 44 82
4 44 58 59 71
2 47 58
1 57
1 39
3 22 37 71
3 64 40 80
1 52
3 58 39 68
4 73 14 3 36
1 47
1 45
2 35 49
3 81 71 48
0
3 43 53 61
4 9 40 51 83
1 56
1 48
3 48 32 32
0
4 73 66 44 15
2 25 55
1 45
4 50 42 49 73
3 17 22 60
4 39 63 18 57
1 32
1 56
1 70
1 50
3 54 48 41
2 57 53
1 11
2 90 55
3 14 26 35
0
3 44 39 45
1 14
2 43 47
1 35
1 91
1 41
1 52
4 28 66 55 46
3 72 53 59
2 42 90
1 38
1 53
2 63 39
3 40 69 57
2 69 53
1 86
5 47 28 41 27 80
3 43 42 39
2 80 31
1 75
0
5 77 38 17 30 65
3 48 18 31
3 37 46 71
2 51 61
3 96 63 53
2 35 32
6 29 51 27 55 85 50
0
4 55 39 63 71
2 36 70
3 71 41 69
3 61 24 64
2 50 30
1 43
2 50 18
2 43 55
3 53 44 24
4 55 25 50 19
2 54 58
0
4 44 28 19 71
2 86 48
2 31 53
2 20 52
3 33 52 57
2 57 13
2 18 95
1 46
1 47
3 40 49 79
3 57 23 48
1 53
4 81 16 65 18
6 22 16 21 61 38 64
3 11 32 55
0
0
2 10 85
3 39 56 79
5 66 64 5 49 57
1 21
1 70
1 77
3 42 27 29
2 31 69
3 31 61 38
3 54 40 7
1 29
1 32
2 37 1
1 51
5 26 52 31 20 56
3 35 60 6
0
4 53 86 67 33
1 52
1 58
5 75 63 76 61 63
6 64 16 42 37 20 48
4 52 47 14 44
1 53
2 40 41
4 51 59 60 42
3 90 41 21
2 38 24
3 48 42 65
2 25 32
0
2 47 25
1 76
1 29
1 60
4 47 59 70 59
2 53 33
1 54
2 38 19
3 73 64 30
2 62 53
1 20
1 56
0
5 44 29 75 53 44
1 67
3 50 25 54
1 76
3 56 42 85
4 54 75 70 73
2 62 73
1 69
1 52
3 84 82 31
1 59
1 58
2 41 76
2 78 16
3 22 94 56
2 65 94
0
2 59 75
3 20 73 66
2 38 56
4 26 44 56 33
4 29 77 23 31
3 46 63 42
2 83 22
2 57 56
3 39 64 51
2 55 50
2 82 23
1 51
5 18 7 54 68 51
5 41 60 37 45 53
1 58
1 62
1 49
4 54 40 52 81
2 32 18
1 47
4 79 28 63 4
3 42 57 63
0
1 58
4 48 30 29 61
4 59 43 46 69
1 35
2 61 69
1 41
0
3 70 67 64
2 5 32
4 58 73 47 79
3 55 31 52
5 54 63 56 21 51
3 41 47 74
3 66 47 19
2 35 55
4 49 10 52 48
2 62 44
1 50
4 60 38 29 45
0
1 42
1 43
2 42 43
1 25
3 86 64 78
4 94 53 23 22
0
2 37 48
0
5 33 44 63 72 68
6 75 62 52 64 44 36
1 93
3 56 54 53
4 36 12 46 37
2 54 19
0
1 19
2 21 43
6 70 13 41 63 62 85
2 69 48
3 28 52 30
7 84 47 19 60 90 10 38
1 59
2 43 75
2 59 64
0
2 64 48
5 83 65 57 61 60
3 70 13 24
4 41 45 51 97
1 47
2 42 37
0
3 73 25 42
3 51 59 40
4 33 75 24 32
4 34 34 36 15
3 56 62 24
0
2 22 48
6 22 63 16 48 77 41
3 46 60 51
2 57 67
3 38 16 39
0
1 40
1 81
4 47 58 43 67
2 49 12
0
5 67 24 29 37 74
3 51 51 59
2 58 38
2 21 39
0
4 53 43 53 39
2 49 76
4 88 44 88 73
1 41
0
3 70 33 47
0
5 46 51 64 39 57
4 60 25 39 43
4 46 27 22 79
2 71 44
1 70
2 29 39
8 63 44 61 61 48 44 53 30
2 74 58
3 88 58 10
2 49 23
2 83 46
3 58 62 41
0
2 63 91
3 52 1 28
4 57 44 62 49
1 41
2 36 49
5 73 60 61 62 66
0
4 55 69 11 57
2 31 74
5 45 42 55 40 8
3 75 62 88
0
1 55
2 40 50
4 76 33 93 0
3 67 2 44
2 77 69
4 46 54 54 84
3 45 23 49
2 45 63
1 44
2 23 47
2 60 81
4 48 61 21 28
3 56 37 28
1 57
1 56
1 29
4 60 80 19 62
6 49 28 73 47 24 45
1 34
2 43 40
4 34 74 41 56
1 68
3 62 35 16
3 58 62 54
4 36 48 25 55
4 30 30 10 44
3 58 78 49
1 40
2 33 24
1 69
2 31 46
3 65 42 33
2 48 41
2 67 43
3 50 57 42
0
1 50
3 25 59 56
2 36 90
1 68
4 37 60 42 41
3 46 57 24
3 29 53 68
2 62 51
1 46
2 45 38
5 56 32 32 34 69
3 41 34 46
1 71
4 62 41 66 56
3 56 54 96
2 58 53
3 42 69 45
1 26
2 62 60
4 44 53 29 52
2 70 57
4 38 29 57 98
2 32 19
1 47
1 76
2 57 33
0
3 18 46 60
2 40 71
3 85 63 82
2 36 31
2 51 57
3 72 24 34
2 41 79
6 60 61 87 37 35 42
2 21 57
2 59 52
6 67 39 66 2 59 63
4 58 28 80 44
3 37 65 50
2 68 43
0
4 43 46 49 52
2 89 59
3 33 49 48
2 65 74
0
1 73
4 23 79 61 56
3 66 46 21
4 51 39 71 77
3 64 9 30
1 20
1 22
1 37
2 87 15
0
3 67 66 40
1 71
4 26 73 20 47
5 53 74 89 51 57
1 34
2 60 18
2 50 64
1 54
2 45 57
3 34 57 43
1 34
2 12 51
1 74
1 43
7 45 76 75 45 53 61 33
6 74 56 84 95 63 51
4 57 44 69 66
7 77 27 38 40 49 55 50
0
4 81 66 22 31
2 44 30
2 33 75
2 49 71
1 73
3 52 36 12
4 77 75 67 34
3 56 69 73
1 36
3 28 91 28
1 38
2 66 9
2 47 74
2 73 23
3 50 59 60
2 47 23
1 60
3 90 67 69
2 26 17
6 24 51 83 49 53 51
2 63 68
3 59 21 45
4 27 11 44 47
1 61
1 42
2 62 57
3 21 14 64
0
5 39 46 74 63 35
4 62 54 29 62
1 70
3 39 63 52
3 76 51 12
3 60 55 59
5 54 43 56 35 50
3 65 77 68
0
2 46 56
1 27
3 46 46 36
1 46
4 72 48 18 34
0
0
1 27
2 73 59
4 44 39 21 53
1 56
5 47 78 67 94 14
6 57 18 51 52 69 98
4 2 65 56 49
2 42 62
2 22 99
2 53 43
2 49 18
4 40 22 63 71
4 59 11 77 63
1 57
0
6 49 72 34 34 39 57
3 25 28 63
4 52 62 22 79
1 52
0
4 41 28 53 23
3 34 30 75
0
2 23 74
4 21 51 36 27
4 64 64 78 27
2 37 46
3 44 45 15
2 36 68
3 51 43 47
2 89 21
0
1 47
2 32 51
1 60
7 45 51 54 59 45 57 50
2 55 52
1 21
3 46 35 32
7 43 71 47 39 57 22 65
3 19 73 56
3 43 85 43
2 53 30
3 85 76 42
5 48 53 63 42 17
2 49 65
1 45
2 48 72
2 64 26
0
1 81
3 48 64 39
4 70 46 71 30
1 76
3 89 52 61
1 29
3 65 61 39
5 48 92 47 33 35
4 68 44 3 41
4 29 62 25 22
1 34
4 55 45 59 24
3 14 10 55
4 85 52 35 40
1 9
2 47 73
3 56 44 65
1 23
1 54
3 46 76 31
1 76
0
5 59 51 85 55 55
3 45 49 54
3 60 51 37
3 51 36 6
4 34 64 85 33
2 68 84
3 34 31 34
2 69 57
3 54 51 48
2 41 9
2 58 40
1 53
2 62 58
3 51 63 15
3 35 56 74
4 30 70 61 64
3 56 80 76
4 39 56 52 24
0
2 56 51
2 63 48
3 35 68 60
2 49 19
1 52
1 54
3 14 61 24
2 49 52
3 68 27 35
2 39 8
1 55
3 96 28 72
4 50 75 40 21
4 11 69 75 49
2 41 75
1 67
5 67 17 15 58 55
2 41 35
2 61 69
0
1 17
2 34 71
1 68
1 34
3 61 47 37
5 91 68 28 31 75
2 66 46
1 52
3 6 51 65
4 58 72 47 21
1 48
5 61 84 86 36 19
5 75 60 61 92 72
2 38 65
4 18 57 23 26
3 43 36 43
3 58 47 51
1 29
5 52 54 68 83 66
1 23
5 40 50 30 74 23
1 65
2 57 79
3 43 79 57
1 62
1 60
3 62 63 64
2 47 19
4 92 53 45 46
1 13
4 44 86 83 52
4 37 64 65 33
3 41 38 62
3 77 29 43
2 29 31
2 56 34
2 43 58
1 68
0
3 77 68 65
2 32 74
1 65
3 33 52 62
1 47
3 37 62 44
2 63 67
2 55 55
3 62 45 91
3 56 74 66
7 89 32 74 29 64 33 76
4 34 53 40 54
4 26 35 25 28
1 36
4 45 36 34 38
2 56 18
1 53
2 18 12
5 27 82 44 26 52
3 44 77 54
1 50
4 71 54 94 2
3 48 39 29
3 83 46 39
1 51
3 41 52 66
3 37 32 14
2 41 76
0
1 57
4 60 38 53 55
1 76
2 32 44
0
4 42 47 36 56
0
4 60 32 36 86
3 52 22 61
3 14 30 42
3 45 37 29
3 45 41 42
2 23 51
3 81 61 52
0
2 19 44
3 30 63 56
3 35 76 63
2 75 56
4 60 29 72 68
1 57
2 86 59
0
3 66 52 55
5 65 26 26 38 76
0
2 31 17
2 65 90
0
1 69
7 87 98 59 59 42 95 65
5 20 58 41 67 37
7 36 28 61 24 21 49 57
4 34 43 50 52
1 51
1 54
1 49
2 48 24
1 47
3 40 32 43
5 54 30 42 70 27
3 60 17 8
1 53
5 16 84 22 51 45
1 34
1 58
2 21 39
4 40 78 66 28
3 55 78 49
3 61 37 72
0
3 38 3 14
1 44
2 47 55
2 45 37
3 31 29 65
1 28
3 90 32 16
3 52 43 34
2 38 57
2 42 49
2 31 57
5 35 30 44 70 57
2 44 20
3 48 58 41
2 22 71
3 63 46 60
5 56 56 41 87 72
3 50 48 49
4 42 68 32 24
7 85 68 67 41 70 58 55
2 66 18
0
2 36 48
2 82 62
3 78 56 29
1 47
3 46 41 47
3 50 37 50
1 44
2 70 73
3 42 33 66
1 40
2 56 27
2 44 61
1 59
3 49 57 59
1 61
3 29 63 65
5 54 61 46 17 38
2 21 30
3 64 50 55
4 28 83 36 43
1 71
2 57 79
3 63 44 46
2 76 49
2 23 49
2 54 80
3 62 61 32
0
4 54 36 67 23
4 20 34 50 67
1 63
3 30 30 41
3 45 30 70
2 26 78
4 41 32 18 49
4 23 80 47 79
3 9 51 43
1 83
3 26 67 29
1 46
1 66
2 39 67
0
4 71 34 8 46
1 45
1 50
1 46
4 36 57 42 57
4 60 59 43 38
2 18 41
1 5
2 48 46
2 53 38
3 16 6 30
6 66 74 55 45 73 41
1 63
4 63 82 58 60
4 77 73 18 52
1 45
2 83 54
4 42 34 63 34
3 32 69 7
1 44
1 82
3 69 71 30
2 55 73
1 56
2 50 18
4 68 48 73 40
2 36 17
2 68 72
3 74 38 7
2 70 37
0
4 68 39 72 66
2 67 30
4 15 56 73 41
3 61 60 32
2 64 41
2 44 71
2 30 26
1 40
2 38 48
1 34
0
4 59 55 76 62
4 71 50 57 74
2 35 43
3 50 72 69
1 41
3 30 34 51
3 67 50 38
3 46 40 37
1 25
1 38
3 99 42 51
4 87 71 69 32
1 60
3 40 72 61
4 63 67 49 39
5 65 62 92 49 67
3 37 30 66
4 45 81 53 53
1 49
3 51 54 90
4 28 85 61 48
6 22 28 55 32 49 34
4 67 42 53 57
2 57 9
1 65
2 25 47
0
3 34 52 65
3 21 93 67
4 28 40 30 27
3 44 48 50
1 76
0
0
2 74 46
0
2 42 48
3 58 78 85
3 42 37 25
1 60
1 46
4 52 67 51 66
2 21 59
1 41
2 56 53
3 70 41 39
2 42 53
3 34 31 66
1 69
4 96 42 16 58
2 38 57
2 63 61
4 72 23 34 20
2 63 51
3 49 77 64
2 30 67
1 48
5 56 72 69 40 42
5 60 62 34 50 41
3 33 42 80
0
1 51
1 43
3 52 89 33
3 27 26 47
3 37 19 65
3 50 54 58
7 40 42 36 50 64 75 26
1 32
0
1 53
1 72
0
0
3 37 33 70
1 54
2 92 77
4 51 63 75 23
3 39 48 62
4 72 65 83 60
2 35 45
2 16 64
4 44 33 19 60
2 53 55
2 58 55
1 54
3 72 37 34
0
2 63 50
1 51
3 34 40 55
4 63 70 57 51
4 94 24 20 30
3 66 70 35
4 52 49 82 35
1 71
1 89
8 44 45 58 44 85 44 40 57
1 43
3 88 70 26
2 43 43
1 33
1 52
2 48 52
2 45 74
2 12 65
2 21 41
2 25 65
2 70 44
3 29 61 69
1 28
0
2 85 60
1 56
2 44 49
6 34 31 57 59 17 38
3 53 40 16
3 54 57 41
1 24
0
1 49
2 99 38
1 80
1 62
4 43 7 21 42
4 50 73 66 51
2 68 44
1 37
2 74 59
2 46 25
3 62 80 40
4 40 94 20 86
6 28 52 70 56 40 57
0
1 27
2 65 82
0
0
2 33 44
1 19
4 34 51 43 66
1 58
3 30 57 56
1 61
3 73 55 39
6 50 35 33 56 73 60
2 92 63
4 44 54 78 31
5 37 74 74 56 30
0
1 66
3 77 70 66
2 49 90
3 39 61 36
4 41 64 62 69
2 86 69
0
3 52 56 51
1 31
1 12
1 41
3 36 58 38
5 40 46 45 9 63
3 38 23 50
4 46 45 29 22
4 25 47 30 55
1 28
3 35 35 50
2 39 13
0
2 24 69
1 45
4 49 54 62 84
1 78
3 53 46 9
3 55 33 67
4 53 30 14 78
1 49
0
3 82 71 52
2 6 55
3 37 72 45
2 60 81
3 45 31 61
3 71 71 46
2 59 43
2 44 29
1 26
3 54 58 49
3 67 40 22
0
1 57
3 42 57 34
5 59 27 45 30 21
2 72 18
3 80 62 47
3 25 71 67
1 41
4 60 73 41 90
2 50 69
4 66 56 50 54
0
3 48 44 37
0
1 58
3 87 62 35
1 50
0
2 35 39
4 54 71 70 55
1 46
1 32
4 63 49 32 31
1 65
4 56 36 7 39
1 35
1 60
5 65 72 41 55 14
2 44 35
3 45 38 20
2 27 23
1 42
1 94
0
4 53 2 53 62
3 68 28 89
3 36 27 56
3 36 50 51
1 57
2 41 50
2 77 86
3 58 58 63
1 65
0
3 66 78 38
3 39 67 44
2 41 45
2 41 54
2 53 73
4 94 65 55 16
0
2 45 63
3 42 43 74
3 37 29 39
1 53
0
4 31 29 53 40
1 43
3 52 47 50
2 71 55
2 36 46
3 51 19 46
3 64 39 41
0
4 68 28 37 63
1 33
3 57 76 67
2 60 29
3 17 37 41
1 36
3 19 85 22
1 28
0
1 39
2 65 75
3 55 12 60
1 17
1 30
4 59 38 60 69
3 23 48 59
2 54 55
0
4 58 15 50 20
2 65 49
2 43 21
4 75 32 69 39
2 61 43
3 48 25 12
0
3 47 67 40
1 15
3 32 46 5
0
1 75
2 68 58
3 38 30 22
5 33 62 33 43 22
2 50 45
1 60
2 52 51
4 16 55 23 57
3 54 83 39
5 51 51 60 81 43
0
2 35 46
3 60 69 59
1 14
1 36
2 51 60
2 77 53
3 48 39 85
1 39
1 45
0
2 52 88
2 47 48
3 83 38 62
3 74 53 89
3 64 71 37
5 64 87 48 32 67
0
1 54
3 59 34 59
0
2 35 12
1 52
2 72 49
4 68 76 39 49
0
0
1 55
4 42 47 76 40
1 47
1 46
2 67 68
1 12
3 47 58 91
2 66 42
2 59 23
0
1 34
3 22 65 63
4 48 20 5 57
1 47
1 79
3 63 40 52
6 45 80 46 23 36 66
2 45 53
1 58
3 56 52 82
2 53 41
4 51 4 76 20
3 67 72 43
0
3 27 34 81
3 58 31 42
3 71 73 44
2 37 50
3 56 62 56
1 64
2 27 20
3 9 60 35
0
2 40 56
3 43 63 51
1 34
1 16
2 35 8
1 61
3 61 71 68
0
1 72
3 21 45 51
2 53 52
2 27 49
2 45 48
2 34 44
1 49
2 50 52
1 22
2 40 73
2 66 76
2 72 24
3 30 26 89
2 33 60
4 30 34 42 86
0
1 47
3 42 35 40
4 85 97 53 55
2 12 65
0
1 53
3 54 57 30
1 48
0
3 46 52 68
2 67 39
1 24
4 85 67 68 73
2 66 56
2 74 53
0
1 61
2 45 72
2 30 79
2 54 60
2 47 50
1 60
0
1 81
2 59 35
2 73 54
2 53 51
4 60 21 66 12
2 21 66
1 28
5 59 54 54 56 65
2 51 35
1 94
4 51 31 31 94
2 37 69
2 39 91
1 45
3 40 42 9
1 32
3 53 37 33
3 27 7 33
2 91 41
3 70 40 73
1 71
1 60
2 59 64
0
0
1 17
1 68
2 62 76
1 70
6 61 61 20 51 53 70
1 25
2 39 61
3 64 40 62
3 46 31 43
2 47 55
2 55 45
2 58 60
2 64 29
0
0
2 59 76
4 38 2 67 5
1 51
1 70
1 36
5 18 35 53 24 49
2 69 74
4 53 39 56 28
0
3 63 94 42
1 68
3 53 25 36
0
0
1 56
3 33 37 29
3 59 33 53
3 93 42 64
0
2 23 44
1 78
3 24 72 85
1 50
2 39 21
0
3 65 58 81
0
1 33
1 76
2 26 30
3 66 90 65
7 38 59 24 13 34 60 51
2 46 66
1 64
2 53 64
2 37 53
3 60 56 65
0
0
3 73 61 42
2 57 44
2 68 50
1 46
2 76 80
1 44
1 70
3 36 47 21
3 82 46 87
2 81 46
2 30 47
1 30
2 92 39
5 40 15 29 49 42
0
0
0
4 69 79 65 16
1 78
0
0
2 53 32
2 66 51
0
2 55 65
3 28 44 51
1 50
1 88
1 71
0
4 39 58 35 70
0
1 47
1 69
1 15
0
1 51
1 40
1 64
2 64 57
1 70
3 46 88 83
2 77 20
2 47 40
3 9 49 68
4 52 76 62 57
3 45 47 33
1 35
1 91
2 61 55
5 33 51 41 17 59
1 56
0
2 36 31
1 35
1 38
2 73 40
1 38
2 80 15
1 34
0
1 79
2 88 33
3 15 23 42
1 81
0
2 62 83
2 16 25
1 28
2 54 64
2 21 81
1 48
1 47
2 44 67
3 29 63 56
3 70 40 64
2 57 68
3 50 52 17
3 93 73 65
1 61
3 62 23 17
1 45
1 64
2 71 73
2 37 34
1 25
1 64
1 71
1 21
3 61 69 48
1 41
0
0
0
4 37 31 34 71
2 63 44
0
1 53
0
2 60 43
3 22 49 77
1 24
2 43 84
2 42 22
0
0
2 44 75
1 78
2 75 55
3 55 62 54
1 44
4 83 45 31 13
4 21 79 44 7
2 61 59
1 59
2 35 56
2 45 42
1 51
2 84 84
2 40 69
2 47 64
1 64
2 43 5
2 45 49
0
5 55 40 37 35 24
1 49
2 36 55
1 63
0
3 67 65 85
1 49
2 37 52
1 47
2 60 49
1 61
0
2 59 51
0
2 66 79
1 9
1 68
4 48 6 38 19
0
1 15
0
0
2 30 68
1 67
0
0
2 26 75
4 69 46 11 26
2 32 58
1 56
2 43 87
1 54
1 86
0
1 30
2 42 49
1 49
1 84
5 71 49 38 20 37
2 78 71
2 38 42
2 65 30
1 75
2 59 78
2 30 36
3 66 43 60
0
1 53
2 68 80
1 42
4 72 56 6 58
0
1 41
2 58 41
2 36 53
1 40
1 49
0
0
3 47 52 52
1 52
1 31
0
0
1 80
0
2 14 32
4 46 69 59 41
1 28
1 36
1 27
1 41
1 37
1 70
1 51
3 53 24 47
2 61 46
1 2
1 41
3 16 33 47
1 37
0
0
3 38 63 29
3 82 72 32
1 38
2 53 87
2 70 55
4 41 80 64 57
0
2 69 38
1 55
2 62 22
0
1 34
1 35
1 66
1 66
1 48
1 30
2 55 54
1 68
0
2 41 53
2 72 74
1 54
2 49 47
2 19 22
3 70 40 42
0
2 50 45
1 43
1 42
0
1 61
1 51
0
0
1 56
0
1 34
1 66
2 23 69
3 13 91 35
1 45
1 35
1 47
0
2 48 59
1 46
0
4 77 29 53 29
1 48
3 67 36 39
1 22
0
1 68
2 55 65
2 61 69
3 62 25 49
0
3 63 56 71
1 31
1 26
3 71 51 64
0
2 48 57
2 69 73
2 72 34
1 61
1 43
3 65 33 71
1 79
3 57 53 53
1 48
0
0
1 77
0
1 19
3 98 48 38
2 68 51
2 65 48
0
4 38 49 62 59
1 51
1 34
1 73
0
1 77
1 32
4 46 69 62 55
1 53
0
2 32 37
1 43
2 54 35
0
2 60 74
0
0
0
1 65
0
0
0
0
1 67
3 55 65 22
0
1 69
2 43 32
1 29
0
1 8
3 21 64 76
2 65 66
0
1 56
4 36 87 40 58
2 11 56
0
0
1 48
0
0
4 23 57 18 61
0
2 72 57
0
1 85
2 28 32
1 42
1 21
3 11 57 84
2 71 46
1 67
1 59
1 49
3 42 87 51
1 56
3 90 69 73
2 28 60
1 44
0
0
1 70
1 33
0
1 63
1 30
1 33
1 26
2 82 35
2 80 53
1 52
0
2 20 59
0
4 47 78 34 78
4 69 61 25 23
0
2 62 22
0
2 36 88
1 60
1 32
1 57
0
0
0
1 59
0
0
0
3 70 33 60
2 60 55
1 61
2 49 49
0
1 76
2 15 35
0
0
1 74
1 44
1 72
1 36
0
1 43
2 42 1
1 30
1 75
1 34
2 56 29
0
3 57 37 38
0
0
1 49
1 78
3 65 43 66
2 60 28
0
1 32
1 63
0
1 54
2 34 38
1 34
2 37 28
1 53
1 80
2 93 16
0
1 40
2 56 58
1 90
0
1 24
2 78 78
2 72 20
1 72
2 74 68
0
1 61
1 2
2 76 45
0
1 50
3 87 59 43
1 44
1 33
0
0
0
0
0
2 30 23
2 45 42
0
1 47
1 67
0
0
1 49
3 81 29 57
2 20 50
0
0
2 47 50
0
1 62
0
0
1 49
2 67 56
1 37
2 55 10
1 47
3 49 45 76
0
1 55
2 59 76
0
0
0
1 30
0
0
0
0
5 60 72 26 44 46
1 55
2 30 62
2 52 33
1 43
4 64 27 49 44
0
0
0
0
1 49
0
1 57
2 66 59
1 46
1 19
0
2 35 40
2 58 39
1 53
2 59 68
1 22
1 15
0
1 52
1 41
1 62
0
0
1 58
0
0
0
1 42
0
0
1 72
0
1 54
1 47
2 36 48
2 68 37
0
0
1 56
1 76
1 26
1 63
1 53
1 63
2 47 37
0
2 44 58
0
1 36
0
0
1 29
1 48
0
3 40 87 51
0
3 55 39 66
1 60
1 31
1 71
0
0
3 31 16 84
1 75
2 32 6
0
0
0
1 36
1 58
0
1 43
2 44 49
0
1 22
1 49
1 73
0
1 41
1 61
1 31
2 39 77
3 53 51 73
0
1 54
0
0
0
1 39
1 22
0
0
1 15
1 39
2 81 68
1 35
0
1 62
1 67
1 72
2 42 100
0
2 63 44
0
0
1 24
0
1 59
0
2 69 33
0
1 8
0
2 93 40
0
1 35
2 71 49
1 54
3 39 61 47
1 58
0
0
0
0
0
4 58 29 62 76
0
1 24
0
2 11 43
1 48
0
2 42 42
0
0
2 38 45
0
1 72
0
0
0
0
0
1 41
1 76
2 52 62
2 5 28
0
2 43 45
0
1 44
2 58 26
2 8 65
0
1 63
1 45
2 18 16
0
1 42
1 49
0
1 64
0
0
1 40
0
0
1 56
0
0
0
0
1 59
0
1 48
0
0
3 42 69 76
0
1 27
0
1 69
1 6
2 89 58
0
1 51
0
0
1 68
1 67
0
4 20 63 22 32
0
0
2 25 45
0
0
2 14 60
0
2 26 51
0
1 57
1 46
1 27
1 95
0
0
2 38 45
0
1 68
0
1 53
0
1 28
1 70
0
0
3 43 43 21
0
0
2 43 12
0
1 54
1 48
0
0
0
0
0
2 78 52
0
0
0
1 31
0
1 39
0
0
1 59
1 78
1 80
0
0
0
1 40
1 58
1 30
0
1 67
1 17
2 65 47
1 66
0
0
0
1 65
1 59
1 48
3 6 42 57
1 43
0
1 27
0
2 59 45
0
1 22
2 75 80
0
0
0
0
0
0
1 56
1 79
2 53 55
0
0
1 43
0
0
2 41 55
1 26
1 72
0
0
2 36 73
0
0
1 47
0
0
0
1 41
1 19
1 85
0
0
1 24
0
1 61
1 52
1 37
1 47
1 58
0
1 70
0
0
0
0
1 46
2 69 85
1 28
1 60
1 75
0
1 29
0
1 49
2 74 27
0
0
0
1 43
1 67
1 35
0
0
1 49
0
1 77
1 22
0
0
0
3 73 58 48
1 27
2 59 82
1 33
0
0
0
2 34 65
0
0
0
3 53 50 62
0
0
0
0
0
0
2 55 24
0
0
0
0
2 51 58
0
0
0
0
0
0
0
0
2 35 11
1 61
0
0
1 50
0
2 49 23
1 64
1 21
0
1 65
0
1 75
1 59
1 54
1 69
1 59
1 46
0
0
0
0
0
1 52
0
1 80
0
2 20 45
0
1 38
0
0
1 50
0
2 31 42
1 84
1 89
0
1 55
0
0
0
1 50
0
0
3 84 25 61
0
0
0
0
1 75
2 74 34
1 23
1 69
0
0
0
3 57 76 47
0
0
0
0
2 60 42
0
0
0
0
0
0
1 43
1 50
0
0
1 53
3 72 66 61
0
0
1 51
0
0
1 18
0
0
0
0
0
0
0
0
2 38 58
0
1 54
1 30
1 48
2 41 44
0
1 57
3 49 48 47
0
0
0
0
1 60
0
0
0
0
1 40
1 40
1 59
1 65
0
0
1 40
0
0
0
1 93
0
0
0
0
0
1 73
0
0
0
1 6
1 35
2 58 75
2 29 82
0
0
0
2 66 76
0
2 16 61
1 79
0
0
1 64
1 62
0
0
0
0
0
0
0
0
1 78
0
0
1 78
2 65 35
0
0
1 28
2 0 68
0
1 66
0
0
1 72
0
0
1 11
0
0
0
0
0
1 37
0
1 57
2 21 29
0
1 63
1 28
1 37
0
0
0
0
2 27 56
0
0
1 33
0
1 23
0
1 84
0
1 23
1 65
0
0
0
1 51
0
0
1 70
0
1 46
0
0
2 23 37
1 27
0
0
0
0
1 99
1 26
2 61 38
1 37
0
0
2 32 50
0
0
0
0
1 6
0
1 68
0
1 33
1 26
1 51
0
1 81
2 26 26
0
0
1 62
0
2 40 32
0
0
0
0
0
0
1 49
0
0
0
0
1 72
1 54
2 41 36
0
1 31
2 70 77
0
0
0
0
0
1 63
1 60
0
1 44
1 47
1 33
0
0
1 36
1 67
0
0
0
1 13
0
1 36
0
1 71
0
0
2 27 51
1 26
0
0
2 47 69
0
1 22
1 50
0
0
0
0
0
0
1 62
1 50
0
0
0
2 38 51
0
1 11
1 49
0
0
3 57 24 30
0
1 40
0
0
0
0
1 36
0
1 30
0
0
0
0
0
0
2 23 29
1 100
0
1 65
0
1 84
0
2 21 67
0
0
0
1 41
0
0
1 45
0
1 56
0
2 52 53
3 76 54 61
0
0
0
1 82
1 22
0
0
2 60 26
0
1 19
0
2 70 24
0
1 26
0
0
0
1 28
1 16
0
1 47
0
0
1 32
0
1 71
1 59
0
0
1 37
1 67
0
1 37
0
0
1 52
0
1 68
0
0
1 87
0
1 21
0
1 72
0
0
1 47
0
1 80
0
0
2 71 49
2 36 39
0
2 42 37
0
0
1 49
0
1 53
2 40 26
1 67
1 36
1 67
1 37
0
0
0
0
0
0
0
1 66
0
0
0
0
1 23
1 53
3 44 63 43
0
2 78 46
0
1 60
1 62
0
0
1 25
0
1 74
1 12
1 57
0
1 58
0
0
1 57
1 62
1 17
0
0
0
0
1 15
0
2 35 79
1 71
3 25 17 51
0
0
0
1 37
0
1 50
0
1 75
1 63
1 53
0
1 39
0
2 56 69
0
0
0
0
1 49
2 39 68
1 46
1 68
0
1 67
0
0
0
1 7
0
1 37
1 30
1 41
2 38 44
3 39 30 48
0
0
1 56
0
0
0
0
1 72
1 43
0
0
0
0
1 42
1 92
0
1 23
2 39 66
1 52
0
0
2 38 22
3 64 62 52
2 52 60
1 63
0
1 77
0
1 29
0
0
0
2 76 27
0
0
1 79
1 49
0
2 10 40
1 62
0
1 24
0
0
0
1 75
0
2 49 55
0
1 58
1 37
1 48
1 55
0
0
0
0
0
1 29
1 37
0
0
1 52
0
1 76
0
0
0
0
2 64 42
0
0
0
0
0
2 57 24
2 9 49
1 68
1 39
0
0
0
1 63
0
1 65
0
0
1 44
1 47
1 75
3 36 84 38
1 50
1 59
0
1 32
0
1 31
0
0
0
1 38
0
1 21
3 44 57 55
2 63 22
1 47
3 35 38 72
0
2 63 69
3 40 41 48
1 35
0
1 18
1 55
0
2 41 34
2 44 75
1 27
0
0
0
0
0
0
1 21
0
0
0
1 83
1 77
2 44 43
0
1 36
0
1 54
1 54
0
0
0
0
1 49
2 38 50
2 62 31
0
0
1 74
1 67
2 33 40
1 71
0
2 87 74
1 74
2 90 34
0
0
2 42 62
0
2 79 55
1 59
1 29
0
0
1 56
1 92
1 82
0
0
0
1 96
0
3 45 55 25
0
1 29
0
2 48 16
0
1 74
0
0
1 40
2 35 26
1 7
0
0
1 90
0
1 65
0
1 77
1 58
4 51 55 31 32
1 49
2 57 31
1 33
0
0
0
0
0
0
0
1 34
2 60 34
0
0
2 28 44
1 17
2 0 68
2 69 53
2 55 39
1 50
0
1 94
3 24 49 60
1 34
0
1 31
1 25
1 39
0
2 44 42
0
0
0
0
2 59 30
1 48
1 27
1 46
1 81
1 27
3 97 64 60
0
1 40
0
4 29 55 61 71
0
3 24 63 6
0
0
1 75
1 17
1 37
1 47
0
0
0
2 74 41
1 44
1 37
0
1 42
0
2 35 45
0
2 38 74
0
1 43
0
0
0
1 81
1 34
2 40 36
1 48
1 71
2 57 63
3 29 55 33
0
2 25 21
0
1 29
0
0
2 92 86
1 61
0
1 14
0
0
0
2 18 64
1 45
2 73 61
0
4 48 50 47 76
0
3 18 51 42
0
0
2 20 40
3 63 28 13
0
2 35 41
0
3 43 25 48
0
0
1 95
0
2 32 24
1 35
0
1 57
1 72
2 78 54
0
0
0
1 35
2 28 44
0
2 50 51
1 34
3 29 21 22
1 77
0
0
2 31 46
1 17
2 51 31
2 69 48
1 68
1 24
1 61
0
1 54
0
2 33 52
1 29
0
0
1 20
1 79
2 56 33
0
3 59 52 24
1 31
1 66
0
3 55 47 74
3 28 72 88
1 31
1 45
2 70 45
1 39
0
0
0
1 47
3 54 47 52
1 79
3 67 23 84
1 50
0
1 26
2 35 79
2 51 56
0
2 26 33
2 63 34
1 19
0
0
1 36
1 59
2 3 52
0
3 63 20 68
0
0
3 41 70 92
1 29
0
0
2 46 58
0
2 63 26
0
1 71
1 57
0
3 67 28 40
1 52
0
0
1 71
1 33
1 58
2 3 26
1 28
0
1 75
1 51
0
1 32
0
2 21 42
2 44 93
3 38 89 51
1 61
0
2 56 67
0
0
2 70 67
0
2 53 54
1 25
3 54 75 48
1 42
2 39 63
0
1 72
1 75
2 56 33
1 58
1 63
1 57
1 28
4 71 8 34 10
0
0
1 56
0
0
1 23
0
0
2 42 20
2 88 71
3 39 39 60
0
1 57
1 59
2 17 54
0
3 32 38 61
2 12 37
4 63 59 35 7
2 67 22
1 10
0
1 66
1 1
3 44 30 40
2 99 69
1 46
0
3 45 76 50
0
2 43 57
0
3 61 39 16
2 49 30
2 43 71
1 42
0
2 47 40
1 68
2 48 18
2 57 43
1 63
0
3 40 59 5
0
0
3 34 48 58
0
2 88 22
3 37 56 55
0
0
