3600 4
1 22
3 43 46 43
4 9 48 67 22
2 36 56
4 28 68 77 39
0
2 72 42
1 65
1 18
3 40 33 71
2 25 47
1 55
0
0
0
4 30 71 29 84
2 69 52
4 65 82 88 39
1 52
1 74
3 72 19 72
2 56 49
0
1 27
2 80 54
1 44
2 65 54
2 27 42
3 45 29 89
3 46 58 85
0
2 26 24
2 88 38
3 66 22 74
2 70 54
0
2 36 19
2 46 37
1 45
1 25
4 52 37 41 32
3 42 16 53
4 37 42 15 67
0
2 58 45
5 54 50 61 49 77
5 73 64 61 52 51
0
0
2 34 35
1 44
1 70
0
0
0
1 71
1 73
2 55 8
1 64
1 37
3 61 32 68
2 82 42
5 10 48 37 43 45
1 72
1 78
2 35 20
0
1 56
1 59
1 67
0
2 62 37
0
2 54 27
1 52
2 90 63
5 31 53 21 53 32
0
5 29 64 57 35 55
0
1 83
1 35
3 49 58 26
2 65 76
3 64 44 34
1 78
2 48 23
0
0
1 31
4 34 84 56 57
0
2 27 66
0
3 54 22 35
1 94
1 65
2 60 17
2 74 69
1 37
3 27 74 56
1 20
1 50
0
1 61
2 55 36
0
2 68 43
3 77 53 35
1 92
0
1 73
1 4
1 71
2 65 75
2 66 27
2 36 24
4 51 83 54 58
0
1 65
4 37 49 68 33
2 33 22
1 57
0
2 55 42
0
0
1 56
1 54
2 61 71
2 50 30
3 20 60 77
1 82
0
1 65
1 40
2 35 32
4 55 61 28 40
1 30
2 48 49
2 32 74
3 30 56 48
3 52 40 32
3 57 71 44
1 27
3 53 32 56
0
3 18 76 32
6 46 15 72 21 33 52
1 64
2 27 48
1 72
1 57
2 47 85
1 4
2 54 52
0
1 93
4 53 27 47 32
1 63
0
0
1 44
2 18 82
0
0
2 61 42
3 32 46 30
0
0
1 26
1 34
2 57 25
1 41
0
2 46 51
0
2 42 57
1 63
0
2 39 38
1 60
1 68
2 59 42
1 69
4 32 56 89 55
2 63 51
2 47 41
1 42
0
2 62 27
0
2 60 46
0
0
0
0
3 56 54 32
1 65
2 41 71
3 47 21 29
0
2 76 45
3 41 49 32
2 49 59
2 25 50
2 40 33
0
0
1 53
2 38 29
2 36 7
0
3 43 32 60
1 67
0
2 74 54
1 45
0
1 58
2 25 67
1 45
4 34 70 38 44
1 43
1 37
2 66 37
2 42 44
2 77 50
4 76 45 53 44
0
0
1 70
0
1 36
0
2 14 38
1 44
2 54 47
3 69 59 35
1 66
2 42 45
1 81
1 61
1 53
2 45 30
1 35
2 60 28
2 39 35
3 64 13 18
3 95 58 36
1 33
1 52
1 38
4 58 40 60 18
3 45 54 39
0
1 72
4 71 61 51 57
0
0
1 64
0
1 45
1 79
1 2
2 64 31
2 44 28
0
1 66
0
1 51
0
0
0
0
1 46
1 78
2 29 50
3 39 63 49
1 38
2 87 42
2 27 79
4 51 63 2 46
2 44 76
2 53 39
0
2 45 46
0
2 70 61
0
1 70
2 37 86
0
1 40
0
1 57
1 41
2 54 35
2 14 50
1 53
3 59 63 68
0
0
0
1 34
0
1 71
1 35
1 55
1 34
0
1 23
0
0
1 23
2 57 77
1 36
3 98 33 75
0
2 38 60
1 86
3 45 74 63
1 29
1 29
0
1 47
1 57
2 34 60
0
2 59 43
1 44
3 53 71 64
2 65 28
0
1 66
3 39 33 37
0
0
2 21 71
0
1 93
1 19
1 57
1 28
3 56 97 14
1 39
0
0
1 50
1 53
3 83 40 53
1 29
1 25
0
1 8
1 32
2 40 72
1 42
0
0
0
0
4 70 14 42 5
0
0
2 75 50
3 56 59 51
1 55
1 74
2 45 58
3 92 68 41
0
0
2 53 29
0
3 76 41 54
3 51 39 69
1 27
1 36
2 34 47
2 94 71
0
0
0
1 83
1 28
1 56
2 49 20
0
1 38
2 35 100
1 32
0
0
2 63 49
2 8 44
0
0
0
1 87
3 24 86 67
1 58
1 41
3 58 32 59
2 41 41
2 39 36
1 17
2 71 55
2 54 60
0
2 34 52
0
3 42 12 70
2 40 20
1 29
0
1 34
0
1 36
1 42
1 33
2 18 49
2 62 40
0
0
0
1 11
1 42
1 9
0
1 74
0
1 47
1 60
0
5 68 70 24 65 50
1 66
0
1 46
1 34
0
1 54
0
1 60
0
2 52 59
0
2 51 44
0
1 69
4 27 52 81 68
0
0
0
4 63 93 33 49
0
1 46
0
1 62
1 52
0
0
2 14 46
1 38
3 47 90 40
2 51 80
2 31 42
0
1 47
0
2 43 37
2 69 43
0
0
0
1 58
1 68
1 52
1 27
2 43 33
1 69
2 52 77
0
0
1 20
1 13
2 49 86
0
0
2 39 54
0
1 46
0
1 58
1 63
0
0
0
2 50 84
0
0
2 66 58
0
0
0
2 64 70
2 50 57
0
3 74 48 27
4 97 55 51 25
2 63 75
0
0
0
1 57
1 36
0
1 50
1 46
0
2 36 74
0
0
1 68
1 34
0
1 38
0
1 26
2 39 55
3 49 64 10
2 49 52
0
0
1 67
0
1 22
1 34
0
0
1 40
0
1 38
2 35 29
1 56
3 49 64 66
0
1 34
0
2 42 39
0
2 49 19
2 94 37
1 32
0
0
0
1 12
0
0
2 52 52
0
0
1 79
1 63
1 51
0
1 60
0
1 41
1 54
1 21
1 39
1 63
0
2 85 56
3 23 67 59
0
0
0
0
2 63 67
4 75 76 41 53
1 62
1 34
0
1 42
1 32
0
0
1 61
0
0
1 38
3 24 34 67
1 35
0
0
0
0
0
0
1 59
0
0
0
0
1 8
0
0
2 38 92
1 32
0
1 52
1 41
2 1 77
2 58 59
1 58
1 67
1 34
0
0
1 27
0
3 75 63 34
1 53
0
1 43
1 55
0
1 66
1 44
2 72 49
0
0
0
0
1 69
2 83 53
1 64
1 51
2 60 74
1 61
0
0
1 74
0
1 30
2 50 85
1 60
0
0
2 52 86
1 54
1 45
0
3 36 17 59
1 77
1 48
0
0
0
1 41
0
0
0
1 35
2 48 44
0
0
1 38
0
2 16 75
1 46
1 30
1 65
0
0
1 71
0
1 32
0
2 70 75
0
0
0
0
2 20 58
1 79
1 31
1 38
0
0
0
0
0
0
0
1 60
1 21
0
0
0
1 74
1 45
1 15
0
2 99 44
1 47
1 55
0
1 22
1 60
1 67
1 49
0
3 34 90 61
0
1 68
1 44
0
1 92
0
2 63 54
0
0
1 28
1 50
2 69 54
0
0
1 51
1 77
0
0
0
2 35 28
0
1 45
0
0
0
1 35
0
1 34
0
1 33
1 68
1 70
1 45
0
1 25
0
1 42
0
0
0
1 37
0
1 59
0
1 51
0
1 60
1 54
0
0
1 49
0
1 61
4 35 50 60 41
0
0
0
0
1 65
0
0
0
1 49
0
1 48
2 47 90
1 52
1 18
0
0
0
1 45
1 65
4 70 38 41 47
1 29
0
1 58
0
0
0
1 65
0
0
1 47
1 54
0
0
0
1 88
0
2 36 51
0
0
1 44
0
1 66
0
1 38
0
1 63
3 69 37 68
1 56
1 65
0
0
1 55
0
0
0
0
1 51
0
0
0
0
1 47
2 82 57
2 38 29
0
1 38
1 79
0
1 35
0
2 68 68
0
1 16
0
0
0
0
0
1 63
3 46 32 55
0
0
2 65 74
0
0
0
1 42
1 56
1 42
1 50
0
0
1 42
0
1 5
0
0
0
2 29 58
0
0
2 98 54
0
0
0
0
0
1 45
0
2 57 38
1 43
0
0
1 63
1 15
1 20
1 60
0
0
2 62 32
0
0
1 28
1 67
0
0
1 32
1 13
1 56
0
1 34
0
1 19
0
0
0
0
0
0
0
0
0
0
1 56
0
1 64
2 46 67
0
0
0
4 77 23 55 41
0
0
0
1 43
1 38
0
1 40
1 41
1 43
0
0
0
1 42
1 32
0
0
0
1 82
2 64 47
0
0
0
0
0
1 23
0
0
0
0
0
0
0
1 59
0
0
0
0
0
2 77 47
1 7
1 58
1 71
1 37
1 25
1 45
1 29
1 57
0
0
2 47 31
0
1 74
1 46
0
1 15
1 64
0
1 48
0
1 31
0
1 45
1 48
0
1 64
0
1 47
0
0
0
0
0
1 57
1 46
1 45
1 57
0
0
0
0
2 43 40
0
0
0
0
1 45
0
1 38
0
1 65
1 72
1 33
1 57
0
0
1 65
0
2 71 44
1 48
1 68
0
0
1 61
0
0
0
0
0
1 43
0
0
1 45
0
1 48
0
1 73
2 50 65
0
0
0
1 48
1 42
0
2 39 46
0
1 48
0
0
1 60
0
1 72
0
1 57
1 72
2 30 55
1 61
1 73
0
0
0
0
0
0
0
0
1 77
0
1 74
0
3 68 66 45
1 73
0
1 83
1 51
1 41
0
0
0
0
0
1 56
0
0
0
2 41 43
1 83
0
1 60
1 72
1 77
2 63 46
0
2 62 30
0
0
0
0
2 3 49
0
0
1 54
2 54 91
0
0
1 28
0
0
0
0
0
0
0
0
2 48 64
0
0
0
0
0
0
0
1 41
0
0
0
0
2 19 45
1 70
0
0
1 46
1 5
1 59
1 56
1 71
0
0
1 67
0
1 30
0
5 10 84 33 84 24
1 23
0
0
0
0
0
0
1 88
1 37
1 83
0
0
0
0
0
0
0
1 60
1 62
0
1 57
0
0
1 45
1 55
1 76
0
1 40
1 49
0
2 29 48
0
1 62
0
1 60
1 52
0
2 41 62
0
1 56
0
1 61
0
0
0
0
1 14
0
1 35
0
0
1 48
0
0
1 75
1 53
0
2 40 28
0
0
4 24 58 69 81
0
0
1 78
1 63
0
1 58
0
1 61
1 61
0
0
0
0
1 46
1 29
1 66
0
1 89
0
1 30
0
1 23
1 49
0
0
0
1 44
0
1 64
0
0
0
2 45 70
1 29
0
1 32
0
0
2 49 69
0
1 66
0
1 49
1 60
0
0
1 74
0
0
2 47 47
0
1 82
1 64
0
0
1 70
0
1 56
0
0
2 41 26
0
3 52 31 67
0
1 45
0
0
0
0
1 62
1 25
2 42 17
1 88
0
0
0
0
0
1 20
0
0
0
1 34
0
2 45 75
1 52
1 5
0
0
1 73
0
0
0
2 53 84
1 18
2 66 81
1 75
1 48
1 59
0
0
0
1 58
1 64
0
1 86
0
1 62
1 79
0
1 53
0
1 50
1 59
1 52
0
0
0
0
0
0
0
1 30
1 40
2 44 42
1 43
0
2 32 32
0
0
0
1 50
3 44 40 22
1 23
0
0
1 23
0
1 83
0
0
0
0
0
0
1 53
1 74
0
0
1 48
1 60
0
1 34
1 53
0
1 69
0
0
2 70 27
0
0
1 33
2 73 69
1 41
0
2 52 77
2 28 39
2 80 48
1 40
1 28
1 56
1 45
0
2 43 36
1 41
0
0
0
2 59 54
0
1 56
1 44
2 39 29
0
0
0
2 55 55
0
0
0
2 36 39
0
3 70 40 68
0
0
3 51 21 69
1 48
1 56
0
1 15
0
0
1 47
1 52
0
1 8
0
0
1 31
0
0
0
1 33
1 78
1 63
1 60
0
1 65
0
2 66 47
2 72 87
3 56 27 65
1 55
0
1 36
0
1 77
1 37
0
0
0
0
1 21
0
2 75 21
0
2 68 58
0
1 27
0
1 67
1 31
0
0
0
3 59 23 28
1 47
0
1 45
1 84
1 33
0
0
0
0
0
2 85 47
1 55
0
1 15
2 75 23
2 19 81
1 71
3 3 42 47
0
1 68
1 47
2 62 45
0
0
0
2 75 89
0
0
0
0
1 52
0
0
1 22
0
2 34 65
2 36 81
0
0
3 97 48 34
1 35
0
1 58
0
1 37
1 82
1 26
0
4 13 58 39 57
1 16
0
0
0
2 47 77
0
1 36
0
2 78 25
0
0
2 62 42
1 46
2 65 60
1 64
0
0
2 68 56
1 34
0
0
0
1 21
1 51
0
2 37 41
1 47
1 61
0
1 49
0
2 25 52
0
1 77
3 51 72 32
2 83 62
1 33
0
1 67
0
1 58
2 38 34
0
1 56
1 47
0
0
1 43
0
1 31
0
1 55
0
1 61
0
2 60 64
2 55 53
0
1 67
0
1 46
1 51
0
3 64 23 70
1 30
1 20
1 78
1 49
1 62
1 20
1 42
1 33
0
1 58
4 18 55 37 53
0
0
1 79
0
0
0
1 40
1 52
3 47 38 6
1 49
0
0
0
1 45
1 64
2 47 57
1 46
2 60 52
2 53 48
2 46 43
2 44 7
1 13
0
0
1 15
0
2 40 45
3 26 52 78
3 73 63 42
1 61
0
2 62 85
4 37 28 19 59
0
0
0
1 15
0
1 40
2 78 47
2 42 57
1 52
0
2 15 27
1 19
1 32
1 43
1 41
1 73
0
2 18 68
1 54
0
0
2 43 40
1 60
0
0
0
1 6
2 23 12
0
1 37
1 75
1 67
0
1 42
2 56 28
4 28 37 51 57
1 40
1 24
1 53
2 70 81
0
2 62 44
1 52
0
1 44
0
1 16
2 52 19
0
1 77
0
2 22 50
0
0
0
1 16
1 26
1 75
0
0
2 67 70
2 47 72
0
1 38
1 58
1 63
2 47 49
2 28 39
1 66
1 77
1 39
4 35 3 35 69
1 54
0
0
0
1 50
1 66
1 46
1 57
1 53
2 77 28
2 34 70
0
0
1 55
0
4 57 37 86 53
3 64 81 54
0
0
2 50 96
0
1 67
1 48
3 75 72 47
1 12
2 49 60
0
3 13 54 49
1 71
1 66
0
0
1 65
3 46 68 40
4 38 57 97 58
0
1 49
1 16
2 73 83
1 61
1 40
1 72
2 44 66
2 53 44
1 19
2 54 48
0
0
4 74 85 37 45
1 65
0
2 24 76
0
2 80 47
0
1 51
2 64 64
0
0
2 53 10
0
2 26 68
1 27
1 56
0
2 8 65
1 18
0
3 59 51 46
1 56
1 46
0
1 100
1 39
1 17
2 88 36
2 45 57
1 25
4 69 20 26 24
2 83 28
1 85
1 78
4 29 16 41 61
0
0
1 37
0
2 77 64
0
1 31
2 40 30
2 38 33
1 55
0
0
0
0
2 32 70
0
1 54
1 29
3 96 80 85
2 45 35
0
4 52 65 67 70
0
0
1 66
1 67
3 83 55 66
0
1 32
4 44 35 8 39
2 33 57
0
2 53 27
2 70 28
0
2 38 83
0
4 45 49 37 84
3 45 48 40
2 80 48
1 43
2 43 73
0
0
1 68
0
1 41
0
3 51 69 51
1 73
2 33 11
1 60
1 64
5 40 67 54 30 62
2 62 61
1 45
4 14 59 61 85
0
1 61
0
1 66
1 72
1 88
1 37
3 67 65 43
0
4 32 35 45 19
2 27 31
0
0
1 51
0
1 66
1 83
0
3 45 30 61
0
2 45 42
0
2 54 22
1 64
1 54
1 13
2 55 52
0
2 61 18
2 56 53
0
1 90
1 54
0
2 16 51
2 75 62
0
1 50
3 18 67 40
2 45 69
0
1 45
1 30
4 45 59 57 52
0
1 43
3 67 41 40
1 18
3 77 53 31
2 52 1
1 68
2 39 15
1 65
0
1 22
2 48 53
1 38
1 39
0
2 71 93
0
1 73
1 22
1 45
3 68 32 54
1 67
1 31
0
1 55
4 73 35 33 72
3 87 58 38
1 13
1 21
1 47
1 26
4 41 56 36 61
4 59 32 5 57
1 67
1 42
2 51 43
1 33
2 52 68
2 23 55
1 36
1 71
0
3 86 19 57
1 16
1 63
2 44 45
3 59 36 27
3 67 37 35
2 24 19
2 84 33
0
0
3 65 39 66
3 20 67 8
1 58
1 45
2 36 31
0
0
2 48 17
2 40 41
2 65 22
2 44 27
3 82 71 71
1 34
0
1 75
3 47 58 54
1 52
2 71 13
1 52
1 9
7 29 64 30 65 60 6 64
2 35 49
2 67 51
1 37
1 64
2 55 63
2 59 68
1 23
0
0
1 39
2 49 68
0
2 38 66
0
0
0
0
1 41
0
2 56 49
1 56
3 32 43 39
3 24 72 75
0
2 16 52
0
1 59
1 52
1 42
3 90 61 53
1 79
0
3 56 53 58
1 36
1 31
1 66
0
0
0
0
4 20 44 21 35
1 57
4 73 61 10 22
2 74 37
4 38 33 44 29
1 47
5 25 47 43 28 36
1 55
3 44 88 59
2 23 68
3 52 88 75
5 51 56 64 33 69
0
1 45
2 70 31
3 82 34 41
1 54
3 46 59 71
1 43
3 85 40 53
2 59 45
0
1 62
0
1 20
2 75 85
1 41
4 29 50 60 41
2 29 66
1 55
0
3 82 41 71
1 47
1 34
2 57 47
4 72 50 58 88
3 50 74 34
2 73 52
1 72
1 26
1 77
2 47 93
0
2 18 93
1 28
2 51 72
0
2 31 65
1 59
3 85 54 63
3 44 66 39
1 87
3 82 39 61
2 25 64
2 59 51
1 82
3 40 32 23
4 55 42 57 63
2 47 58
1 43
3 21 52 75
0
2 55 80
2 56 26
1 68
0
1 38
2 18 39
1 90
4 42 24 43 57
1 57
1 23
2 56 55
0
1 37
3 28 73 23
6 44 67 42 67 61 68
1 43
2 35 59
1 23
0
2 92 72
1 80
2 37 35
1 24
0
3 68 49 37
0
2 61 83
1 57
3 55 43 70
1 69
2 37 68
3 19 54 68
1 33
4 55 50 36 35
3 28 31 45
1 17
1 16
1 66
0
0
2 63 47
1 35
5 39 56 61 35 27
2 75 49
0
4 88 52 56 86
0
1 19
1 18
1 19
1 77
3 13 70 24
2 50 26
2 31 37
1 45
2 60 71
3 42 64 35
1 62
2 47 55
3 95 40 59
3 22 56 58
1 54
3 8 67 43
3 26 48 32
1 64
2 35 53
0
3 70 24 40
4 67 77 40 74
1 68
2 44 41
1 56
0
2 31 20
3 12 47 49
2 51 43
1 79
0
1 64
0
2 47 64
0
1 36
3 83 46 40
4 34 41 53 24
2 44 44
2 32 66
3 33 50 77
1 55
1 39
1 46
4 40 65 52 28
1 9
2 52 62
2 44 33
3 64 56 36
1 46
2 36 48
2 59 36
2 9 62
1 49
2 51 37
3 48 69 59
4 52 37 57 26
0
0
1 60
2 59 19
3 63 75 60
1 33
3 54 30 51
2 50 25
2 20 23
2 45 55
1 50
1 77
3 25 55 51
3 41 97 65
2 43 40
1 29
5 82 57 56 51 26
3 61 76 63
2 51 84
1 52
0
2 57 35
4 46 5 13 53
1 36
2 36 46
2 40 52
5 22 55 42 73 62
2 24 6
4 50 88 31 83
2 49 38
2 77 75
3 43 26 41
4 36 57 21 61
0
1 15
0
3 20 32 71
2 43 17
4 24 37 54 89
0
0
0
1 25
1 76
2 59 30
1 32
2 72 20
0
1 50
1 60
5 57 56 39 44 18
1 23
0
1 32
2 64 78
0
0
5 50 39 28 51 70
6 53 23 30 78 58 51
3 29 67 46
2 77 42
2 66 37
3 76 38 40
2 42 53
1 47
3 7 43 36
1 61
2 67 21
3 54 61 32
3 22 16 23
2 71 29
1 51
1 60
5 33 48 72 33 73
0
1 68
1 37
3 61 53 24
4 91 25 48 45
0
1 83
3 53 73 15
2 9 40
1 16
2 27 13
2 8 33
1 46
3 38 43 57
1 85
4 50 18 69 85
4 36 46 68 33
5 54 30 49 42 59
1 67
0
6 6 61 60 62 63 25
2 52 74
3 52 44 71
0
1 51
5 26 55 81 34 44
1 40
0
4 50 53 40 64
4 43 43 35 25
1 49
0
1 74
1 83
0
3 59 79 35
1 79
1 61
2 44 63
4 49 34 66 51
1 49
2 14 12
2 68 59
1 64
3 73 73 51
1 31
2 65 82
1 68
1 68
2 3 57
2 51 39
4 71 30 9 48
1 66
5 65 80 60 47 60
0
1 19
2 31 48
0
1 65
1 22
1 78
1 31
0
1 46
3 55 73 87
1 84
5 56 33 75 56 48
0
4 51 36 63 57
2 25 56
4 32 86 64 2
5 87 64 48 45 81
0
4 55 51 48 8
2 59 66
0
2 39 43
3 27 80 42
5 42 47 54 36 40
3 65 45 62
2 93 36
3 33 36 48
2 60 85
2 42 56
4 55 46 64 30
2 59 26
4 40 72 21 67
2 57 54
2 57 47
4 23 41 50 65
1 12
3 30 57 44
2 33 36
3 71 53 44
1 42
1 48
1 46
2 58 20
4 56 79 38 30
1 99
4 30 67 68 50
2 95 54
0
2 59 70
1 30
2 31 80
5 51 42 18 53 64
3 61 55 56
1 28
2 58 59
2 48 78
4 42 30 61 62
4 59 52 50 48
0
3 94 57 56
2 67 55
2 51 46
6 23 48 50 93 69 47
1 48
0
1 29
2 35 51
1 62
2 51 82
0
4 8 56 83 60
0
2 75 88
1 66
3 11 60 54
4 25 34 65 29
0
1 10
1 9
1 80
4 42 56 82 23
2 61 56
0
4 87 20 64 43
3 25 78 33
5 47 81 80 37 28
4 49 39 51 58
1 61
0
2 73 40
1 21
1 33
2 73 41
2 69 63
3 53 65 29
2 43 23
3 55 51 37
4 68 45 26 76
4 50 43 38 87
2 35 61
5 44 59 60 46 61
1 73
4 45 21 53 30
1 79
1 63
3 90 60 61
0
0
1 40
3 63 27 15
4 46 82 61 9
2 24 45
2 57 52
4 71 63 22 39
1 68
0
3 70 9 49
2 5 67
5 54 53 40 28 79
1 78
3 73 56 36
2 23 44
3 54 24 51
1 62
0
7 60 43 57 77 58 36 33
2 31 47
4 72 19 75 86
2 40 37
2 53 44
2 24 53
1 69
1 41
0
1 8
2 37 34
2 40 43
3 53 71 37
1 29
4 56 36 36 53
1 93
1 40
3 75 47 23
3 71 28 39
1 44
1 80
3 99 6 81
2 74 57
3 68 30 25
3 47 72 46
2 42 30
3 60 51 64
3 58 26 90
7 88 50 46 71 46 63 64
1 28
4 64 57 38 66
1 68
2 28 78
7 45 45 74 58 67 43 32
2 78 50
1 67
3 66 82 22
3 36 32 82
0
0
2 41 14
3 41 70 68
3 54 82 58
1 75
3 50 50 88
3 48 69 43
3 28 17 67
4 67 44 86 54
0
1 30
3 48 43 33
1 52
2 65 60
6 45 83 33 36 55 67
1 78
2 75 68
2 59 76
0
3 41 46 46
1 63
1 96
2 81 32
2 36 78
1 18
3 62 76 14
4 55 70 54 66
4 43 46 49 48
1 19
2 56 19
3 31 61 94
3 63 75 35
2 72 54
1 21
3 50 24 59
5 59 74 50 51 21
2 54 79
2 24 64
2 72 30
1 49
2 67 74
2 44 64
0
4 62 4 51 52
0
3 73 28 42
4 48 40 46 78
3 55 57 35
2 54 42
7 80 90 80 74 61 36 57
1 19
1 51
3 88 74 68
2 28 49
3 54 50 48
1 55
1 88
1 21
1 60
4 86 82 73 40
2 54 36
0
1 65
3 70 66 49
3 66 32 46
3 79 14 14
4 63 39 45 49
4 35 61 49 22
2 39 52
5 34 25 29 62 44
1 7
2 28 45
0
1 42
4 27 54 75 49
2 57 23
3 55 64 45
3 75 38 34
0
3 50 32 73
3 50 76 52
2 54 31
1 43
2 52 34
3 97 35 35
5 28 55 44 96 10
3 17 52 65
1 87
2 30 82
1 48
4 36 42 93 71
4 51 51 59 36
3 16 42 58
2 40 70
7 48 48 25 49 57 40 57
3 66 42 11
0
1 52
4 82 48 69 39
4 41 62 52 45
1 47
4 57 61 42 63
1 58
0
1 35
3 50 37 43
1 65
1 76
2 55 52
4 58 32 71 34
3 42 32 42
6 68 26 68 75 45 60
5 80 57 28 53 68
1 73
2 60 43
0
1 69
1 48
2 54 10
1 62
2 78 24
3 48 71 18
3 60 72 41
6 38 58 52 51 26 43
3 45 67 45
2 9 96
1 68
2 34 35
2 46 56
1 88
0
3 46 40 20
3 30 48 65
2 89 64
3 33 29 63
1 73
3 21 74 49
2 61 54
1 25
2 50 76
2 50 48
4 16 62 41 60
1 33
1 59
3 16 58 53
5 50 56 25 57 57
5 71 74 48 58 23
2 85 59
6 17 51 62 42 34 80
3 27 33 74
7 53 93 39 36 65 35 71
2 53 85
3 92 11 89
4 78 69 28 33
0
3 68 70 43
2 9 69
3 31 38 85
2 30 39
0
2 60 23
0
2 62 28
1 34
1 38
3 27 81 36
3 46 25 17
4 54 62 51 25
3 36 33 62
3 47 24 32
2 46 38
3 20 14 52
2 59 73
3 39 31 85
2 30 55
2 64 65
3 55 63 70
2 29 34
2 53 51
0
2 67 49
0
1 52
3 54 57 49
3 64 60 46
1 25
4 43 79 33 66
3 60 62 69
3 83 74 51
2 24 59
4 30 36 74 11
1 25
2 47 49
5 23 35 45 35 64
5 65 27 77 32 45
2 5 60
3 71 54 57
0
3 48 66 26
7 49 41 56 57 66 60 44
4 92 24 23 47
3 42 85 56
2 2 74
2 18 59
3 40 74 67
2 81 54
1 88
3 41 38 62
1 79
2 19 69
2 42 41
1 57
2 40 93
3 49 56 29
3 36 8 65
3 54 52 59
1 40
2 43 34
5 25 57 69 42 55
3 53 59 50
1 66
1 77
5 80 58 47 53 63
4 49 72 82 55
2 54 64
1 24
3 44 73 45
1 40
3 76 39 49
3 70 53 55
1 50
2 58 49
1 41
1 54
1 77
1 48
2 72 19
5 58 41 50 70 16
7 73 47 29 5 69 84 51
4 45 75 73 23
5 42 60 66 15 58
3 45 39 18
2 82 28
0
3 29 64 62
0
6 64 49 57 61 35 38
2 59 52
1 30
4 28 68 19 54
2 34 17
4 65 79 33 72
3 62 47 51
3 48 46 41
3 21 36 36
3 90 34 59
3 66 43 61
3 52 36 45
4 49 46 78 42
3 3 69 59
3 38 13 23
0
0
0
1 37
5 71 29 79 77 38
1 28
0
3 76 32 58
4 70 69 69 82
3 63 26 12
2 66 52
6 37 59 74 17 76 63
3 44 18 25
2 32 42
5 63 32 84 67 62
5 75 87 72 57 63
3 53 66 63
2 75 56
2 34 47
3 45 34 34
0
1 51
0
5 35 59 37 41 14
3 52 45 39
2 63 28
1 59
4 91 53 56 29
1 57
1 73
2 41 81
3 29 65 55
3 79 25 30
3 24 34 60
4 48 39 53 40
2 58 68
1 55
5 86 48 41 27 57
1 32
3 64 42 36
3 13 31 44
1 73
3 80 36 46
1 50
2 67 47
3 36 46 68
5 64 66 64 29 43
4 64 35 36 60
1 56
1 64
3 37 22 55
0
0
2 98 70
5 96 46 75 43 69
4 66 55 72 37
1 66
2 48 34
2 0 30
0
4 89 73 58 86
2 57 51
1 76
1 6
4 58 37 43 44
3 51 50 52
2 57 64
2 67 58
3 52 47 40
5 36 24 55 60 87
3 42 46 40
2 23 68
4 82 54 80 20
2 12 56
2 68 62
0
2 69 34
4 58 36 22 44
3 73 23 40
4 38 64 56 62
3 54 35 35
2 70 21
8 46 57 47 72 72 39 25 66
2 49 51
4 65 64 72 67
2 49 49
3 23 49 41
2 22 71
2 47 65
0
2 18 28
2 49 51
2 61 69
1 59
1 30
6 69 73 47 22 12 51
4 34 1 79 80
1 83
1 36
2 44 32
2 45 50
5 45 35 19 29 53
1 55
1 12
1 31
2 56 44
2 50 43
5 21 25 72 56 57
3 29 52 98
4 49 74 45 23
3 67 36 40
0
3 95 58 65
3 61 30 90
1 51
1 79
2 61 31
0
2 60 42
4 72 66 62 37
3 60 77 67
3 89 27 31
1 68
4 32 44 15 37
2 31 25
3 98 39 38
2 59 40
4 31 56 74 41
1 40
1 7
2 53 84
3 83 78 42
1 46
6 60 78 45 59 64 44
3 19 17 27
2 65 53
4 44 32 40 55
2 39 80
4 44 22 78 50
1 26
5 84 48 62 19 74
7 42 51 48 7 71 35 88
1 51
4 68 14 45 55
5 18 13 40 64 56
3 42 25 27
3 51 4 40
5 56 52 56 34 21
0
1 87
4 76 51 64 28
0
3 36 43 79
4 42 67 34 45
2 52 55
1 90
2 68 12
4 73 48 53 49
4 61 28 78 78
5 56 42 48 39 60
0
2 59 26
1 67
1 50
2 49 80
1 9
3 77 43 75
3 67 32 63
3 48 37 37
1 74
2 46 31
3 60 57 69
2 73 59
3 21 69 81
1 70
1 21
4 87 73 33 35
4 12 40 56 75
1 8
1 72
4 56 37 55 42
2 30 57
2 34 37
4 45 28 61 20
1 68
1 43
1 49
1 12
3 37 7 71
3 22 45 13
3 22 44 47
3 40 61 35
3 19 54 47
0
2 53 36
2 56 51
1 44
3 67 85 52
5 43 44 39 13 16
3 50 72 66
3 11 68 53
2 69 61
2 56 66
0
7 31 31 54 87 3 53 86
1 38
5 62 68 65 31 38
3 35 33 62
0
4 49 28 66 32
0
2 65 61
4 72 42 68 14
4 51 52 53 73
3 50 57 61
3 61 29 42
3 49 48 58
2 38 47
2 49 54
2 50 38
3 27 64 41
3 65 36 63
2 44 46
1 76
2 58 58
3 70 58 73
5 18 28 43 39 35
1 45
0
2 42 52
0
2 55 57
1 57
3 73 59 74
3 78 50 38
1 14
4 63 51 51 35
2 39 87
1 40
8 61 22 68 75 23 67 64 35
3 65 41 68
1 55
6 54 48 68 47 51 88
3 55 51 19
2 48 32
3 45 41 61
1 55
2 77 46
1 27
3 53 61 69
2 53 55
3 16 25 62
4 60 22 59 54
3 52 29 40
1 97
2 54 33
3 32 44 55
2 51 73
5 30 82 22 69 70
4 30 60 52 8
1 38
0
5 19 50 50 53 58
1 34
6 64 98 44 43 48 23
2 52 58
0
4 67 32 54 51
3 41 55 42
1 23
1 40
2 75 98
1 54
4 35 37 39 72
0
1 79
3 54 27 89
2 52 15
3 22 63 42
3 34 56 51
3 71 87 44
1 42
3 44 23 57
2 13 34
5 49 39 66 52 49
4 5 80 25 65
1 62
2 37 50
3 75 53 55
6 20 34 35 37 66 47
2 22 38
1 74
3 61 38 41
1 47
3 62 44 5
1 47
7 64 81 53 32 34 63 41
2 71 61
1 16
1 57
2 52 56
3 54 73 60
4 68 90 18 35
4 33 56 57 75
0
2 17 61
2 38 40
0
3 35 62 61
1 82
0
3 41 57 20
0
2 64 35
1 27
1 50
3 84 35 46
3 74 61 59
3 36 45 39
5 27 73 68 84 51
5 52 72 49 35 75
4 63 27 62 99
1 39
3 4 17 62
2 69 28
2 17 67
2 42 16
3 84 49 10
0
5 90 50 40 27 65
2 61 66
2 55 23
1 70
6 37 44 63 68 70 62
3 32 85 91
0
3 70 54 48
4 78 43 60 37
2 43 53
3 65 82 40
7 89 55 37 45 29 34 59
2 66 71
3 46 26 50
2 78 36
3 50 73 45
3 16 55 38
3 74 45 43
6 8 46 46 66 73 48
2 45 57
2 55 71
1 32
3 63 38 64
1 34
2 34 34
1 22
0
3 76 61 71
2 49 55
1 51
1 81
4 41 60 21 48
4 42 20 62 81
4 65 33 56 27
5 49 53 60 63 28
1 76
4 28 82 65 35
2 17 21
1 52
1 77
6 2 57 56 18 20 55
5 74 57 38 16 64
4 100 64 71 54
4 48 53 58 64
2 52 38
1 46
2 60 75
1 46
3 20 65 50
1 23
3 85 52 71
2 49 51
6 88 33 36 44 45 50
6 49 55 58 34 64 2
4 50 65 60 23
2 63 57
3 57 62 34
1 32
2 69 37
0
1 54
0
2 51 52
4 48 56 69 42
2 67 69
0
1 79
2 36 67
3 63 52 36
3 54 49 90
1 52
2 74 44
1 58
2 71 73
4 72 59 66 82
4 68 61 22 21
2 50 46
1 52
2 60 64
1 89
0
2 64 54
3 71 68 52
4 78 38 58 15
4 18 34 50 47
2 43 66
2 65 69
3 51 59 69
2 99 61
6 42 64 12 23 38 39
2 50 59
3 47 12 56
5 54 57 74 8 78
2 4 67
3 49 69 26
3 98 48 32
5 52 43 56 15 28
1 78
0
3 53 71 49
2 10 53
2 52 63
2 56 29
4 31 56 53 70
2 83 67
2 65 25
3 16 26 24
1 69
1 36
3 83 75 45
4 55 49 51 33
2 43 45
2 2 84
3 41 47 56
2 58 61
2 51 70
3 29 63 36
1 22
1 61
2 42 48
4 56 40 33 36
3 23 24 17
1 61
0
3 69 25 24
3 49 6 45
3 87 83 49
1 44
1 37
2 34 52
4 44 23 50 52
2 66 52
3 77 54 21
3 20 76 70
3 49 46 45
0
2 59 88
4 70 23 32 42
3 43 72 42
2 46 34
1 51
4 18 70 43 54
1 75
1 63
3 17 38 11
2 45 46
1 50
3 75 30 35
1 69
3 46 66 66
2 54 20
1 43
3 66 44 41
3 1 73 44
2 50 48
4 22 53 46 70
2 37 60
2 47 51
1 56
2 18 56
1 36
1 69
1 61
2 72 45
4 43 65 78 45
2 45 35
2 45 16
5 46 79 64 17 4
1 57
2 14 78
2 20 39
1 25
2 69 59
5 30 69 40 67 61
2 71 64
0
2 53 68
2 72 97
3 23 25 90
0
2 78 32
4 54 48 56 48
2 49 36
3 79 45 37
3 40 66 75
1 35
1 45
0
4 11 48 46 68
1 1
5 31 43 35 45 67
3 29 44 48
2 51 55
2 54 4
2 76 43
4 34 41 59 8
1 65
5 41 43 46 32 66
5 40 38 18 49 74
6 54 9 42 44 80 59
2 27 80
2 80 48
2 51 74
1 63
2 27 48
1 67
1 43
3 33 77 53
4 84 59 49 57
0
1 22
0
3 44 61 75
5 2 66 30 34 0
3 25 54 55
5 45 42 74 99 46
2 65 76
0
0
1 38
3 25 43 59
4 44 48 98 9
3 33 55 66
4 70 38 66 50
2 71 58
1 41
0
3 2 71 45
4 57 58 57 53
1 42
3 70 56 59
5 61 88 36 49 63
3 60 31 55
2 65 50
0
2 33 71
1 42
1 74
3 59 57 54
1 40
2 59 62
4 52 22 73 69
0
0
3 87 15 48
4 36 19 50 71
4 59 33 50 48
2 53 12
3 32 46 33
3 53 59 55
1 48
5 60 57 22 41 49
2 59 62
2 77 46
1 55
5 42 14 43 33 30
5 51 27 58 97 50
3 42 17 55
2 54 47
1 63
3 34 54 41
1 71
2 57 12
1 15
3 83 18 47
1 70
1 80
1 45
1 86
0
0
0
2 16 66
1 36
3 48 44 42
5 56 61 42 36 63
2 54 47
0
2 44 91
4 37 38 34 60
4 59 35 35 74
5 11 64 82 44 37
2 26 66
1 51
2 9 31
2 73 53
3 6 75 52
2 39 38
0
0
3 42 36 57
2 6 21
1 37
4 61 54 24 70
4 32 55 72 76
2 45 47
2 61 68
2 58 46
2 54 22
5 33 81 36 64 32
2 53 38
4 9 79 86 31
2 51 63
5 63 50 58 43 42
1 28
3 33 65 57
0
2 36 46
4 73 40 56 89
3 25 35 56
2 54 42
2 65 74
3 53 14 50
2 52 20
2 35 74
1 53
1 31
0
2 34 57
4 36 68 21 50
2 28 8
2 26 80
1 39
0
4 55 61 7 51
3 45 52 42
4 40 19 72 83
2 57 35
0
1 50
2 49 58
3 89 22 93
1 2
1 74
3 46 41 43
1 52
2 63 51
4 50 47 54 39
3 64 50 23
2 67 67
2 48 65
2 49 15
2 51 81
1 11
2 29 62
3 63 72 20
0
1 62
3 58 34 65
3 11 34 47
0
1 76
2 34 29
3 62 31 10
2 12 38
1 7
1 69
4 43 41 39 72
1 67
2 91 20
3 45 51 58
0
2 42 43
1 92
3 41 29 57
3 32 91 38
3 70 43 36
1 48
3 58 18 10
2 34 88
2 31 22
3 41 64 81
2 91 56
2 61 19
0
1 2
1 76
0
2 67 42
5 70 45 64 26 65
3 60 22 19
3 30 33 69
3 42 26 39
3 89 19 32
1 27
1 65
0
4 35 55 63 74
2 18 69
3 22 65 33
1 35
1 85
1 88
3 38 15 48
2 41 36
3 45 61 23
4 70 39 25 34
3 58 45 57
3 14 78 31
1 16
2 28 55
2 41 56
3 64 35 25
0
4 51 72 27 57
0
2 67 48
4 70 33 49 48
5 37 44 46 42 19
1 28
2 52 82
3 17 57 91
4 60 27 21 51
0
1 56
0
0
0
2 38 63
0
4 66 74 7 60
7 66 84 40 53 17 54 69
4 38 78 55 45
6 38 87 45 78 61 84
1 18
1 41
1 45
3 9 47 46
3 47 33 19
0
2 44 51
1 58
2 33 51
5 59 63 41 32 7
3 34 65 9
4 99 50 34 68
3 29 57 71
2 28 45
2 43 49
0
1 44
2 35 25
1 91
1 25
0
2 49 17
2 55 62
1 71
2 37 88
1 60
2 42 59
2 98 58
0
2 53 49
1 35
2 40 73
5 65 50 51 55 72
1 60
2 57 38
2 67 37
2 38 43
2 36 35
2 83 35
3 68 50 48
1 54
2 35 80
2 42 77
0
1 71
2 33 52
0
2 60 44
2 51 48
0
2 66 69
2 29 32
0
1 97
1 24
2 57 40
2 41 58
0
2 82 48
0
1 53
5 17 39 61 50 58
2 95 62
1 52
2 27 67
1 84
3 57 59 49
3 38 65 2
2 17 61
3 90 35 51
1 48
1 29
2 90 82
5 44 77 56 19 55
3 59 23 73
2 44 44
2 55 23
1 52
2 86 26
3 31 32 52
1 74
3 41 7 28
0
1 31
1 48
2 58 64
3 67 70 77
1 50
1 39
3 53 24 46
3 38 71 74
0
4 35 66 50 70
2 96 44
3 85 23 48
3 88 51 40
3 64 34 52
2 55 50
2 42 59
1 39
2 26 29
0
1 63
2 42 63
0
0
3 71 26 33
5 70 63 24 66 47
3 54 77 42
2 53 69
4 43 40 20 34
1 75
1 30
3 34 29 70
3 14 69 34
3 61 26 17
3 69 25 45
2 50 57
2 52 42
1 10
3 47 55 66
1 54
0
0
1 14
2 41 84
1 57
1 57
1 69
1 65
1 62
1 44
1 38
5 54 79 35 15 55
1 45
0
2 17 42
0
3 28 4 99
4 53 34 40 27
2 24 13
2 67 25
1 34
0
2 49 54
1 49
1 55
2 26 49
2 38 39
0
