3600 4
4 52 68 28 42
0
3 44 43 29
2 28 31
2 66 70
4 40 27 55 60
5 46 62 43 73 19
1 51
1 73
4 22 29 31 60
1 18
2 46 34
0
2 19 30
5 53 63 47 62 54
4 59 85 49 53
3 47 50 42
2 70 63
3 41 46 17
3 70 59 53
2 56 63
1 46
6 41 79 12 62 50 51
2 51 38
5 58 67 17 33 40
1 79
4 55 19 44 83
1 50
1 75
0
4 44 77 56 36
5 46 49 45 64 16
1 70
0
2 88 73
1 54
6 57 76 57 24 45 60
0
3 1 40 67
1 81
2 43 23
3 21 58 66
0
1 40
2 54 31
3 32 33 44
0
1 36
2 1 51
3 51 69 61
4 38 60 42 76
2 50 65
4 34 34 22 77
4 28 27 54 50
4 63 48 49 32
3 58 34 42
2 82 65
2 27 48
3 33 58 67
2 46 56
2 53 94
1 24
6 40 65 43 8 48 59
2 18 18
3 54 35 21
7 33 47 77 50 44 69 17
2 73 40
4 58 64 28 22
2 44 8
1 61
3 29 46 26
4 66 23 43 60
1 42
2 44 72
2 62 76
1 63
3 35 72 49
3 59 50 41
3 33 41 27
2 50 65
3 57 39 69
2 61 32
1 14
0
3 40 45 52
3 60 12 78
2 46 81
1 42
3 56 28 83
3 65 62 59
3 30 80 80
1 65
1 50
3 43 30 26
3 48 27 56
2 30 55
4 56 40 40 34
3 37 51 66
0
3 64 63 38
2 33 66
1 47
2 61 45
4 41 60 48 49
3 66 17 62
2 78 32
1 42
2 58 35
0
6 55 56 59 72 18 57
1 65
3 43 88 35
2 50 66
4 21 42 55 61
4 52 40 42 49
3 41 41 73
3 33 69 28
1 44
4 48 58 75 22
3 17 63 26
4 51 59 77 47
3 59 52 28
0
2 49 31
2 42 41
6 52 60 42 8 34 44
1 43
2 70 13
1 20
2 19 45
3 53 62 15
3 66 32 75
4 31 34 53 66
2 21 87
3 99 29 56
1 54
1 58
1 34
3 38 67 44
3 58 53 41
0
3 63 68 20
5 69 15 58 67 45
4 60 63 33 31
3 6 53 28
1 94
2 56 58
6 46 91 25 49 91 25
4 91 92 80 95
2 73 71
2 69 38
4 46 46 48 68
1 59
0
1 72
1 50
4 60 52 31 78
3 46 59 53
0
3 76 44 47
1 16
1 52
2 40 32
0
1 57
1 27
2 56 51
2 35 34
3 48 43 49
2 17 43
3 31 39 47
1 79
4 43 64 61 76
2 29 33
5 30 45 14 34 59
4 41 27 76 77
2 48 28
2 60 17
3 44 36 66
4 27 57 70 84
1 24
5 41 69 27 93 33
1 29
2 63 71
1 41
0
0
1 96
5 59 72 36 28 35
3 57 84 79
4 31 36 42 55
2 87 26
0
6 80 42 44 72 45 37
2 84 34
2 22 72
2 50 56
1 40
1 56
1 87
1 84
1 29
2 50 36
2 41 80
4 48 37 48 36
5 31 67 46 20 22
2 35 62
3 22 43 26
2 68 34
2 54 46
1 26
1 67
3 58 87 66
2 23 43
0
7 58 69 71 38 32 23 27
0
4 56 35 57 30
1 58
3 59 27 73
3 46 30 54
6 73 72 31 45 59 82
2 50 44
2 90 23
5 43 33 43 45 60
1 60
2 44 25
1 57
7 59 25 78 41 50 62 72
4 78 98 59 50
0
1 40
4 57 44 61 35
1 32
2 54 52
2 34 49
3 36 29 41
2 42 64
3 48 38 15
0
2 46 21
1 64
0
3 50 70 51
2 29 71
3 42 57 48
1 58
4 66 26 50 10
3 63 48 57
2 44 37
1 27
0
1 21
1 69
5 43 35 41 31 59
3 61 25 30
1 62
2 34 28
1 25
2 62 41
4 68 9 71 24
2 50 49
5 51 83 55 72 32
2 22 45
2 23 51
0
0
3 55 43 28
2 53 59
3 47 63 37
1 36
1 22
1 77
3 38 60 78
1 70
4 88 30 33 52
3 41 72 54
4 35 27 56 50
1 54
3 42 65 78
2 51 62
3 70 39 34
5 54 38 33 56 40
1 52
0
0
3 40 24 56
4 37 54 31 44
3 65 54 34
2 53 52
1 12
1 66
3 72 49 45
1 76
2 62 62
0
2 25 29
3 53 80 61
1 72
2 42 25
3 4 50 59
2 52 47
2 17 51
4 43 51 32 39
0
5 4 35 59 34 69
4 55 53 44 63
1 40
1 48
4 24 61 32 39
2 82 62
2 54 90
3 80 67 97
1 50
4 67 15 80 20
1 68
0
2 16 54
2 32 42
5 50 60 42 43 16
0
3 62 66 78
1 11
3 50 68 75
3 91 43 59
1 58
3 26 19 31
1 75
5 44 36 71 21 38
5 41 44 59 46 77
2 40 38
2 94 48
0
1 63
2 37 82
2 56 35
0
4 53 35 62 74
5 51 50 33 54 43
0
3 32 54 88
2 72 44
3 43 65 66
3 35 38 65
2 78 65
1 47
1 30
0
2 32 48
3 40 43 52
0
1 89
3 39 48 73
4 47 42 58 73
4 34 54 46 55
5 42 83 27 71 45
1 39
2 76 44
2 51 40
2 55 50
1 83
2 25 60
2 56 85
2 43 60
3 68 61 64
4 6 63 40 65
4 78 63 65 45
1 51
4 37 27 34 50
1 39
0
1 27
2 60 4
1 32
0
4 59 69 18 46
3 73 50 82
2 60 67
0
1 80
3 52 31 52
2 52 32
3 27 38 53
2 48 60
1 26
0
2 36 48
0
1 75
2 46 66
2 55 39
3 74 56 66
1 48
2 43 65
0
2 67 11
1 29
3 44 52 58
4 44 62 58 36
2 66 72
4 60 71 34 35
0
2 55 30
1 82
3 65 78 81
2 40 73
2 46 53
1 56
0
1 24
6 59 53 49 16 62 60
1 56
4 15 65 50 76
0
2 51 44
4 51 64 77 61
1 62
5 81 78 71 17 36
1 45
1 53
1 57
3 28 47 37
4 66 47 43 39
0
3 61 68 47
1 77
2 48 87
3 33 38 51
2 49 51
2 51 22
5 57 19 67 42 22
0
2 61 61
3 59 47 58
1 65
2 47 4
3 69 51 30
0
6 74 33 52 93 61 39
1 74
5 57 51 49 62 57
2 66 58
5 79 74 49 61 64
2 66 73
1 28
0
4 61 65 57 62
6 26 69 20 40 98 12
0
2 61 79
2 25 43
2 21 3
3 50 62 48
2 54 44
1 76
4 28 54 85 72
0
0
0
1 50
0
3 77 9 49
2 17 60
2 57 68
0
2 61 17
3 47 61 45
3 47 72 35
2 64 33
3 19 22 54
2 28 62
0
3 48 44 52
3 22 65 9
0
5 47 17 52 51 75
3 35 76 54
2 46 53
1 23
1 59
1 40
5 54 69 75 53 32
0
0
2 89 28
2 61 45
3 74 25 47
0
2 43 47
2 17 31
1 56
5 82 38 25 57 38
0
0
1 58
1 32
4 72 31 81 61
0
6 95 40 14 61 29 39
2 16 16
0
0
4 71 48 63 40
2 67 26
3 54 43 81
0
2 68 21
2 27 34
5 62 21 64 82 33
2 51 94
2 83 25
3 33 40 69
1 46
3 45 72 55
0
2 51 28
0
6 46 15 25 65 80 30
2 44 70
0
2 47 44
2 36 26
1 11
2 48 48
0
1 34
6 22 57 45 10 15 44
4 82 31 68 73
1 39
3 53 49 26
2 61 61
2 7 65
2 72 36
1 27
0
0
3 63 72 72
2 43 51
0
1 33
2 81 19
2 66 36
1 37
2 33 19
1 18
2 39 47
2 54 50
1 54
0
3 50 45 48
1 8
4 27 51 40 25
0
1 50
0
2 61 55
4 14 56 66 23
3 74 51 53
2 80 31
1 80
3 32 45 73
2 43 43
3 48 29 48
3 48 66 47
3 46 59 78
0
1 27
1 61
1 36
3 21 48 64
1 48
2 6 64
2 47 52
3 69 36 87
1 43
1 38
4 54 58 19 55
1 52
2 87 29
0
1 44
2 60 57
2 68 69
0
2 42 9
1 51
1 34
3 13 30 46
2 66 42
5 39 48 46 49 39
0
2 42 36
1 1
3 24 69 64
0
1 49
1 59
3 51 44 49
2 24 74
0
5 74 27 49 53 62
3 25 40 32
1 45
1 56
0
2 26 81
4 27 78 31 80
1 58
0
3 50 53 24
0
0
2 63 56
2 41 41
2 18 36
0
0
1 51
1 53
2 28 17
3 14 67 58
2 70 55
1 44
4 72 42 76 51
0
1 4
5 32 32 24 50 40
1 74
3 64 57 67
1 20
2 19 35
1 88
3 37 49 38
1 39
2 51 71
0
3 64 54 48
1 76
1 49
1 64
2 66 53
2 37 24
1 48
3 22 52 45
1 79
1 39
1 56
1 92
2 37 25
3 35 26 48
0
0
1 36
1 13
1 49
1 54
6 42 39 49 47 56 53
3 31 23 45
2 61 38
2 71 35
2 48 84
0
2 20 23
1 63
1 28
3 88 51 61
3 29 47 50
0
2 32 43
3 65 63 44
1 45
1 63
2 35 54
5 80 23 55 34 68
2 45 45
0
4 56 77 93 76
0
1 59
1 26
1 43
3 34 65 20
0
2 38 49
0
1 45
0
1 38
0
4 46 49 79 50
2 47 76
3 33 81 65
1 87
1 69
1 48
3 68 63 47
3 28 54 1
1 31
0
2 66 16
0
2 77 46
1 68
2 60 44
3 39 45 86
0
1 57
2 54 70
0
2 6 43
0
2 53 17
4 52 75 65 21
2 81 63
0
4 62 44 30 64
1 69
1 48
0
0
0
3 50 71 53
1 62
1 54
2 58 46
0
6 61 58 63 69 60 46
2 59 71
1 36
3 61 16 82
1 16
2 74 53
2 55 51
3 62 76 11
1 24
0
1 71
3 78 57 37
2 74 66
1 51
3 3 17 49
0
0
2 70 30
0
0
4 23 20 85 61
3 49 78 93
1 61
1 58
3 65 61 55
1 78
0
0
2 35 70
2 38 40
3 76 27 40
2 46 43
0
1 49
1 74
1 30
1 57
2 41 9
3 41 74 63
0
1 72
1 83
2 87 29
0
2 79 10
4 96 68 83 38
0
1 50
2 26 33
2 23 81
0
1 26
1 40
1 92
1 24
0
1 62
2 62 60
2 40 34
2 73 91
1 59
3 41 64 15
0
1 87
0
2 57 78
0
4 40 44 63 78
3 76 58 45
1 70
1 48
3 52 81 22
3 59 60 61
1 71
1 79
1 68
2 34 38
1 75
2 85 60
0
0
2 57 62
1 60
3 62 38 56
3 21 27 11
0
2 33 40
1 22
0
3 80 62 47
2 65 73
0
1 67
0
1 46
1 35
1 46
2 56 33
1 43
3 29 55 76
1 49
2 43 64
4 0 29 41 40
1 54
4 29 61 34 39
1 37
1 80
3 56 45 60
0
1 31
2 57 63
0
0
1 46
2 64 90
1 58
1 63
1 64
0
1 32
3 51 59 67
1 48
1 34
2 61 53
2 20 68
0
3 61 35 39
1 49
1 69
0
1 38
0
2 82 84
1 44
1 13
0
1 50
2 66 41
1 26
1 63
1 59
0
4 50 33 44 79
0
2 40 35
2 18 71
0
1 44
1 63
1 15
2 61 45
1 84
0
0
0
1 66
0
1 9
0
2 59 58
1 72
0
0
1 34
2 65 33
0
2 32 81
3 46 58 31
0
3 45 60 42
2 62 49
1 59
4 13 16 47 66
1 25
2 56 95
4 62 48 46 55
1 47
3 40 70 42
1 56
1 71
1 82
1 63
0
1 40
1 36
1 55
1 65
0
0
0
4 38 76 30 38
0
0
1 50
2 53 47
0
4 92 72 54 76
1 69
1 68
2 74 43
1 49
1 42
0
0
2 58 27
1 76
2 47 38
0
0
4 22 33 63 67
3 61 43 47
2 50 58
0
0
1 52
2 72 74
2 62 64
0
0
0
0
5 58 57 58 46 62
2 42 58
1 65
1 48
2 57 29
1 82
0
1 41
1 51
1 82
1 43
0
1 18
1 15
0
0
0
0
2 79 74
2 68 43
0
3 80 38 91
0
3 72 82 50
1 37
1 26
0
0
3 34 17 51
1 64
0
2 27 92
1 63
0
2 64 22
1 46
2 71 82
1 74
1 48
2 53 91
0
1 51
0
2 69 41
2 64 42
1 18
0
2 53 57
1 40
0
3 50 70 46
2 18 22
1 71
1 38
2 50 33
1 53
0
0
4 85 20 70 20
0
2 57 46
1 52
0
0
0
2 46 50
1 45
1 42
1 85
2 45 34
0
1 15
0
1 44
0
0
2 40 29
0
0
1 70
3 41 43 51
0
2 76 49
2 16 31
2 64 80
0
1 88
2 56 63
1 32
2 45 63
2 32 40
1 33
1 53
1 56
0
0
0
2 56 54
1 58
0
0
0
2 62 43
1 42
2 86 51
1 19
0
1 62
2 64 33
1 100
0
1 35
0
1 83
3 78 51 31
1 71
2 24 49
1 72
2 44 44
0
3 53 58 28
1 43
1 58
2 68 50
1 50
0
0
1 37
0
2 62 84
1 42
0
0
1 53
1 58
0
0
0
0
0
0
1 79
1 62
2 14 71
0
1 28
1 63
1 29
2 49 43
1 59
0
0
1 59
0
1 42
0
3 53 36 48
1 66
0
0
0
3 43 58 63
1 45
0
1 35
2 38 69
1 95
1 77
0
0
2 22 69
2 59 32
0
0
2 19 19
2 32 69
2 65 58
1 23
1 39
0
0
0
0
0
5 86 66 61 57 95
1 59
2 75 54
0
2 24 15
0
1 46
0
0
3 20 24 61
1 87
0
0
0
0
0
0
1 69
2 40 74
0
0
0
0
2 79 77
2 30 43
1 29
1 67
0
1 56
1 30
0
2 30 54
0
1 69
0
1 72
2 54 59
0
2 33 43
1 24
2 51 25
1 43
0
0
0
3 24 48 50
1 58
0
2 25 29
3 71 51 53
1 62
1 67
0
0
0
1 34
1 55
2 51 49
0
0
1 35
0
0
0
1 88
0
0
2 77 54
0
0
2 68 7
0
1 51
1 69
0
0
1 49
0
1 86
0
1 54
1 74
1 19
2 17 57
1 33
1 73
0
0
0
1 52
3 57 24 27
1 38
0
1 31
1 50
1 50
0
1 30
0
0
1 28
0
0
0
3 49 45 24
1 38
1 75
0
0
1 75
2 45 39
0
1 28
1 45
1 30
1 39
0
3 75 24 57
1 61
1 58
1 28
1 63
0
0
2 59 57
1 40
1 36
0
1 32
1 78
0
0
1 34
0
1 42
1 34
1 65
1 51
0
1 69
0
2 67 19
0
1 33
0
0
0
0
2 40 58
0
2 97 59
1 65
0
0
1 20
1 53
1 48
0
1 39
1 15
0
0
2 50 58
0
1 33
2 46 41
0
0
0
1 63
1 40
0
3 47 53 81
1 39
0
0
1 68
1 64
2 66 72
0
0
1 25
1 38
1 20
1 36
2 20 93
0
0
0
1 93
1 31
0
1 42
2 27 70
0
0
0
0
1 37
0
1 47
0
0
0
0
0
0
1 44
0
0
0
3 79 61 28
1 62
1 59
1 41
0
0
0
1 47
1 46
1 8
0
0
1 27
1 44
0
0
2 67 33
1 60
0
0
0
0
0
0
2 83 42
2 60 30
1 6
0
0
0
0
1 39
0
1 32
2 52 30
0
1 72
1 54
1 43
0
0
1 24
0
0
0
1 37
0
0
1 46
3 52 51 37
1 72
1 34
1 19
0
1 28
0
0
0
0
1 46
1 91
2 34 74
0
0
1 50
0
0
0
0
1 73
0
1 49
2 61 11
0
1 17
0
0
0
1 68
1 15
0
1 70
1 60
0
1 26
1 21
2 55 62
0
1 24
0
1 57
1 25
1 55
0
1 29
0
0
1 47
0
1 14
0
0
1 20
0
1 45
0
0
1 53
0
1 63
0
0
0
0
1 57
2 64 24
0
0
1 3
2 50 60
1 71
0
0
2 36 66
1 31
0
0
1 43
1 39
0
1 59
1 45
0
1 35
0
0
0
0
0
0
0
1 69
0
0
1 44
0
1 39
0
3 47 19 69
1 28
0
0
0
1 77
0
2 36 56
0
2 69 67
0
1 50
1 73
2 30 78
0
0
0
0
2 57 69
0
1 59
0
0
2 70 56
0
0
0
0
0
0
1 12
0
1 86
1 39
0
0
2 45 50
0
0
1 49
0
0
1 35
1 63
0
0
1 79
0
0
2 72 40
1 73
3 64 25 23
0
0
1 19
1 77
0
0
0
0
0
2 59 41
0
0
1 60
0
0
1 49
1 36
0
1 87
0
0
1 54
0
1 72
1 82
1 24
0
1 69
0
1 25
0
0
0
0
1 47
0
1 53
1 49
0
0
2 71 22
0
0
0
3 61 31 14
0
1 43
2 60 39
2 35 92
0
1 72
0
0
0
1 36
1 63
1 60
0
1 27
0
0
1 35
0
0
0
0
0
0
1 40
1 50
0
0
0
0
0
0
1 30
0
0
2 68 40
1 36
1 59
0
1 73
1 42
1 61
0
0
0
0
0
1 51
0
1 66
2 58 46
0
1 58
0
0
0
1 35
0
0
2 54 63
0
0
0
1 27
0
0
0
0
1 58
1 58
0
1 41
0
0
0
0
1 34
0
0
0
0
2 49 46
1 36
1 48
1 66
0
1 61
3 51 42 78
1 59
0
0
0
1 76
1 48
1 75
1 42
1 51
0
2 31 60
2 37 38
1 54
0
0
0
0
0
0
0
0
0
0
0
0
0
0
1 47
0
0
0
1 53
1 65
1 65
0
2 22 78
3 60 48 74
0
0
1 34
0
0
0
0
0
1 41
0
0
1 51
1 38
1 48
2 76 65
0
0
0
0
0
4 68 36 84 51
0
0
1 46
0
1 66
1 78
1 43
0
1 71
1 26
0
0
0
0
0
1 60
0
1 83
0
0
2 64 6
0
0
1 77
0
0
0
0
0
1 39
0
0
0
1 31
0
1 63
0
0
2 51 37
0
1 53
0
1 6
0
2 71 38
0
0
3 71 44 34
1 87
0
3 47 76 7
0
0
0
0
2 29 68
0
0
0
1 27
2 57 61
1 37
0
0
1 64
0
0
1 35
0
0
0
0
0
0
1 33
1 12
0
2 17 88
1 67
1 70
0
0
0
1 17
1 57
0
1 80
1 28
1 32
0
0
3 36 74 52
0
1 58
0
1 27
0
0
1 75
0
0
1 57
0
1 52
0
0
0
0
0
1 47
1 62
0
0
1 66
0
1 66
1 15
0
1 72
0
0
1 50
0
0
1 77
0
0
2 60 54
0
0
2 49 17
0
0
3 61 72 36
0
2 43 47
1 69
2 59 53
0
0
2 63 56
0
1 48
1 63
1 72
1 71
0
0
0
2 43 76
0
0
0
0
1 58
0
0
1 61
1 43
1 23
1 42
0
0
0
0
1 76
0
2 61 45
0
1 49
0
0
2 90 37
0
0
0
0
1 66
1 57
1 61
0
0
1 90
0
3 42 57 32
0
2 50 39
0
2 32 35
0
2 44 42
0
3 14 38 55
1 69
1 22
0
0
0
0
0
1 69
1 51
0
0
2 12 28
0
0
0
1 74
1 36
0
0
1 71
1 88
0
1 73
1 37
0
0
1 34
1 45
0
2 73 75
0
1 27
1 44
2 49 90
1 48
0
2 61 55
1 43
0
1 46
0
1 72
3 82 52 53
0
0
0
2 28 31
1 65
1 54
0
2 48 58
0
1 24
0
1 42
1 60
0
0
1 49
1 63
0
0
1 43
2 31 64
0
0
1 36
0
2 65 60
1 31
2 42 8
0
1 53
0
0
1 74
0
0
0
0
0
1 65
2 48 17
0
0
1 69
0
0
0
1 70
0
0
2 43 51
1 82
0
0
1 44
1 76
2 51 84
0
2 43 7
0
1 65
0
1 6
0
2 39 64
0
3 39 56 48
1 51
1 32
0
2 30 38
0
0
1 62
1 87
2 62 62
0
2 75 61
0
0
0
1 51
1 67
2 75 66
1 42
0
1 24
0
2 57 60
1 71
2 27 55
0
1 44
0
0
0
2 39 51
0
1 42
2 47 44
0
1 46
0
1 45
0
1 47
1 43
2 59 67
0
0
0
1 80
2 82 66
1 25
0
0
2 59 65
0
1 91
0
1 40
0
1 59
1 12
1 70
2 40 42
3 45 39 72
2 53 33
0
0
0
2 55 53
2 35 91
0
1 30
0
0
0
1 53
2 80 53
0
0
1 43
0
3 60 23 57
1 60
3 53 46 43
0
1 68
1 86
2 41 28
0
1 68
0
0
0
2 63 42
0
0
1 70
1 53
0
0
2 73 78
0
1 55
3 34 51 18
2 68 68
0
0
1 26
0
0
0
1 59
0
1 24
0
2 31 53
3 33 42 62
0
2 69 43
0
0
1 94
1 52
1 70
3 72 17 74
0
0
0
2 48 70
0
2 77 45
0
2 50 37
1 59
3 75 69 29
0
1 52
0
0
1 54
4 48 85 43 62
1 38
3 60 59 48
1 22
1 36
0
1 69
2 35 54
2 19 44
1 53
1 69
1 73
1 52
2 29 26
0
2 56 42
0
3 52 100 11
1 62
0
0
0
1 56
0
1 37
1 41
0
1 60
0
0
1 56
0
2 64 36
0
1 53
2 44 30
1 28
1 67
0
2 60 30
1 54
1 78
2 63 25
0
0
1 89
0
0
2 51 85
1 60
1 42
0
1 41
3 52 99 40
3 83 18 48
1 34
1 37
0
0
0
0
0
0
2 10 28
4 14 27 38 68
2 78 42
1 67
1 11
2 58 77
1 55
4 60 45 53 41
1 69
2 59 91
0
0
1 34
2 83 57
0
2 34 50
1 69
1 17
0
0
1 53
1 55
3 40 95 46
0
3 22 37 28
0
1 46
2 64 15
0
0
1 36
2 60 46
0
0
0
2 27 87
2 55 49
1 30
1 57
0
0
1 39
0
0
3 48 83 30
0
1 47
1 66
0
0
3 18 36 50
0
3 62 30 5
1 24
0
4 59 61 49 72
0
2 20 32
2 9 47
1 41
0
0
2 39 7
1 49
0
1 64
0
0
1 36
1 52
2 85 64
0
2 40 43
0
4 46 37 50 15
1 27
2 40 65
0
1 54
1 41
4 71 63 42 78
2 52 22
0
0
1 56
2 57 81
3 41 37 79
2 32 50
0
2 61 55
1 63
1 53
4 42 44 68 48
3 72 46 74
0
0
1 33
2 50 38
3 17 36 37
0
0
1 55
1 59
1 60
0
0
3 69 73 57
2 74 68
0
2 59 76
1 34
0
0
1 73
0
2 45 60
2 55 12
2 42 43
1 47
1 44
0
2 40 38
2 53 56
1 39
3 46 55 46
2 81 80
0
0
1 58
0
2 61 62
2 71 82
1 59
1 23
0
4 61 68 44 31
0
3 67 47 62
2 48 51
1 37
0
0
0
0
1 78
2 57 59
0
2 80 24
4 0 64 44 56
0
1 54
3 41 39 40
0
0
1 30
2 60 31
2 44 41
0
3 30 47 31
1 56
2 24 54
1 57
3 46 65 60
2 28 68
0
2 61 62
1 84
1 61
0
0
1 49
2 71 24
0
2 26 15
0
1 16
3 58 50 22
0
0
1 52
1 56
2 71 45
1 21
2 35 67
1 53
3 47 99 37
0
1 76
0
2 14 68
4 80 39 64 45
1 72
0
0
5 5 54 42 37 60
2 55 31
2 45 50
2 47 42
3 72 53 68
3 15 64 66
0
3 56 31 52
1 43
0
1 33
0
1 45
1 28
0
4 52 53 44 63
0
1 49
0
2 45 63
3 56 78 74
0
0
1 12
2 10 37
3 66 44 40
2 59 61
2 43 47
2 47 84
1 41
0
2 75 94
1 37
2 83 16
2 41 54
0
2 21 39
2 33 45
0
4 32 52 86 77
1 63
4 48 73 53 43
1 35
0
3 55 58 46
1 24
1 42
0
0
1 69
1 90
1 34
1 48
2 68 74
1 44
3 38 18 74
1 17
0
4 59 47 46 67
2 27 68
1 62
0
2 50 52
2 62 40
0
4 61 56 31 23
2 55 38
1 42
0
2 66 75
2 61 33
2 38 33
0
0
1 86
0
2 57 68
1 30
2 69 15
3 45 51 62
3 77 62 52
3 70 36 68
0
2 37 52
2 67 62
4 66 31 40 19
2 64 61
1 41
1 43
1 46
1 56
0
4 42 55 58 64
1 95
0
0
1 60
0
0
0
4 44 43 55 54
3 5 32 48
2 33 63
0
1 49
1 5
1 43
1 55
3 83 64 11
0
1 43
2 73 62
2 68 68
1 56
3 66 9 59
1 61
2 73 46
2 93 33
2 70 36
0
3 53 46 0
2 55 60
1 44
2 70 73
0
1 35
1 59
1 47
1 51
3 67 73 32
1 58
2 37 29
1 28
0
3 20 36 64
1 57
1 35
1 70
3 52 58 52
3 62 33 67
1 63
3 31 58 32
2 56 61
4 35 48 31 77
1 53
1 60
1 22
1 42
1 53
2 78 51
2 36 76
0
3 43 58 48
0
0
1 54
1 57
1 39
2 70 24
4 65 58 82 36
5 69 59 51 48 92
2 91 60
2 44 46
0
0
2 60 29
1 29
3 26 55 37
3 33 89 42
6 70 41 44 55 41 51
2 77 50
2 38 71
1 61
1 21
1 11
0
0
3 49 12 37
1 63
1 73
1 44
3 13 27 48
1 29
2 7 63
3 37 65 64
2 42 32
1 27
1 77
2 60 52
2 2 76
0
3 41 46 29
1 45
0
3 52 74 45
0
2 65 46
1 44
2 23 40
1 33
0
2 55 89
1 50
3 22 39 31
2 25 60
4 43 52 74 70
3 20 84 22
2 63 27
3 57 67 49
0
3 79 49 74
2 80 58
1 51
4 47 67 77 60
3 45 15 39
0
1 51
0
0
3 51 68 37
1 76
3 60 61 72
1 50
2 39 49
2 60 28
2 56 69
1 42
1 35
2 44 65
0
2 55 86
2 57 60
2 51 66
2 30 63
0
1 36
1 68
2 31 26
4 76 48 67 19
2 84 61
2 30 88
2 49 44
1 39
3 40 61 13
1 59
3 60 60 57
3 31 20 37
0
4 51 56 50 62
2 61 35
3 17 90 58
2 49 69
1 30
4 58 42 20 36
0
3 29 36 23
1 59
1 61
2 59 70
1 2
1 65
1 44
2 57 53
1 47
1 68
1 40
2 30 58
0
2 47 0
2 30 71
1 45
2 46 65
2 62 46
3 60 57 52
3 72 59 53
0
2 6 35
5 18 77 28 61 29
1 48
1 21
2 81 33
1 49
3 57 53 76
0
2 67 46
1 40
2 26 67
3 25 54 72
2 55 46
2 17 78
0
2 36 44
0
0
3 36 48 53
1 57
2 49 64
4 60 58 31 42
1 11
2 50 12
2 53 25
3 36 36 59
1 82
1 60
2 24 55
0
4 57 49 44 46
1 47
0
2 53 59
0
1 61
0
3 38 38 38
4 24 35 66 44
2 28 50
3 37 62 44
2 50 28
5 76 48 62 55 43
2 54 89
2 51 11
2 11 66
1 64
3 54 36 9
3 52 30 32
3 34 31 18
1 57
4 32 58 32 4
4 41 64 33 37
2 63 17
3 69 49 36
0
1 88
2 34 9
2 73 57
1 44
3 33 44 33
1 79
2 86 76
4 32 73 40 49
1 36
2 94 55
0
2 25 35
5 30 78 68 21 53
2 93 56
1 41
1 56
0
3 52 39 38
0
1 52
1 36
2 52 61
4 71 49 57 44
2 64 43
2 52 57
3 38 49 69
1 22
2 16 72
2 25 48
1 78
0
2 82 41
4 45 64 28 78
3 46 45 37
0
2 42 26
1 47
1 32
1 56
2 48 48
6 52 56 50 63 44 25
2 55 38
2 30 39
2 44 59
1 32
2 33 78
2 83 27
4 78 64 62 32
2 74 60
2 74 62
3 69 51 66
1 47
2 50 47
1 64
3 69 26 50
2 92 81
2 43 27
1 58
1 32
4 37 42 79 48
0
2 44 79
2 52 92
3 44 78 49
2 39 34
1 87
3 43 35 44
5 50 38 52 93 45
2 41 84
0
2 57 31
2 45 26
2 48 43
1 59
6 60 51 52 97 78 21
3 57 92 45
0
0
3 69 45 58
1 33
0
2 92 68
3 28 29 58
3 40 74 50
5 48 39 48 65 35
4 16 13 50 14
3 68 77 45
0
2 68 44
5 65 55 21 49 50
1 49
3 64 59 47
0
0
1 40
0
3 38 41 3
3 42 31 37
1 63
2 46 78
4 27 69 71 26
1 51
2 45 46
3 45 44 77
1 55
2 43 42
2 43 71
3 50 63 79
1 50
2 52 92
2 81 52
0
0
1 87
1 59
4 59 60 88 22
4 57 41 41 94
1 28
2 49 9
2 65 57
4 55 69 32 29
1 73
0
3 59 32 42
2 57 59
2 65 70
0
2 59 65
2 40 37
1 34
3 62 48 50
1 78
2 19 90
5 61 69 58 67 74
3 42 33 79
2 51 62
2 65 72
1 56
1 58
3 76 41 27
3 58 10 26
7 46 73 57 38 27 65 98
1 26
2 64 81
1 21
3 36 57 43
1 38
2 20 46
2 24 23
2 50 51
2 91 42
2 73 65
1 27
2 32 43
3 55 78 67
1 47
4 42 79 48 25
1 30
2 48 46
1 56
4 8 74 40 49
2 62 57
1 27
4 56 63 93 53
0
2 72 47
2 56 61
3 85 34 18
3 51 49 32
5 43 68 26 29 53
4 75 55 47 67
4 45 81 36 70
3 13 56 41
2 56 24
1 59
2 43 33
3 68 47 56
2 50 28
1 70
1 20
3 5 46 50
1 58
4 64 93 71 56
0
2 28 57
2 63 85
0
1 48
1 41
3 48 79 38
2 82 74
2 47 35
2 43 45
1 41
2 55 58
3 68 69 36
4 19 57 80 47
2 26 44
2 17 36
3 42 44 40
0
1 40
4 57 53 68 56
3 58 56 59
1 37
2 29 62
2 53 49
1 83
1 31
3 59 38 48
5 24 61 47 64 44
3 65 36 39
3 88 87 75
4 42 36 38 44
4 73 32 11 89
2 42 56
0
3 61 24 63
4 75 41 27 83
1 30
2 55 48
0
2 70 51
2 47 71
2 22 49
5 47 23 37 24 76
3 57 15 13
3 68 47 47
5 55 56 83 56 45
1 54
1 39
2 87 38
2 57 49
2 83 51
0
4 54 70 54 67
1 49
4 52 2 41 40
4 26 70 21 66
1 73
3 37 72 35
2 63 40
2 50 37
0
3 34 77 26
2 25 71
3 64 47 43
2 63 77
0
4 47 42 27 52
2 40 42
2 50 32
3 79 87 23
1 45
1 33
0
3 75 71 1
3 11 42 57
1 37
4 35 60 58 30
5 38 48 51 8 61
1 82
2 37 72
4 91 28 55 54
2 63 40
4 35 31 87 66
2 41 28
1 43
2 66 64
1 41
1 52
2 31 44
5 57 69 82 58 30
2 49 79
3 36 23 68
4 42 41 19 59
2 41 6
3 68 78 49
1 28
1 64
2 68 68
5 97 64 38 38 53
1 58
8 35 51 36 16 49 54 43 67
2 50 25
3 57 51 49
0
2 21 48
1 83
1 59
1 88
2 27 56
5 70 56 68 50 40
2 56 49
0
1 30
3 10 50 19
3 10 15 47
3 43 48 30
1 20
2 40 32
1 8
1 58
1 66
4 50 53 30 92
2 51 58
3 22 46 90
4 65 56 54 56
3 53 32 59
2 36 21
3 10 43 14
1 36
3 50 50 16
3 51 62 92
1 40
2 1 67
3 48 25 55
1 41
2 53 42
1 49
5 31 47 80 19 85
3 48 45 18
5 54 64 56 74 47
1 20
6 54 38 40 61 49 42
3 82 49 77
3 69 64 83
0
2 57 50
4 18 59 68 56
3 68 48 48
3 36 79 34
1 45
2 46 25
2 72 28
2 42 100
0
3 47 56 36
1 45
1 44
2 52 36
4 49 38 49 47
1 18
2 37 57
2 73 35
5 49 34 40 42 8
4 47 39 79 66
0
3 40 42 44
2 84 33
6 39 54 79 64 51 51
1 56
2 34 42
0
6 79 59 46 75 53 1
4 76 77 94 49
1 33
2 10 13
3 63 19 37
1 51
0
1 56
4 50 66 88 26
2 33 26
2 57 55
2 15 40
3 47 48 21
5 56 66 40 67 79
0
2 41 32
3 45 56 55
3 66 53 47
0
0
2 9 90
1 86
2 41 76
4 61 47 23 66
1 55
5 26 73 38 40 48
2 34 39
2 42 40
3 78 40 64
3 58 35 26
4 45 34 32 75
2 58 53
2 34 55
5 58 56 54 39 46
3 62 55 69
3 46 47 49
1 34
1 52
3 32 67 62
2 62 52
1 53
3 52 75 46
2 44 64
2 75 55
2 68 45
3 65 12 17
4 85 35 50 92
4 42 65 43 74
6 57 58 39 57 61 18
5 54 24 12 20 65
3 74 58 35
2 52 99
1 27
5 7 64 11 22 61
1 22
2 41 29
3 42 41 44
1 63
4 52 62 77 82
1 31
3 44 45 50
4 40 22 6 56
0
2 3 59
2 53 52
3 63 49 63
2 40 37
1 56
1 94
2 45 56
0
2 62 57
0
0
2 62 60
1 6
4 81 66 50 25
1 50
2 62 70
3 49 23 46
0
7 50 58 41 41 68 49 74
2 45 27
5 23 10 48 48 40
2 40 78
1 45
1 75
7 75 30 65 20 51 33 31
3 34 43 33
2 54 10
0
2 43 35
2 47 59
1 50
1 68
3 52 18 79
2 26 24
2 55 53
3 54 44 49
2 36 56
1 61
4 73 79 20 48
3 32 9 38
0
3 69 30 52
3 26 16 50
5 45 44 62 64 44
2 81 30
7 19 36 70 57 49 57 49
2 72 67
4 52 45 73 66
3 62 39 31
3 95 66 62
1 65
1 52
4 50 56 38 91
0
0
0
7 68 50 28 56 72 53 32
3 35 74 50
1 35
4 56 69 59 51
5 55 41 69 7 56
3 30 56 23
4 71 58 60 50
3 60 56 50
2 41 46
3 40 14 46
3 59 46 76
1 58
2 74 74
1 50
2 41 28
1 51
1 72
2 33 41
4 48 64 54 48
4 48 26 70 54
2 31 1
2 44 51
4 48 75 68 63
3 76 62 40
3 77 38 62
3 51 20 76
4 44 51 40 1
2 35 58
1 30
3 53 68 63
2 61 69
2 42 66
2 34 61
5 4 61 35 54 16
1 16
1 36
2 65 20
1 40
0
1 93
0
2 45 28
4 42 55 63 51
3 69 34 59
2 47 87
5 87 45 39 51 44
2 25 46
4 57 25 89 61
1 62
1 18
4 29 41 19 48
1 93
5 32 26 36 33 72
6 53 50 56 35 30 84
2 50 56
4 58 71 52 36
2 60 58
3 54 30 50
0
2 54 60
1 69
3 42 68 48
0
4 61 20 44 39
5 66 16 34 47 52
3 31 46 47
3 73 32 57
2 41 37
6 44 71 52 58 12 52
2 44 42
3 44 43 56
1 76
3 58 71 45
2 67 43
0
2 50 39
3 53 37 58
1 86
2 83 68
3 25 62 40
3 74 54 78
3 35 70 8
0
2 49 53
6 17 63 44 37 52 62
0
3 7 29 33
4 68 29 31 62
4 33 75 40 49
3 93 40 75
3 75 67 42
2 51 68
3 43 46 51
1 38
1 47
1 13
0
2 66 76
4 68 37 51 60
2 57 51
2 78 84
2 47 52
2 38 41
5 86 2 28 49 70
1 40
3 39 32 52
4 73 42 58 17
2 75 52
5 67 64 35 54 61
4 77 45 44 43
6 75 41 77 49 91 17
1 80
3 41 34 28
4 38 48 62 80
0
1 39
2 70 63
4 35 61 51 38
2 88 47
4 33 82 45 64
3 70 38 41
2 90 50
2 37 48
1 37
3 78 45 61
1 64
6 79 36 73 20 55 52
0
0
2 17 58
3 32 25 26
5 31 62 92 43 49
1 51
3 23 62 50
0
1 66
3 56 34 30
1 49
1 61
2 34 65
5 70 42 34 38 100
6 65 50 21 35 49 64
2 55 19
1 80
3 46 59 72
5 59 36 55 68 40
1 37
3 52 53 76
2 48 26
2 51 53
3 65 67 51
6 81 30 57 31 37 40
3 32 35 1
1 55
3 22 44 93
3 54 45 66
5 48 40 76 90 41
0
2 25 24
2 64 39
2 75 55
2 29 75
1 46
2 54 47
3 22 54 41
3 24 86 73
0
3 70 29 24
2 56 74
3 46 29 56
2 68 50
1 66
1 36
3 3 31 79
2 75 48
2 66 46
4 60 52 26 27
2 29 45
4 50 49 34 23
6 6 55 63 56 36 46
1 76
4 36 76 64 48
3 50 37 28
3 48 50 45
4 30 73 41 36
1 57
4 70 66 66 59
2 67 31
4 43 70 33 21
3 41 57 31
5 43 18 56 67 51
3 41 81 63
2 43 34
2 76 69
1 53
4 32 64 81 58
0
1 87
1 29
3 51 65 65
2 50 39
4 22 79 54 39
0
2 90 73
6 99 59 47 30 25 47
1 68
4 37 97 72 47
2 57 32
2 40 39
4 54 56 36 50
1 10
1 56
1 40
0
1 26
4 57 58 52 25
3 39 46 52
2 46 16
2 39 52
3 66 30 43
6 32 76 41 54 54 58
1 96
4 56 12 44 60
2 41 49
7 47 56 53 44 66 48 62
3 52 33 80
1 59
3 45 36 52
3 31 23 72
1 37
2 39 76
2 75 42
1 36
0
3 35 62 67
3 33 76 32
2 60 47
3 17 67 62
3 46 38 63
1 84
4 24 13 33 60
3 57 57 40
2 37 39
1 25
4 20 40 22 35
7 22 50 59 11 67 71 33
2 41 45
1 57
3 35 32 14
0
1 36
2 24 71
3 8 61 12
5 67 62 76 70 20
4 43 71 48 25
1 57
3 51 71 48
4 48 77 70 52
3 52 82 79
3 70 71 61
2 28 55
4 17 31 45 52
1 46
4 21 35 50 54
0
1 79
2 42 52
2 51 40
3 33 70 66
1 37
1 41
4 25 61 63 24
1 54
4 17 36 18 49
4 48 50 14 43
0
4 9 75 54 64
5 50 72 59 60 34
3 17 31 40
3 51 53 35
2 42 25
2 38 55
4 72 64 53 47
3 55 50 48
4 76 54 29 64
3 4 41 70
3 60 56 73
2 33 70
1 83
2 48 77
0
2 31 32
3 17 45 34
1 56
4 43 90 50 28
4 13 60 47 54
3 11 32 70
3 70 58 22
3 66 51 64
2 57 46
0
3 61 57 43
0
4 27 55 37 27
2 60 35
2 58 38
1 53
1 65
4 58 14 60 21
3 11 37 69
5 77 34 74 35 43
2 62 75
3 67 74 43
3 77 57 37
2 47 60
3 54 43 87
1 72
2 48 26
2 28 48
2 45 44
2 54 50
2 44 55
2 51 60
0
2 27 11
5 30 43 22 53 44
0
3 81 50 58
2 54 64
2 60 65
1 52
1 57
3 42 58 44
2 22 62
3 71 65 33
2 41 29
2 59 36
3 42 88 38
2 47 48
1 28
3 81 45 82
4 51 79 45 57
4 72 56 27 47
4 74 56 60 43
2 80 41
2 55 49
0
6 19 62 13 41 80 70
4 79 68 57 68
2 41 40
4 43 15 40 66
3 70 19 19
2 8 59
0
3 7 32 24
3 56 71 54
4 62 42 44 32
5 65 80 38 42 45
5 65 32 73 76 39
2 61 46
1 37
3 15 39 75
4 38 42 26 68
3 39 70 62
1 67
2 44 59
1 29
3 47 17 71
