3600 4
4 86 60 37 44
2 50 35
3 41 59 13
2 17 69
4 66 25 40 67
1 53
1 50
0
3 50 26 65
2 40 45
4 60 26 54 0
1 38
2 36 27
2 77 60
2 34 42
0
2 37 36
3 42 51 89
2 43 62
1 55
5 33 24 51 62 69
3 72 22 49
2 41 72
3 76 72 47
0
2 63 48
3 22 51 58
1 68
2 59 30
0
4 0 18 53 67
1 33
2 11 41
2 55 52
2 48 65
2 43 52
1 44
3 27 39 51
1 61
2 65 45
4 51 50 62 58
0
3 51 77 45
4 46 60 55 43
2 36 86
1 26
0
3 41 51 72
1 47
2 67 60
2 40 70
1 49
5 54 37 55 90 64
0
2 23 41
2 44 31
3 41 37 68
2 29 32
5 33 46 77 29 58
0
2 32 42
5 54 36 70 75 39
1 53
3 17 76 46
2 46 27
3 41 59 49
1 52
0
3 55 38 75
5 51 62 22 48 85
3 73 35 65
2 63 73
2 41 17
4 34 60 43 30
3 45 66 31
1 38
4 55 58 54 25
5 66 28 69 47 73
1 82
3 37 8 47
3 40 66 63
3 73 26 49
3 80 37 21
2 40 65
2 42 37
1 34
4 60 71 40 76
2 71 43
0
2 29 66
3 61 41 52
2 55 38
2 68 72
5 56 0 30 63 58
4 70 45 27 53
1 50
4 23 56 44 40
1 70
2 94 58
1 68
1 37
1 50
2 65 37
4 7 37 46 29
3 73 71 53
1 73
2 46 38
7 28 39 54 61 28 47 60
1 37
5 75 45 12 63 42
1 21
7 36 15 54 77 33 69 60
1 63
0
1 40
2 47 27
2 55 77
4 32 55 17 44
3 29 61 90
2 41 70
1 41
1 71
7 67 37 32 52 68 48 43
0
4 78 65 93 42
2 45 60
2 6 34
1 35
2 67 42
4 13 37 44 35
5 12 46 58 57 56
3 30 0 30
0
1 28
3 42 19 33
2 21 56
2 52 34
4 30 26 62 21
3 68 66 52
1 43
4 86 55 84 29
0
4 49 56 13 49
3 34 73 40
2 56 63
1 51
0
1 24
2 60 65
2 53 22
1 94
3 61 63 60
1 83
2 58 68
2 70 42
2 69 37
1 47
4 26 85 56 76
3 85 42 46
1 46
1 43
5 37 53 33 47 31
7 53 40 40 30 23 49 63
3 45 45 44
3 54 39 52
4 67 47 46 75
1 52
3 74 54 58
1 43
3 66 32 66
5 29 31 8 68 15
2 28 34
1 42
3 84 38 41
2 46 53
3 39 46 59
4 42 35 19 62
2 49 58
0
0
1 49
1 54
2 61 54
5 82 44 26 50 69
4 73 41 54 30
1 40
1 14
1 50
6 7 49 54 85 42 69
3 76 71 26
3 21 62 33
0
2 73 29
1 45
3 44 59 31
2 57 74
3 33 35 76
0
3 71 76 1
6 50 56 76 43 36 63
4 32 58 74 43
4 83 35 73 80
0
1 47
4 56 32 41 76
2 64 90
2 65 21
3 72 70 65
3 27 61 73
2 30 10
2 53 47
1 37
2 50 25
2 66 38
2 41 25
5 89 61 46 30 46
3 38 88 41
2 57 33
2 50 59
3 65 18 22
2 67 51
0
0
2 40 57
6 43 38 44 38 72 39
5 63 64 58 53 48
0
3 77 49 68
2 41 31
1 73
1 71
1 60
2 55 48
1 54
0
3 84 46 48
2 80 71
4 75 64 17 43
2 53 61
3 55 61 35
4 86 30 45 23
2 65 40
2 42 56
0
3 81 40 33
2 73 12
2 35 86
1 60
3 60 44 12
2 57 21
1 15
6 65 34 26 68 62 50
3 26 65 52
7 47 89 43 65 26 56 45
1 60
2 45 64
1 30
1 35
1 60
3 27 55 29
7 31 68 78 20 57 47 58
4 48 81 65 47
2 13 41
0
4 63 59 34 56
6 49 31 51 2 66 67
3 2 77 54
1 91
3 24 37 23
2 47 48
3 64 82 71
0
2 26 14
5 92 57 65 70 21
1 62
2 79 76
2 51 48
4 27 35 85 50
2 38 76
4 34 68 62 2
2 39 70
3 68 37 31
5 75 45 21 50 49
0
0
4 65 45 58 46
3 40 67 51
5 69 36 46 39 95
3 58 6 35
3 8 41 59
2 35 53
7 63 29 55 48 79 33 39
1 100
2 71 57
1 56
4 67 22 47 80
3 81 31 50
1 69
2 58 63
4 46 58 66 62
1 40
2 59 33
0
1 50
0
1 24
5 31 35 70 29 58
2 28 52
2 9 34
4 42 57 72 14
7 25 33 75 28 37 57 73
3 46 16 53
4 63 42 59 55
0
2 57 49
4 84 51 17 66
3 48 52 2
0
1 24
3 55 70 52
1 44
4 53 90 47 58
4 31 69 48 67
1 51
7 29 56 45 68 22 72 47
2 30 31
5 56 53 43 76 30
1 38
2 24 40
3 48 89 69
3 29 35 24
3 40 35 29
2 10 11
1 21
0
1 53
0
3 61 46 57
2 30 21
4 41 55 55 74
3 47 82 64
3 99 35 50
2 35 38
4 38 61 42 58
4 61 13 65 44
3 27 36 46
2 50 55
0
3 55 28 47
3 36 71 29
4 44 59 58 57
1 97
2 49 62
5 29 46 68 58 61
2 45 43
0
2 38 48
1 55
2 90 69
2 65 49
2 54 55
2 58 44
4 47 28 8 46
4 59 20 88 57
4 40 37 28 74
2 52 69
2 72 47
4 60 6 65 27
5 76 18 16 62 73
2 39 54
2 61 41
1 39
3 82 77 24
3 28 50 68
3 41 57 54
5 96 35 30 30 28
1 18
1 44
4 48 68 55 73
1 22
3 47 41 54
4 75 42 61 51
5 74 58 60 39 65
1 75
1 36
2 24 42
1 48
2 24 25
4 54 72 60 31
2 88 79
5 45 58 46 68 39
3 29 61 48
1 52
2 78 42
2 39 34
0
1 54
3 45 42 33
3 30 62 45
4 34 53 79 56
1 41
2 45 29
4 60 66 65 45
2 43 37
1 39
2 41 39
2 45 70
4 48 54 55 64
0
2 48 31
3 29 22 55
4 54 48 1 55
1 64
1 45
3 34 34 45
2 79 19
5 29 25 58 67 60
2 49 38
6 39 78 17 36 26 43
7 59 39 38 42 99 20 76
1 46
2 58 7
4 26 72 38 62
4 24 44 55 7
3 61 30 25
5 64 34 65 59 31
3 42 9 8
2 51 42
0
2 44 90
4 47 53 90 46
3 53 46 33
1 62
4 75 70 36 47
2 58 59
0
1 85
4 45 37 59 14
3 33 47 63
2 31 20
2 39 59
0
4 40 33 68 64
1 52
3 38 48 50
3 44 72 37
2 17 40
2 86 67
1 71
0
2 76 22
1 50
4 21 41 4 28
4 26 60 32 48
1 63
1 54
2 65 78
2 19 61
1 66
2 44 57
5 60 31 40 19 66
2 55 42
7 40 24 26 23 52 29 22
2 77 41
2 36 82
1 80
4 67 72 40 48
4 32 52 31 61
3 31 53 66
1 34
0
2 14 40
3 68 45 11
4 89 88 31 46
3 52 61 37
3 34 49 63
2 17 55
1 51
2 45 59
4 78 39 12 79
3 78 39 87
3 7 66 86
2 84 46
4 37 77 43 49
1 69
2 58 39
3 74 59 78
1 79
5 68 41 72 38 85
1 69
3 38 72 83
2 40 38
8 12 36 50 41 44 62 48 84
1 73
3 64 53 41
3 69 50 54
1 45
3 84 47 42
4 46 49 20 61
4 26 41 54 38
1 50
3 31 56 53
1 37
3 31 50 66
2 37 97
2 68 43
1 35
4 55 54 15 52
2 59 68
3 47 31 53
3 70 41 39
1 56
2 86 70
0
4 22 54 64 61
3 36 19 26
1 54
4 63 15 32 75
4 56 17 31 69
3 39 98 76
4 78 56 58 41
4 62 90 15 49
3 52 53 65
2 71 49
0
1 6
5 67 24 32 27 7
2 42 66
4 17 54 49 41
1 85
3 48 65 98
2 62 67
3 78 42 77
3 56 53 48
2 43 61
4 63 80 78 42
2 54 18
5 39 64 14 36 51
2 67 36
3 42 71 89
1 71
0
4 43 39 58 47
1 39
3 59 52 72
4 42 61 75 57
2 32 87
2 37 53
5 49 92 69 66 79
3 52 82 34
3 29 75 59
4 56 39 58 67
2 49 44
0
3 78 76 87
1 34
3 28 53 59
2 3 70
3 50 57 28
3 54 45 69
1 20
4 63 37 50 20
2 61 67
1 23
4 59 45 19 51
2 53 26
0
0
0
3 42 73 14
3 72 31 45
2 43 39
1 16
2 41 66
3 36 62 70
3 52 27 52
1 24
3 79 33 71
2 40 42
1 66
1 73
4 37 41 65 92
3 64 58 54
1 48
1 75
3 58 21 50
3 12 49 59
4 81 38 48 64
2 73 81
3 56 53 62
2 79 86
1 52
4 71 60 75 62
3 55 60 68
3 43 83 58
6 44 26 51 74 75 36
5 82 41 48 34 49
2 44 53
1 54
1 41
2 43 62
0
1 62
3 71 64 51
4 86 61 64 29
1 73
3 70 56 50
3 24 54 61
2 74 59
4 32 60 22 50
3 49 38 69
4 72 54 79 55
4 66 35 61 61
3 64 42 62
2 41 31
4 33 38 20 27
3 38 45 68
4 53 49 49 33
2 47 56
4 31 22 65 28
0
1 51
3 61 27 60
2 64 56
2 2 50
2 33 42
4 80 65 74 76
3 53 31 60
2 79 79
1 39
4 21 26 61 8
3 37 56 20
3 50 43 49
1 45
4 55 46 75 54
3 51 26 47
5 25 50 38 37 47
4 44 61 71 46
1 38
2 46 71
2 64 35
1 39
1 31
0
3 48 50 26
3 7 19 67
4 58 50 47 70
2 53 33
3 32 82 58
2 60 62
2 46 53
2 63 45
3 40 16 76
1 34
1 32
1 77
2 87 15
0
2 10 42
3 61 39 46
2 35 70
4 49 72 31 75
0
2 66 33
2 56 85
3 18 30 70
1 49
2 75 38
0
4 15 41 66 35
3 62 35 33
2 41 54
5 46 46 69 84 43
2 46 17
4 58 47 44 75
4 48 64 39 43
4 70 38 60 33
2 40 58
4 27 43 48 67
1 45
5 75 23 87 74 52
4 72 71 65 50
1 57
7 56 57 55 14 46 100 26
2 55 58
2 62 70
1 78
2 69 23
4 5 48 34 63
3 30 15 57
1 53
0
3 47 39 38
3 57 56 61
1 73
3 46 9 68
1 47
0
2 41 62
2 38 58
1 75
2 66 57
1 7
2 25 41
2 33 92
5 57 86 52 58 50
2 25 54
7 29 44 92 21 41 56 34
3 19 53 86
1 34
1 30
4 57 36 48 46
0
4 30 29 22 65
4 30 76 61 66
2 52 54
0
6 62 94 54 62 35 44
1 1
2 84 49
1 29
3 47 45 70
3 31 57 21
3 52 52 70
1 51
5 62 74 50 68 37
3 60 69 55
1 65
1 41
5 66 24 57 61 36
0
3 65 70 69
1 67
2 9 63
2 27 65
0
2 38 51
5 36 39 40 46 52
2 63 61
0
3 35 55 40
3 8 63 51
2 27 52
2 63 70
4 75 58 78 62
5 49 30 32 27 61
0
3 28 63 28
2 87 62
4 69 48 63 26
3 34 20 31
1 57
1 56
3 68 76 55
3 59 61 15
3 23 73 57
0
4 40 56 35 44
5 67 55 64 44 35
0
3 35 63 25
0
6 55 48 61 47 36 33
2 12 44
3 58 8 70
0
1 40
3 46 74 26
1 45
2 57 22
2 38 36
2 17 48
2 43 58
4 14 40 38 27
7 9 51 63 48 70 51 49
1 45
2 39 60
3 56 55 67
2 96 27
4 35 48 24 48
3 38 88 96
1 45
2 28 16
2 60 56
5 34 26 27 48 23
1 51
3 31 72 15
4 37 91 36 48
3 73 68 60
1 64
1 51
2 39 36
1 35
3 12 62 34
1 44
0
1 84
2 42 48
2 35 77
0
3 53 26 63
1 76
4 67 50 58 69
4 68 56 47 42
1 33
3 55 55 60
1 22
2 11 39
5 60 52 24 23 64
4 81 19 16 65
3 23 54 58
2 65 49
4 49 49 48 41
3 61 26 52
3 57 43 78
4 51 32 41 58
0
2 39 51
7 44 26 7 68 17 42 52
0
4 42 35 68 36
2 69 58
2 53 38
0
6 53 49 71 49 66 54
0
0
2 16 70
1 61
3 66 80 35
1 42
1 47
4 57 52 34 61
2 84 65
4 64 35 81 50
4 54 26 42 61
2 59 44
5 77 47 27 35 58
2 59 46
0
2 30 66
1 36
5 45 54 64 54 65
1 26
1 57
0
2 73 39
0
3 37 27 81
1 56
1 67
1 45
2 47 93
1 14
2 33 49
5 65 2 57 28 34
4 45 41 32 28
6 27 37 25 46 37 52
2 33 34
2 34 49
2 12 59
4 32 31 57 76
1 56
6 63 57 64 56 58 96
2 30 42
0
3 69 55 9
1 67
3 35 70 72
4 50 50 10 40
6 65 81 35 82 26 69
5 56 34 50 50 75
2 63 59
2 70 43
4 41 2 65 30
0
1 18
1 36
0
4 76 34 82 54
3 29 9 50
0
1 38
2 57 36
2 69 51
2 69 68
1 34
4 74 70 29 15
0
0
1 32
3 43 74 17
1 24
2 53 68
3 57 36 45
3 39 26 29
3 55 69 47
3 69 41 48
3 48 33 10
4 73 80 15 56
0
2 46 48
1 45
3 50 38 42
4 17 39 67 53
8 44 3 56 51 45 57 40 36
3 40 45 56
1 64
2 63 34
3 63 60 79
2 50 53
0
1 43
0
0
3 74 75 71
2 13 58
2 29 76
1 30
0
3 48 44 10
0
3 66 93 46
1 34
1 60
1 26
1 61
4 57 53 28 62
0
2 85 55
3 41 59 54
5 82 58 45 75 45
4 28 58 64 64
1 42
1 40
3 53 28 77
6 43 56 77 35 10 64
1 55
4 31 48 41 25
2 0 36
3 59 55 61
2 31 66
3 62 33 55
2 71 46
2 31 67
4 33 49 49 25
2 58 69
2 39 55
4 50 28 42 36
1 73
0
1 39
1 35
0
2 77 49
1 19
6 81 38 46 29 54 80
5 21 41 77 60 74
0
1 15
3 15 35 40
2 39 56
2 73 70
3 48 54 73
3 30 62 64
2 44 15
2 87 56
3 55 63 49
2 43 56
3 59 14 49
3 55 28 63
1 10
2 41 67
2 41 44
6 85 37 32 40 37 20
1 65
2 59 54
0
2 66 50
2 28 17
1 57
0
1 85
1 18
1 60
3 54 62 53
3 66 91 47
1 68
2 76 31
1 59
2 55 39
3 24 28 19
3 23 62 51
2 38 23
2 1 45
0
4 59 79 36 29
4 49 28 40 63
0
2 45 76
1 38
2 53 20
1 55
3 47 84 59
4 57 17 55 37
0
1 56
4 68 92 64 40
2 52 80
2 71 31
3 70 43 26
3 49 45 51
2 74 74
2 27 38
4 32 44 43 58
1 33
3 22 24 51
1 89
4 58 35 82 51
2 46 68
4 46 58 81 54
0
1 59
0
2 63 37
1 79
3 86 55 59
1 53
2 62 37
1 16
2 40 56
0
2 39 56
0
2 72 52
1 19
2 36 75
2 49 33
2 21 48
3 36 39 27
2 76 65
2 20 76
5 43 62 46 36 26
3 33 39 42
1 41
2 32 57
5 63 97 18 50 72
4 94 50 48 98
4 63 69 26 53
2 34 36
2 28 55
0
1 37
3 29 15 70
2 22 76
1 92
1 31
5 60 35 45 60 55
1 71
1 75
3 22 67 38
1 46
3 62 32 22
1 70
2 24 45
2 69 49
1 37
2 78 43
2 59 75
3 50 58 47
3 38 55 76
1 83
2 81 11
1 65
2 62 41
1 34
4 53 64 61 87
3 27 47 20
4 55 59 56 79
2 23 54
2 59 60
0
1 81
3 71 52 52
0
1 60
3 63 69 45
1 32
1 28
2 35 53
2 43 56
1 38
2 75 29
0
5 14 4 61 48 41
4 56 74 37 43
2 76 54
2 9 46
3 35 39 62
2 39 37
2 50 65
2 53 17
2 32 41
0
1 44
2 43 59
3 78 12 63
3 49 13 39
2 73 37
2 80 30
1 68
0
1 46
2 31 38
1 37
2 54 45
1 44
2 33 48
2 42 26
0
1 37
2 47 71
4 65 44 85 15
1 36
2 40 55
4 77 45 30 43
3 63 55 29
1 33
1 50
0
3 45 23 61
1 98
1 76
2 44 9
4 69 24 70 20
1 58
0
3 50 17 24
3 40 52 41
2 22 28
4 49 49 46 81
3 35 18 62
2 67 52
2 29 32
0
1 45
1 48
1 56
1 58
3 70 48 34
3 75 73 32
1 54
1 68
1 63
3 38 37 71
2 43 65
1 28
1 65
6 55 40 27 50 43 62
3 85 24 25
0
2 31 46
2 48 39
2 57 37
0
0
3 25 62 52
1 18
3 32 44 51
5 37 48 46 61 57
1 58
1 84
0
2 54 54
1 41
1 25
1 43
1 37
2 63 30
2 41 33
4 62 40 31 44
2 26 40
0
4 36 81 64 32
2 55 44
5 79 9 62 26 67
2 64 66
1 53
1 47
4 58 64 62 38
2 42 64
2 12 63
1 69
0
4 54 74 46 52
1 85
1 32
0
2 85 60
1 88
4 55 52 53 62
1 22
2 37 84
4 56 76 11 36
2 39 47
3 45 74 39
2 53 38
1 78
1 67
2 50 34
2 79 59
1 28
2 37 41
1 70
1 48
0
2 70 84
1 70
1 62
1 40
1 70
1 45
3 65 8 64
2 56 40
2 20 35
0
0
2 40 26
3 40 46 12
2 39 65
2 65 85
0
2 26 38
2 42 23
1 36
1 19
1 54
3 53 62 18
2 61 54
2 25 50
0
0
2 74 36
1 39
5 52 43 46 19 81
1 26
4 79 41 80 56
1 76
3 49 43 19
2 57 40
0
2 38 93
3 48 72 79
1 56
3 33 51 64
1 53
2 53 53
1 31
2 68 50
1 52
3 25 32 73
2 71 87
1 48
1 64
0
1 65
3 49 66 75
2 3 20
2 49 65
1 47
0
1 54
2 47 73
0
3 79 59 30
1 67
1 22
4 34 60 58 65
5 57 66 29 37 41
2 46 63
2 22 73
0
2 34 41
2 43 27
1 36
2 40 52
0
0
2 55 62
2 20 55
3 48 39 40
0
2 47 52
2 63 71
3 61 58 67
3 40 30 34
2 44 53
2 80 59
3 70 67 49
1 52
2 72 24
1 47
2 37 52
0
0
3 27 47 37
5 18 61 6 20 40
0
2 52 39
2 52 73
1 73
2 46 65
0
2 80 48
1 30
0
1 31
2 74 52
4 66 39 70 69
0
2 70 74
0
2 13 49
1 48
2 56 98
1 38
1 56
1 86
3 75 47 80
0
3 46 52 58
1 82
0
0
1 67
1 22
1 36
2 72 53
2 45 67
4 29 20 60 44
1 78
1 38
1 49
0
0
1 31
3 55 38 41
2 28 31
1 49
0
0
3 58 31 49
1 78
0
2 42 28
2 30 62
2 50 53
3 40 53 46
1 63
2 39 32
0
1 67
1 41
2 26 73
3 56 54 18
2 39 30
0
2 66 42
4 16 50 43 63
3 36 68 53
1 52
1 49
1 67
1 35
2 45 72
1 48
1 48
0
5 13 64 34 56 50
1 30
4 55 33 47 44
2 44 69
2 40 87
0
2 44 18
0
2 48 40
0
3 57 45 42
2 50 42
0
3 50 70 77
3 61 44 16
0
1 54
2 43 94
1 72
1 71
1 26
2 43 72
1 48
3 27 48 79
0
0
1 52
1 38
0
3 51 66 51
3 37 50 52
0
1 73
2 74 40
2 62 49
2 18 80
1 47
1 54
2 60 32
0
0
1 42
4 43 30 33 48
0
1 58
3 40 55 51
1 60
2 52 28
1 62
0
0
1 29
0
2 74 23
2 81 40
1 75
1 61
1 64
1 44
0
3 45 58 27
1 52
1 89
1 53
2 44 71
2 33 48
0
2 36 36
1 77
2 76 53
0
2 62 39
1 69
4 65 54 5 52
3 59 62 31
0
1 28
2 59 48
1 20
2 44 41
1 29
0
1 57
1 48
0
5 54 47 32 87 74
1 77
2 16 52
0
1 43
0
1 18
1 49
1 45
0
1 35
2 68 30
2 72 24
2 88 41
1 53
0
1 6
2 55 25
1 50
0
2 31 82
2 26 37
2 62 28
0
0
0
1 60
0
1 50
3 47 53 83
3 51 63 51
1 69
2 72 29
1 41
2 14 44
0
3 87 29 64
2 36 42
0
2 34 46
3 57 71 84
1 36
1 66
3 54 46 65
2 20 46
2 61 45
0
2 38 74
0
2 66 46
4 65 40 19 65
0
1 36
1 47
1 85
1 60
1 34
2 46 54
0
1 63
3 59 56 38
0
2 74 43
1 84
0
1 59
1 76
0
1 9
1 62
2 41 19
0
0
5 33 40 61 81 86
0
0
1 43
3 81 35 41
0
1 55
1 51
0
2 29 56
2 69 56
0
2 11 69
0
2 51 32
1 89
0
0
1 52
1 49
1 61
0
4 27 44 52 45
3 54 72 64
0
1 55
1 92
1 40
1 43
3 28 65 28
1 92
2 53 58
0
1 80
1 57
1 67
1 62
0
1 28
1 60
1 77
1 57
1 74
2 37 45
3 84 70 44
0
0
1 26
0
0
1 68
2 56 61
1 59
0
0
3 59 25 11
1 43
1 64
1 87
0
2 60 56
3 28 42 42
2 50 55
2 23 78
1 58
2 44 72
1 78
1 63
0
4 38 61 30 34
0
3 79 80 61
1 53
0
1 9
1 48
0
1 66
1 81
0
1 42
1 36
0
2 43 36
0
2 42 37
1 21
0
0
1 61
0
0
3 35 65 53
1 58
2 48 74
1 45
0
0
1 24
0
1 33
1 48
1 69
1 54
4 10 87 43 56
1 48
2 21 40
3 41 75 59
2 46 68
0
1 48
0
0
0
1 50
0
0
1 34
1 44
0
1 52
1 34
0
1 68
1 57
0
2 27 37
1 40
0
1 52
0
0
3 48 57 34
4 29 28 43 21
0
3 43 33 60
2 31 57
1 68
1 62
0
0
1 34
1 48
4 25 63 18 32
0
1 30
0
1 60
2 45 47
1 80
1 55
2 44 99
0
0
0
2 65 30
0
2 62 64
0
0
0
0
1 10
1 49
0
2 74 29
0
2 29 60
1 39
0
2 11 31
2 45 51
0
1 45
2 60 35
1 58
1 47
1 54
1 80
0
1 40
1 64
2 68 46
1 74
1 64
0
0
1 50
1 21
1 64
2 23 49
1 47
1 12
2 38 47
2 29 90
1 45
1 39
1 88
1 57
0
0
1 49
3 40 23 69
2 48 27
0
0
0
2 56 28
1 48
0
0
1 57
2 35 78
0
2 94 65
1 65
0
0
1 41
0
0
2 75 68
0
1 43
1 41
0
3 51 40 37
0
1 60
2 28 53
1 35
1 63
0
1 26
1 54
0
1 60
0
0
2 47 66
0
2 43 53
1 59
2 31 61
1 41
1 25
0
3 49 16 30
1 67
0
1 23
0
0
0
2 35 51
0
0
2 49 31
0
1 22
0
0
0
0
1 73
2 58 68
1 57
0
0
1 24
1 42
0
0
0
1 58
2 42 77
0
0
1 36
1 54
4 73 45 39 17
2 57 23
0
0
1 67
0
2 63 23
1 43
1 77
0
0
0
0
1 62
1 46
1 37
0
0
2 27 41
0
0
0
1 52
1 54
0
2 64 37
2 33 65
1 37
2 59 49
1 63
1 69
0
0
0
1 34
2 26 54
1 36
1 45
0
0
2 30 68
2 62 60
2 80 53
2 65 53
0
1 57
0
0
0
1 49
0
0
2 38 29
1 40
0
1 42
0
0
0
1 63
2 69 68
0
0
0
1 36
1 30
1 7
1 46
1 25
1 23
0
0
2 34 66
0
0
1 67
1 52
0
0
2 53 42
1 26
0
0
0
1 25
1 44
0
0
0
0
0
4 19 62 55 54
1 14
1 55
1 55
1 62
0
1 47
0
0
0
0
1 66
1 44
1 22
1 43
0
1 30
0
0
0
0
0
0
0
0
1 48
2 71 42
2 41 66
3 46 44 29
0
1 28
0
1 50
0
1 35
1 68
3 42 77 37
0
2 56 76
0
1 82
0
1 33
0
0
0
2 64 36
0
1 88
2 12 45
0
0
0
1 58
0
1 53
0
0
0
1 52
0
1 43
1 58
0
0
1 49
1 68
1 18
0
2 40 69
1 27
0
0
0
2 42 27
1 59
1 27
0
0
0
1 29
0
0
0
0
0
0
2 13 52
1 48
1 10
2 89 67
2 72 72
1 71
0
0
0
1 26
1 57
1 51
1 45
1 40
2 40 59
0
0
1 84
0
1 29
0
1 34
2 59 49
1 9
1 55
0
0
0
0
0
3 33 69 63
0
0
1 55
1 49
0
0
1 77
0
0
1 51
0
0
0
1 43
0
1 59
0
0
0
0
1 45
0
1 66
0
2 34 52
1 41
0
0
1 62
2 67 29
0
2 71 31
2 70 34
1 45
0
0
0
0
0
1 27
1 47
0
0
0
1 34
0
0
0
1 43
1 42
0
2 51 60
0
0
0
1 62
1 55
0
1 22
1 32
0
0
1 52
0
0
0
0
0
1 26
0
0
0
2 69 42
0
0
3 73 74 59
1 55
0
0
1 70
0
0
0
0
1 53
0
0
0
0
1 20
1 61
0
0
0
1 53
0
3 54 60 24
1 36
0
0
1 66
0
1 57
2 75 27
0
0
0
0
0
1 35
4 77 45 12 53
1 64
0
0
3 65 48 68
0
0
1 30
1 14
1 26
1 61
0
1 24
0
0
1 49
0
0
0
0
0
1 20
0
0
1 56
1 29
0
0
0
1 42
2 95 0
0
1 32
0
1 46
0
0
1 64
0
0
1 32
2 55 80
2 55 66
0
0
1 78
0
0
0
1 67
0
0
1 53
0
0
1 50
1 16
1 45
0
0
0
0
1 41
2 48 23
0
0
1 89
0
0
4 27 46 74 21
0
0
0
0
3 58 62 30
0
1 31
0
1 71
0
0
0
0
1 54
0
1 43
0
0
1 39
1 25
0
0
2 39 60
1 67
1 49
0
1 88
0
0
0
3 52 80 7
0
0
0
0
0
1 19
0
0
1 53
1 20
0
0
0
2 15 31
0
0
0
1 46
0
0
0
1 51
0
0
1 37
0
0
1 46
0
0
1 78
1 52
1 60
0
0
0
0
0
1 36
0
0
2 27 38
0
0
0
0
0
2 52 6
1 21
3 63 35 56
0
0
2 83 54
0
1 38
1 48
1 81
2 44 44
1 31
1 66
0
1 44
1 36
0
0
0
2 11 79
0
1 36
0
0
0
1 55
0
0
0
0
1 83
1 8
1 48
1 61
1 27
0
0
0
2 46 55
0
0
0
0
0
1 48
0
0
0
2 51 72
0
2 25 34
0
1 71
0
1 48
1 48
1 87
0
1 22
1 38
0
1 24
0
0
1 86
0
0
0
0
1 28
1 62
1 46
0
0
0
0
1 42
0
0
0
0
1 86
1 57
2 56 74
0
0
0
0
0
2 63 59
0
1 66
0
0
0
2 37 48
2 76 30
0
0
1 54
0
0
2 64 36
0
2 39 58
1 55
1 37
0
0
0
2 51 47
0
0
0
1 68
0
1 81
1 60
1 75
0
0
1 67
0
0
3 55 53 92
0
0
1 60
0
1 40
0
0
0
0
1 60
0
1 67
0
3 37 70 38
2 56 55
0
0
0
0
0
0
1 43
0
0
0
0
1 38
0
0
2 57 18
0
0
0
0
2 51 93
0
0
0
0
1 87
1 56
1 48
0
1 43
0
0
0
2 51 56
0
0
1 73
0
2 38 58
1 45
3 62 12 51
0
0
1 56
0
1 29
1 43
0
1 41
0
1 21
0
0
0
0
1 70
0
1 4
0
0
1 55
0
0
0
0
1 64
1 64
2 51 45
2 62 57
0
0
2 46 61
2 55 51
1 61
0
0
0
0
0
0
1 26
1 31
2 83 74
0
1 51
1 38
2 66 44
1 28
1 61
0
1 57
0
0
1 50
0
1 63
0
1 64
2 67 60
0
0
0
1 71
0
0
0
1 74
0
0
0
3 63 55 46
1 56
1 63
1 77
0
2 44 71
2 38 49
2 42 69
0
0
1 47
2 57 8
0
2 53 46
0
1 38
0
0
1 32
0
1 41
0
0
0
0
1 61
1 46
1 43
0
1 74
1 65
0
1 93
0
0
1 31
1 24
1 47
1 82
3 20 35 40
3 29 46 10
1 63
0
1 15
0
0
0
2 37 45
2 62 21
0
0
0
0
0
1 45
0
1 72
0
0
1 100
0
0
0
0
2 57 77
0
0
2 18 43
1 45
0
0
0
1 66
1 43
2 65 37
0
0
0
2 70 44
0
2 27 53
0
0
0
0
0
0
1 29
1 74
1 65
2 49 34
0
0
1 64
0
1 79
1 49
1 48
3 76 43 24
0
0
1 53
1 96
1 62
2 52 50
1 59
2 54 38
1 60
0
0
2 39 37
0
1 38
0
1 60
0
0
1 48
1 64
0
0
0
0
1 62
0
0
0
1 80
0
0
4 10 39 66 59
0
0
0
0
1 59
2 30 68
0
2 58 40
2 53 83
0
1 81
1 81
1 61
2 51 92
2 68 60
0
3 47 45 35
0
2 81 54
1 25
1 39
1 55
0
0
0
2 35 75
0
2 58 69
2 42 54
0
1 17
0
0
0
1 52
0
0
3 87 27 53
1 63
0
1 25
0
0
1 58
1 80
1 33
0
0
1 57
1 43
1 61
3 66 25 55
0
2 42 28
0
1 76
1 65
2 75 61
1 62
0
0
1 58
0
1 58
1 36
1 40
0
0
1 75
0
0
2 31 49
0
2 56 53
0
3 66 47 65
2 47 56
1 50
1 28
1 43
0
2 75 32
1 37
1 32
0
0
2 73 49
1 87
0
1 58
0
0
2 47 58
0
1 22
1 20
2 24 32
2 51 59
2 72 76
3 74 64 49
0
2 68 29
0
1 83
0
1 50
1 38
1 34
2 47 0
0
0
0
0
2 37 62
0
2 26 95
1 60
0
0
1 63
2 58 57
2 45 23
0
0
0
0
0
0
1 67
2 78 60
0
2 33 69
0
1 54
0
1 64
1 73
0
2 63 70
2 48 22
1 45
0
0
1 46
1 48
1 19
1 68
2 79 67
1 59
1 13
2 95 53
2 53 43
1 50
1 50
0
1 29
3 39 74 64
1 38
0
0
1 57
2 70 74
2 77 65
1 89
0
0
1 66
0
2 29 68
1 47
2 36 55
0
0
1 70
0
1 56
1 41
2 48 65
1 30
2 40 67
0
0
1 16
0
2 54 79
3 51 91 72
1 27
0
3 66 62 69
0
0
1 74
2 40 17
0
1 61
2 58 69
1 54
0
1 54
1 55
1 52
1 53
0
1 50
1 74
1 82
1 44
1 51
2 55 45
3 42 100 35
1 26
0
1 10
1 55
1 35
1 21
1 29
0
0
2 54 60
2 79 33
2 48 70
1 63
0
0
1 27
4 69 53 67 66
0
1 71
2 57 68
1 58
2 60 26
0
0
3 50 59 7
0
1 21
4 17 36 85 48
0
1 52
3 86 74 12
4 31 20 66 58
0
1 22
0
2 10 64
2 23 39
1 38
0
0
0
2 32 23
0
3 55 13 13
2 63 32
1 57
2 40 67
1 45
0
0
1 66
1 37
2 97 28
1 60
1 58
0
1 96
1 35
0
1 86
0
0
0
1 66
0
3 55 62 55
1 52
1 69
1 49
0
2 50 39
1 48
2 56 33
1 46
3 48 43 95
0
3 44 45 73
1 45
2 52 44
2 38 80
0
2 46 51
1 22
3 67 91 89
0
0
3 63 73 68
2 64 59
0
1 45
2 29 60
0
0
3 74 42 32
1 55
3 76 48 86
1 45
2 51 68
2 4 59
1 32
2 46 62
0
0
1 44
0
1 47
2 41 57
0
1 51
1 64
2 29 56
2 31 14
4 74 52 40 76
0
2 41 46
2 44 28
0
0
0
0
1 18
0
0
1 50
1 75
6 73 26 83 21 49 62
1 57
0
1 28
0
1 77
2 77 40
3 90 49 41
1 47
1 73
0
1 55
0
0
3 44 58 30
1 62
2 58 34
4 43 73 25 51
1 77
3 42 23 80
3 55 47 62
0
1 71
0
1 51
0
2 65 23
1 30
1 64
3 58 50 15
1 28
0
1 47
2 58 62
0
1 63
2 40 41
1 72
2 52 45
1 52
2 36 25
1 60
1 33
1 31
1 52
1 75
3 32 55 14
1 77
0
2 52 66
1 40
1 56
5 62 51 48 35 76
1 62
0
0
2 27 58
2 49 31
1 48
2 15 47
3 74 65 20
1 96
0
2 57 9
0
0
0
1 37
1 44
1 41
1 39
1 78
3 49 52 60
2 28 55
2 18 27
1 61
1 13
3 91 39 58
0
3 68 42 41
0
1 49
2 40 45
3 82 43 52
2 47 21
1 46
4 69 55 49 36
2 64 43
1 58
1 51
2 44 54
3 75 53 61
4 61 40 60 65
1 36
1 77
1 44
2 58 57
3 28 22 35
0
1 77
4 34 0 73 65
0
0
2 54 23
0
1 61
2 38 64
0
0
3 49 45 66
2 71 63
1 63
0
2 39 34
1 62
0
1 20
2 58 64
2 28 42
1 33
1 55
1 52
1 66
1 65
2 37 24
3 56 56 23
0
1 57
1 46
2 65 22
2 6 55
1 54
0
0
1 66
4 26 66 36 54
3 43 59 71
0
1 75
3 59 22 66
1 32
1 71
0
1 32
4 46 27 46 42
1 25
2 53 57
3 82 49 20
1 60
2 56 77
1 64
3 53 38 9
0
1 67
1 33
1 82
1 40
0
1 36
2 58 31
1 49
2 36 58
1 16
2 61 45
4 72 59 38 46
2 69 62
2 35 60
1 69
1 95
3 47 84 66
0
0
1 60
2 58 17
4 42 54 49 88
3 30 42 46
0
1 19
1 25
2 44 63
2 88 27
1 36
2 30 48
0
0
1 23
1 36
4 57 67 69 74
0
3 29 48 44
1 70
2 63 22
1 30
5 82 59 89 43 23
2 49 60
2 63 45
0
1 46
1 19
5 67 81 19 34 18
3 53 40 17
2 34 60
4 80 5 73 59
2 44 58
0
1 67
2 15 44
0
2 25 71
0
1 71
4 44 34 22 44
1 65
3 55 47 46
3 53 38 71
2 63 36
0
0
2 51 52
2 30 62
2 62 68
2 57 56
3 46 57 33
2 46 63
0
1 46
1 94
3 75 49 37
1 68
1 49
2 58 87
2 71 56
2 49 76
2 50 47
1 55
2 52 44
1 56
2 63 59
0
0
2 25 30
0
4 26 74 58 59
1 45
3 51 45 36
2 69 35
3 47 62 85
1 72
0
3 35 67 38
4 56 70 61 28
0
1 11
7 35 52 21 52 29 9 45
1 37
0
1 66
0
2 74 37
2 31 41
1 68
2 31 42
4 34 69 48 27
0
2 84 43
2 54 40
0
2 21 83
1 33
2 85 73
1 28
2 39 18
0
2 47 32
1 24
1 71
1 57
1 85
2 52 44
4 35 79 84 42
3 25 70 46
0
2 98 70
2 35 33
1 63
4 47 28 25 51
2 36 43
6 51 3 62 47 63 29
3 44 64 63
2 60 81
7 49 42 57 58 28 44 51
0
4 94 55 33 63
0
0
1 63
0
3 46 51 48
1 69
1 68
0
0
1 81
2 83 59
1 57
4 41 62 29 34
4 52 57 64 52
0
2 58 17
0
1 49
3 37 31 55
3 35 49 36
4 51 60 29 66
1 76
1 94
3 82 60 61
3 70 61 24
2 23 29
2 63 23
3 90 16 69
2 61 81
1 40
1 45
1 34
1 81
1 40
1 78
1 24
1 51
1 46
2 39 76
0
3 31 45 5
1 56
2 61 27
3 44 75 65
0
0
3 60 33 30
4 65 42 51 29
3 22 63 42
1 77
3 41 54 5
0
1 67
2 49 54
2 39 62
4 62 41 40 48
1 38
2 43 74
1 63
1 58
1 54
2 62 79
3 48 90 5
1 19
3 38 80 37
2 58 52
1 30
3 50 15 59
3 41 53 89
1 65
1 30
2 43 68
3 31 72 30
1 31
0
2 60 54
2 61 37
2 79 38
1 56
2 19 63
0
4 26 63 21 40
0
1 72
2 57 46
2 52 37
2 69 5
2 23 43
1 69
0
3 99 63 35
1 67
5 23 86 18 13 53
0
5 27 29 61 19 61
1 66
3 47 61 68
5 19 36 46 38 42
5 52 49 40 55 49
2 65 54
3 54 44 52
2 14 37
1 32
1 48
2 35 70
0
2 67 66
4 27 58 64 59
1 73
0
2 77 13
0
0
2 24 67
6 78 70 43 53 88 47
3 56 47 68
2 37 12
1 17
0
3 50 68 33
1 50
1 53
1 44
2 61 38
2 60 38
1 46
2 31 29
2 69 42
1 47
2 67 72
1 42
2 55 39
3 84 56 42
0
0
8 52 34 46 54 32 51 35 9
2 60 62
3 50 67 76
4 67 41 19 54
1 47
2 83 61
1 39
2 66 39
2 24 51
1 50
1 52
6 51 37 48 65 55 68
0
1 64
2 60 69
3 82 35 72
4 47 53 83 47
1 27
3 57 33 71
3 77 39 24
3 60 87 34
1 61
2 69 55
1 55
0
2 35 90
0
4 38 59 12 76
3 22 43 28
2 36 59
2 78 60
4 74 35 55 41
3 48 52 67
1 33
1 56
1 54
1 49
5 74 73 62 67 83
3 29 73 31
1 86
3 95 8 26
4 22 74 59 64
0
2 20 55
1 64
0
2 71 47
1 46
1 20
5 17 32 44 51 29
3 37 48 48
0
5 72 89 47 56 59
3 36 39 41
5 89 20 49 54 51
2 34 47
0
0
1 54
3 64 70 49
3 73 63 60
0
3 87 71 44
1 63
0
3 53 38 33
0
3 17 57 5
3 7 18 89
2 65 65
1 23
1 41
1 26
3 46 52 51
2 58 58
3 53 35 44
2 10 30
2 55 31
3 69 92 51
3 38 80 44
0
1 33
1 49
1 14
1 37
1 29
3 66 42 55
0
5 47 53 74 59 50
4 76 40 38 61
5 65 31 39 34 53
1 77
1 10
2 61 55
3 57 19 57
2 35 34
1 57
6 40 29 38 69 50 39
4 53 33 86 28
5 55 54 38 20 38
4 54 46 77 61
0
1 34
1 70
2 19 65
2 57 27
2 24 68
3 19 64 62
6 68 38 55 40 21 47
1 63
1 87
2 43 32
3 77 45 44
1 51
1 29
1 58
0
4 39 61 18 70
0
0
2 47 73
6 53 54 43 75 1 68
1 31
1 36
2 41 31
0
1 41
3 60 28 24
2 74 45
2 44 52
3 54 40 27
2 71 91
0
2 77 47
2 74 21
2 12 45
3 21 63 48
0
5 56 12 35 43 83
4 54 67 45 50
3 19 63 44
0
2 50 4
2 18 24
0
1 20
0
3 50 69 80
6 55 2 39 30 35 63
3 31 68 43
2 83 65
4 16 43 5 36
1 52
2 18 32
0
2 40 10
1 25
3 12 42 56
1 16
5 25 88 73 15 15
1 71
6 45 62 75 44 14 27
2 46 14
6 91 21 77 58 17 45
3 65 48 63
2 64 26
3 58 28 71
3 91 5 62
4 19 48 49 63
3 36 34 73
1 13
1 51
3 70 22 63
3 84 48 46
